6.6522e-12 8.5086e-12 0.00056211 0.00056211
3.3261e-12 1.2763e-11 0.0011242 0.0011242
0.00044475 0.00056886 0.0016863 0.0011175
0.0006137 0.0013538 0.0022485 0.00089463
0.00065792 0.0021954 0.0028106 0.00061521
7.6571e-08 0.0021955 0.0033727 0.0011772
7.2767e-08 0.0021955 0.0039348 0.0017393
3.7365e-08 0.0021956 0.0044969 0.0023013
0.00035386 0.0026482 0.005059 0.0024108
0.00072171 0.0035713 0.0056211 0.0020498
0.001164 0.0050602 0.0061832 0.0011231
0.0013349 0.0067676 0.0067454 2.2224e-05
0.00076438 0.0077453 0.0073075 0.0004378
0.00051789 0.0084077 0.0078696 0.00053809
0.00010797 0.0085458 0.0084317 0.00011408
7.5252e-05 0.008642 0.0089938 0.00035178
0.00031431 0.0090441 0.0095559 0.00051187
0.00066078 0.0098892 0.010118 0.00022881
0.00010901 0.010029 0.01068 0.00065149
0.00065368 0.010865 0.011242 0.0003775
0.00041275 0.011393 0.011804 0.00041168
0.00071228 0.012304 0.012366 6.2741e-05
0.0016899 0.014465 0.012929 0.0015366
9.031e-09 0.014465 0.013491 0.0009745
0.00068621 0.015343 0.014053 0.0012901
0.00039561 0.015849 0.014615 0.001234
0.00084612 0.016931 0.015177 0.0017541
0.001389 0.018708 0.015739 0.0029686
0.00061267 0.019491 0.016301 0.0031901
7.5537e-09 0.019491 0.016863 0.002628
0.00053948 0.020181 0.017426 0.0027559
0.00060696 0.020958 0.017988 0.0029702
0.00052567 0.02163 0.01855 0.0030804
0.0020473 0.024249 0.019112 0.005137
0.0010961 0.025651 0.019674 0.0059769
0.0004282 0.026199 0.020236 0.0059624
0.00094679 0.02741 0.020798 0.0066113
0.00087327 0.028527 0.02136 0.0071662
4.0924e-12 0.028527 0.021922 0.0066041
1.9385e-07 0.028527 0.022485 0.0060422
3.0196e-08 0.028527 0.023047 0.0054801
0.00036205 0.02899 0.023609 0.0053811
0.00071304 0.029902 0.024171 0.005731
0.00045643 0.030486 0.024733 0.0057527
0.0011534 0.031961 0.025295 0.0066659
0.00015565 0.03216 0.025857 0.0063028
0.0009653 0.033395 0.026419 0.0069754
0.00075857 0.034365 0.026981 0.0073836
0.00053494 0.035049 0.027544 0.0075057
0.00028127 0.035409 0.028106 0.0073033
0.0018819 0.037816 0.028668 0.0091483
0.00014894 0.038007 0.02923 0.0087767
0.00082029 0.039056 0.029792 0.0092637
0.0010029 0.040339 0.030354 0.0099844
9.9442e-08 0.040339 0.030916 0.0094224
0.00017916 0.040568 0.031478 0.0090895
4.2168e-05 0.040622 0.03204 0.0085813
0.00013194 0.040791 0.032603 0.0081879
0.00026082 0.041124 0.033165 0.0079594
0.0003329 0.04155 0.033727 0.0078231
0.00060117 0.042319 0.034289 0.0080299
0.00090331 0.043474 0.034851 0.0086232
0.00042991 0.044024 0.035413 0.008611
0.0012451 0.045617 0.035975 0.0096414
0.00021898 0.045897 0.036537 0.0093594
0.00050497 0.046543 0.037099 0.0094432
9.0032e-08 0.046543 0.037662 0.0088812
0.0014749 0.048429 0.038224 0.010206
8.6963e-05 0.048541 0.038786 0.0097547
9.0309e-08 0.048541 0.039348 0.0091927
0.0010147 0.049839 0.03991 0.0099285
0.00089215 0.05098 0.040472 0.010508
0.00056224 0.051699 0.041034 0.010665
0.00030374 0.052087 0.041596 0.010491
0.0010033 0.053371 0.042159 0.011212
0.0003421 0.053808 0.042721 0.011088
0.00017582 0.054033 0.043283 0.01075
8.3379e-05 0.05414 0.043845 0.010295
0.00044836 0.054713 0.044407 0.010306
0.00017916 0.054942 0.044969 0.0099733
0.00017582 0.055167 0.045531 0.009636
0.00015156 0.055361 0.046093 0.0092678
0.0002699 0.055706 0.046655 0.0090509
0.00018267 0.05594 0.047218 0.0087224
4.7008e-05 0.056 0.04778 0.0082204
0.0082992 0.066615 0.048342 0.018274
0.00018267 0.066849 0.048904 0.017945
8.9954e-05 0.066964 0.049466 0.017498
4.4865e-06 0.06697 0.050028 0.016942
1.179e-05 0.066985 0.05059 0.016395
4.5406e-06 0.066991 0.051152 0.015838
0.00010152 0.06712 0.051714 0.015406
0.00021783 0.067399 0.052277 0.015123
0.00010812 0.067537 0.052839 0.014699
4.3819e-05 0.067593 0.053401 0.014193
2.3792e-05 0.067624 0.053963 0.013661
2.0402e-05 0.06765 0.054525 0.013125
2.1827e-06 0.067653 0.055087 0.012566
2.7316e-06 0.067656 0.055649 0.012007
3.5838e-05 0.067702 0.056211 0.011491
1.3424e-05 0.067719 0.056773 0.010946
6.8348e-06 0.067728 0.057336 0.010392
6.7605e-06 0.067737 0.057898 0.009839
2.7381e-06 0.06774 0.05846 0.0092803
1.0459e-05 0.067754 0.059022 0.0087316
3.32e-05 0.067796 0.059584 0.008212
1.368e-06 0.067798 0.060146 0.0076516
1.3676e-06 0.067799 0.060708 0.0070912
0.00027673 0.068153 0.06127 0.0068831
5.9922e-05 0.06823 0.061832 0.0063976
4.252e-05 0.068284 0.062395 0.0058899
0.00016726 0.068498 0.062957 0.0055417
4.5583e-07 0.068499 0.063519 0.0049802
1.0483e-10 0.068499 0.064081 0.0044181
4.0671e-06 0.068504 0.064643 0.0038611
4.0555e-06 0.068509 0.065205 0.0033042
2.7346e-06 0.068513 0.065767 0.0027456
1.3676e-06 0.068515 0.066329 0.0021852
1.368e-06 0.068516 0.066892 0.0016249
1.5275e-05 0.068536 0.067454 0.0010823
0.00011537 0.068683 0.068016 0.00066775
8.8484e-05 0.068797 0.068578 0.00021882
0.00026717 0.069138 0.06914 1.576e-06
7.2067e-05 0.069231 0.069702 0.00047151
5.7788e-08 0.069231 0.070264 0.0010336
4.5171e-09 0.069231 0.070826 0.0015957
0.0010047 0.070516 0.071388 0.00087272
5.7788e-08 0.070516 0.071951 0.0014348
0.00061888 0.071307 0.072513 0.0012053
0.00061888 0.072099 0.073075 0.00097581
0.0006137 0.072884 0.073637 0.00075296
4.1045e-06 0.072889 0.074199 0.0013098
4.5583e-07 0.07289 0.074761 0.0018714
4.3439e-07 0.07289 0.075323 0.0024329
2.6975e-05 0.072925 0.075885 0.0029605
1.9049e-10 0.072925 0.076447 0.0035226
3.5612e-09 0.072925 0.07701 0.0040847
1.7451e-05 0.072947 0.077572 0.0046245
5.1244e-05 0.073013 0.078134 0.0051211
4.3321e-09 0.073013 0.078696 0.0056832
4.1165e-06 0.073018 0.079258 0.0062401
0.00031104 0.073416 0.07982 0.0064043
8.0411e-10 0.073416 0.080382 0.0069665
0.0001039 0.073549 0.080944 0.0073957
6.6466e-05 0.073634 0.081506 0.0078728
1.5499e-05 0.073654 0.082069 0.0084151
7.8255e-05 0.073754 0.082631 0.0088771
7.1187e-05 0.073845 0.083193 0.0093481
5.0467e-05 0.073909 0.083755 0.0098457
5.6975e-05 0.073982 0.084317 0.010335
0.00089054 0.075121 0.084879 0.009758
0.00014734 0.07531 0.085441 0.010132
0.00021221 0.075581 0.086003 0.010422
0.00056815 0.076308 0.086565 0.010258
0.0001423 0.07649 0.087128 0.010638
2.3279e-05 0.07652 0.08769 0.01117
0.00011114 0.076662 0.088252 0.01159
2.7354e-06 0.076665 0.088814 0.012149
4.0671e-06 0.07667 0.089376 0.012706
3.1952e-05 0.076711 0.089938 0.013227
4.1178e-06 0.076717 0.0905 0.013784
1.9124e-05 0.076741 0.091062 0.014321
3.7051e-05 0.076788 0.091625 0.014836
3.808e-05 0.076837 0.092187 0.01535
1.3684e-06 0.076839 0.092749 0.01591
1.368e-06 0.076841 0.093311 0.01647
2.4742e-09 0.076841 0.093873 0.017032
2.0934e-09 0.076841 0.094435 0.017594
0.00059444 0.077601 0.094997 0.017396
0.00019075 0.077845 0.095559 0.017714
0.00043987 0.078408 0.096121 0.017714
0.00017293 0.078629 0.096684 0.018055
0.001281 0.080267 0.097246 0.016978
1.3676e-06 0.080269 0.097808 0.017539
4.1076e-06 0.080274 0.09837 0.018096
6.7866e-07 0.080275 0.098932 0.018657
2.739e-06 0.080279 0.099494 0.019216
3.6417e-05 0.080325 0.10006 0.019731
6.7922e-06 0.080334 0.10062 0.020284
6.9117e-06 0.080343 0.10118 0.020838
1.6404e-10 0.080343 0.10174 0.0214
1.3676e-06 0.080344 0.1023 0.02196
2.5991e-10 0.080344 0.10287 0.022522
2.7316e-06 0.080348 0.10343 0.023081
0.0007186 0.081267 0.10399 0.022724
0.00021755 0.081545 0.10455 0.023008
0.00012658 0.081707 0.10512 0.023408
0.00012833 0.081871 0.10568 0.023806
4.4308e-08 0.081871 0.10624 0.024368
7.5836e-08 0.081872 0.1068 0.02493
3.6317e-08 0.081872 0.10736 0.025492
0.0012958 0.083529 0.10793 0.024397
0.00010266 0.08366 0.10849 0.024828
7.0156e-05 0.08375 0.10905 0.0253
0.00056202 0.084469 0.10961 0.025143
0.00081816 0.085515 0.11017 0.024659
0.0014006 0.087307 0.11074 0.02343
0.0010102 0.088599 0.1113 0.0227
0.0018544 0.090971 0.11186 0.02089
0.00044896 0.091545 0.11242 0.020878
0.00050117 0.092186 0.11298 0.020799
0.00048497 0.092806 0.11355 0.020741
0.00019332 0.093054 0.11411 0.021055
3.1508e-08 0.093054 0.11467 0.021617
0.00042853 0.093602 0.11523 0.021631
7.0837e-08 0.093602 0.1158 0.022193
0.00031191 0.094001 0.11636 0.022357
0.0008017 0.095026 0.11692 0.021893
0.0013188 0.096713 0.11748 0.020769
0.00043058 0.097264 0.11804 0.02078
0.00078044 0.098262 0.11861 0.020344
6.8e-08 0.098262 0.11917 0.020906
1.02e-07 0.098262 0.11973 0.021468
5.6257e-05 0.098334 0.12029 0.021958
3.0555e-05 0.098373 0.12085 0.022481
9.2389e-08 0.098373 0.12142 0.023043
0.001292 0.10003 0.12198 0.021953
9.0309e-08 0.10003 0.12254 0.022515
0.0036034 0.10464 0.1231 0.018468
1.3039e-07 0.10464 0.12366 0.01903
0.002088 0.10731 0.12423 0.016921
0.00014536 0.10749 0.12479 0.017297
1.7348e-07 0.10749 0.12535 0.017859
9.021e-08 0.10749 0.12591 0.018421
9.021e-08 0.10749 0.12648 0.018983
0.0030848 0.11144 0.12704 0.0156
0.00036121 0.1119 0.1276 0.0157
7.2582e-08 0.1119 0.12816 0.016262
0.00014535 0.11209 0.12872 0.016638
0.0010728 0.11346 0.12929 0.015828
0.00024063 0.11377 0.12985 0.016082
0.00029395 0.11414 0.13041 0.016268
0.00044878 0.11472 0.13097 0.016256
0.00014533 0.1149 0.13153 0.016633
9.5718e-08 0.1149 0.1321 0.017195
5.7923e-08 0.1149 0.13266 0.017757
1.9796e-08 0.1149 0.13322 0.018319
1.5368e-07 0.1149 0.13378 0.018881
1.06e-08 0.1149 0.13435 0.019443
2.9885e-08 0.1149 0.13491 0.020005
1.4778e-08 0.1149 0.13547 0.020567
1.934e-08 0.1149 0.13603 0.021129
6.5614e-05 0.11499 0.13659 0.021607
0.00067383 0.11585 0.13716 0.021307
5.7923e-08 0.11585 0.13772 0.02187
0.0011909 0.11737 0.13828 0.020908
0.0020974 0.12005 0.13884 0.018788
0.0020557 0.12268 0.1394 0.016721
9.1867e-13 0.12268 0.13997 0.017283
7.2768e-08 0.12268 0.14053 0.017845
1.6914e-07 0.12268 0.14109 0.018407
0.0010729 0.12406 0.14165 0.017596
4.9693e-08 0.12406 0.14221 0.018158
0.00048388 0.12468 0.14278 0.018102
7.2582e-08 0.12468 0.14334 0.018664
0.00077394 0.12567 0.1439 0.018236
0.00049866 0.1263 0.14446 0.01816
1.5582e-07 0.1263 0.14503 0.018722
4.9693e-09 0.1263 0.14559 0.019284
1.8289e-09 0.1263 0.14615 0.019846
0.0007196 0.12722 0.14671 0.019488
1.6914e-07 0.12722 0.14727 0.02005
0.00076814 0.12821 0.14784 0.019629
0.0028333 0.13183 0.1484 0.016568
1.8541e-09 0.13183 0.14896 0.01713
1.5582e-08 0.13183 0.14952 0.017692
0.00054341 0.13253 0.15008 0.017559
1.0237e-08 0.13253 0.15065 0.018121
0.00036888 0.133 0.15121 0.018211
1.5437e-08 0.133 0.15177 0.018773
6.0596e-05 0.13307 0.15233 0.019258
0.0016053 0.13513 0.15289 0.017767
0.00069671 0.13602 0.15346 0.017438
6.7198e-08 0.13602 0.15402 0.018
0.00012836 0.13618 0.15458 0.018398
0.000832 0.13725 0.15514 0.017896
0.0010029 0.13853 0.15571 0.017175
0.0017626 0.14078 0.15627 0.015483
5.8143e-09 0.14078 0.15683 0.016045
0.0009282 0.14197 0.15739 0.01542
7.1567e-09 0.14197 0.15795 0.015982
0.0014292 0.1438 0.15852 0.014716
0.00044655 0.14437 0.15908 0.014707
7.1568e-08 0.14437 0.15964 0.015269
1.934e-08 0.14437 0.1602 0.015831
3.9221e-08 0.14437 0.16076 0.016393
7.5242e-08 0.14437 0.16133 0.016955
7.2745e-08 0.14437 0.16189 0.017517
2.0558e-12 0.14437 0.16245 0.018079
5.6932e-08 0.14437 0.16301 0.018641
0.00014355 0.14456 0.16358 0.01902
0.00028696 0.14492 0.16414 0.019215
3.9221e-08 0.14492 0.1647 0.019777
4.628e-08 0.14492 0.16526 0.020339
0.00099629 0.1462 0.16582 0.019627
0.0012625 0.14781 0.16639 0.018574
0.00011752 0.14796 0.16695 0.018986
0.00048271 0.14858 0.16751 0.018931
1.2962e-08 0.14858 0.16807 0.019493
1.1018e-08 0.14858 0.16863 0.020055
7.9326e-05 0.14868 0.1692 0.020515
1.7591e-07 0.14868 0.16976 0.021077
5.7923e-08 0.14868 0.17032 0.021639
6.3079e-08 0.14868 0.17088 0.022201
4.9235e-08 0.14868 0.17144 0.022763
2.9885e-08 0.14868 0.17201 0.023325
1.9796e-08 0.14868 0.17257 0.023888
4.0924e-12 0.14868 0.17313 0.02445
9.5718e-08 0.14868 0.17369 0.025012
5.2645e-08 0.14868 0.17426 0.025574
2.4778e-08 0.14868 0.17482 0.026136
0.00012854 0.14885 0.17538 0.026534
0.00043566 0.1494 0.17594 0.026538
0.00080856 0.15044 0.1765 0.026066
0.0002556 0.15076 0.17707 0.026302
0.0020973 0.15345 0.17763 0.024181
0.0020557 0.15608 0.17819 0.022114
2.9887e-05 0.15611 0.17875 0.022638
0.0011316 0.15756 0.17931 0.021752
3.2014e-05 0.1576 0.17988 0.022274
6.0651e-05 0.15768 0.18044 0.022758
0.00021204 0.15795 0.181 0.023049
0.00014173 0.15813 0.18156 0.02343
0.00027568 0.15849 0.18212 0.023639
0.00015025 0.15868 0.18269 0.024009
1.759e-07 0.15868 0.18325 0.024571
8.7095e-08 0.15868 0.18381 0.025133
1.1706e-07 0.15868 0.18437 0.025695
1.1706e-07 0.15868 0.18494 0.026257
9.2108e-05 0.1588 0.1855 0.026701
9.1799e-08 0.1588 0.18606 0.027263
0.00062935 0.1596 0.18662 0.027021
7.2447e-08 0.1596 0.18718 0.027583
5.2016e-08 0.1596 0.18775 0.028145
0.00059068 0.16036 0.18831 0.027951
0.00092819 0.16154 0.18887 0.027326
1.069e-07 0.16154 0.18943 0.027888
0.0013037 0.16321 0.18999 0.026783
9.5718e-08 0.16321 0.19056 0.027345
8.7095e-08 0.16321 0.19112 0.027907
0.0011107 0.16463 0.19168 0.027048
0.0010444 0.16597 0.19224 0.026274
7.0674e-06 0.16598 0.1928 0.026828
0.00028829 0.16635 0.19337 0.027021
0.00088113 0.16747 0.19393 0.026456
0.00020552 0.16774 0.19449 0.026755
8.136e-08 0.16774 0.19505 0.027317
5.5729e-08 0.16774 0.19562 0.027879
0.0010444 0.16907 0.19618 0.027106
1.175e-07 0.16907 0.19674 0.027668
1.759e-07 0.16907 0.1973 0.028229
9.1867e-13 0.16907 0.19786 0.028792
0.00054038 0.16976 0.19843 0.028662
0.0031203 0.17375 0.19899 0.025234
0.00028707 0.17412 0.19955 0.025429
0.0014036 0.17592 0.20011 0.024195
4.3073e-08 0.17592 0.20067 0.024757
0.0010445 0.17725 0.20124 0.023984
8.7095e-08 0.17725 0.2018 0.024546
0.00066819 0.17811 0.20236 0.024253
5.5729e-08 0.17811 0.20292 0.024815
0.00012414 0.17827 0.20349 0.025218
2.9082e-05 0.1783 0.20405 0.025743
9.5718e-08 0.1783 0.20461 0.026305
9.5718e-08 0.1783 0.20517 0.026867
6.8056e-08 0.1783 0.20573 0.027429
2.9885e-08 0.1783 0.2063 0.027991
0.0018855 0.18072 0.20686 0.026142
0.0010359 0.18204 0.20742 0.025379
6.6132e-08 0.18204 0.20798 0.025941
0.0002154 0.18232 0.20854 0.026228
7.551e-08 0.18232 0.20911 0.02679
1.4778e-08 0.18232 0.20967 0.027352
0.00067377 0.18318 0.21023 0.027052
6.8057e-08 0.18318 0.21079 0.027614
2.5477e-09 0.18318 0.21135 0.028176
8.7095e-08 0.18318 0.21192 0.028738
6.235e-09 0.18318 0.21248 0.0293
4.9261e-08 0.18318 0.21304 0.029862
3.0555e-05 0.18322 0.2136 0.030385
9.2118e-05 0.18334 0.21417 0.03083
0.0011904 0.18486 0.21473 0.029869
0.00044455 0.18543 0.21529 0.029863
7.4776e-05 0.18552 0.21585 0.030329
3.0196e-08 0.18552 0.21641 0.030891
0.0017569 0.18777 0.21698 0.029206
5.5729e-08 0.18777 0.21754 0.029768
0.0011106 0.18919 0.2181 0.02891
0.0010445 0.19053 0.21866 0.028136
6.3655e-08 0.19053 0.21922 0.028698
2.9885e-08 0.19053 0.21979 0.02926
2.9885e-08 0.19053 0.22035 0.029822
0.0013013 0.19219 0.22091 0.02872
2.5402e-08 0.19219 0.22147 0.029282
0.00066506 0.19304 0.22203 0.028993
0.00079877 0.19406 0.2226 0.028534
0.00021123 0.19433 0.22316 0.028826
9.1867e-13 0.19433 0.22372 0.029388
5.3081e-12 0.19433 0.22428 0.02995
3.0294e-08 0.19433 0.22485 0.030512
1.1721e-07 0.19433 0.22541 0.031074
1.0722e-07 0.19433 0.22597 0.031636
7.1167e-09 0.19433 0.22653 0.032198
4.3664e-08 0.19433 0.22709 0.03276
0.00048112 0.19495 0.22766 0.032707
1.0722e-07 0.19495 0.22822 0.033269
0.00065181 0.19578 0.22878 0.032997
0.00086449 0.19689 0.22934 0.032454
0.00069109 0.19777 0.2299 0.032132
8.5188e-08 0.19777 0.23047 0.032694
1.7478e-08 0.19777 0.23103 0.033256
3.0294e-08 0.19777 0.23159 0.033818
4.2661e-08 0.19777 0.23215 0.03438
0.00061197 0.19856 0.23272 0.034159
0.00029883 0.19894 0.23328 0.034339
0.002377 0.20198 0.23384 0.031861
0.00048383 0.2026 0.2344 0.031804
0.0017789 0.20487 0.23496 0.030091
7.7001e-08 0.20487 0.23553 0.030653
7.7001e-08 0.20487 0.23609 0.031215
0.00012741 0.20504 0.23665 0.031614
0.00017683 0.20526 0.23721 0.03195
0.00042385 0.2058 0.23777 0.03197
0.0009728 0.20705 0.23834 0.031288
0.0016473 0.20916 0.2389 0.029743
5.8143e-08 0.20916 0.23946 0.030305
1.934e-09 0.20916 0.24002 0.030867
3.9221e-09 0.20916 0.24058 0.031429
1.9796e-08 0.20916 0.24115 0.031991
6.5564e-05 0.20924 0.24171 0.03247
0.0011084 0.21066 0.24227 0.031614
8.8766e-08 0.21066 0.24283 0.032176
0.00044465 0.21123 0.2434 0.032169
0.00030428 0.21161 0.24396 0.032342
3.3146e-08 0.21161 0.24452 0.032904
3.0293e-08 0.21161 0.24508 0.033467
3.0294e-08 0.21161 0.24564 0.034029
1.0722e-07 0.21162 0.24621 0.034591
1.0722e-07 0.21162 0.24677 0.035153
3.3146e-08 0.21162 0.24733 0.035715
0.00057885 0.21236 0.24789 0.035536
0.00027842 0.21271 0.24845 0.035742
3.0143e-08 0.21271 0.24902 0.036304
0.0012997 0.21437 0.24958 0.035204
0.00069112 0.21526 0.25014 0.034882
0.0006683 0.21611 0.2507 0.03459
8.5188e-08 0.21611 0.25126 0.035152
5.3081e-12 0.21611 0.25183 0.035714
3.0293e-08 0.21611 0.25239 0.036276
2.8348e-08 0.21611 0.25295 0.036838
0.00038178 0.2166 0.25351 0.036912
3.0294e-08 0.2166 0.25408 0.037474
0.00027169 0.21695 0.25464 0.037688
0.00048041 0.21756 0.2552 0.037636
7.6187e-05 0.21766 0.25576 0.038101
0.00017129 0.21788 0.25632 0.038444
1.1721e-07 0.21788 0.25689 0.039006
0.00021388 0.21815 0.25745 0.039294
0.00089632 0.2193 0.25801 0.03871
0.0006932 0.22019 0.25857 0.038385
0.00086969 0.2213 0.25913 0.037835
0.0011225 0.22274 0.2597 0.036961
0.00077315 0.22372 0.26026 0.036535
0.00023411 0.22402 0.26082 0.036797
0.00084682 0.22511 0.26138 0.036276
0.00023404 0.22541 0.26194 0.036539
0.00159 0.22744 0.26251 0.035067
4.81e-08 0.22744 0.26307 0.035629
0.0007956 0.22846 0.26363 0.035174
0.00040321 0.22897 0.26419 0.03522
1.6233e-08 0.22897 0.26476 0.035782
9.0726e-08 0.22897 0.26532 0.036344
0.00043563 0.22953 0.26588 0.036349
0.00033528 0.22996 0.26644 0.036483
6.2388e-08 0.22996 0.267 0.037045
3.8621e-08 0.22996 0.26757 0.037607
0.00021428 0.23023 0.26813 0.037895
1.5883e-07 0.23023 0.26869 0.038457
0.0022414 0.2331 0.26925 0.036152
0.00053314 0.23378 0.26981 0.036032
0.00059635 0.23455 0.27038 0.035831
0.00056748 0.23527 0.27094 0.035668
1.7348e-07 0.23527 0.2715 0.03623
0.00087798 0.23639 0.27206 0.035669
9.0726e-08 0.23639 0.27263 0.036231
0.0022153 0.23923 0.27319 0.033959
1.4243e-07 0.23923 0.27375 0.034521
0.00067968 0.2401 0.27431 0.034214
0.0022017 0.24291 0.27487 0.03196
0.0021333 0.24564 0.27544 0.029793
0.0014091 0.24744 0.276 0.028553
0.001526 0.2494 0.27656 0.027163
0.00030041 0.24978 0.27712 0.027341
0.00012799 0.24994 0.27768 0.02774
1.3266e-25 0.24994 0.27825 0.028302
1.5528e-25 0.24994 0.27881 0.028864
3.9246e-25 0.24994 0.27937 0.029426
1.8548e-07 0.24994 0.27993 0.029988
0.0012205 0.25151 0.28049 0.028989
3.0418e-09 0.25151 0.28106 0.029551
1.2801e-08 0.25151 0.28162 0.030113
3.0418e-09 0.25151 0.28218 0.030675
8.8149e-09 0.25151 0.28274 0.031237
6.365e-08 0.25151 0.28331 0.031799
0.0015435 0.25348 0.28387 0.030387
9.1806e-08 0.25348 0.28443 0.030949
1.0355e-08 0.25348 0.28499 0.031511
9.1867e-13 0.25348 0.28555 0.032073
9.1791e-08 0.25348 0.28612 0.032635
7.6556e-12 0.25348 0.28668 0.033198
0.00069341 0.25437 0.28724 0.032873
0.00020625 0.25463 0.2878 0.033171
0.0013291 0.25633 0.28836 0.032033
0.0015958 0.25837 0.28893 0.030554
1.0722e-07 0.25837 0.28949 0.031116
0.00032774 0.25879 0.29005 0.031259
9.5281e-05 0.25891 0.29061 0.031699
1.1571e-25 0.25891 0.29117 0.032261
1.0356e-25 0.25891 0.29174 0.032824
4.397e-08 0.25891 0.2923 0.033386
0.0017399 0.26114 0.29286 0.031722
6.2038e-08 0.26114 0.29342 0.032284
1.2801e-08 0.26114 0.29399 0.032846
4.9217e-06 0.26115 0.29455 0.033402
4.397e-08 0.26115 0.29511 0.033964
0.00014612 0.26133 0.29567 0.03434
0.00043414 0.26189 0.29623 0.034346
0.00052401 0.26256 0.2968 0.034238
0.0024573 0.2657 0.29736 0.031657
0.0018159 0.26802 0.29792 0.029897
0.001266 0.26964 0.29848 0.02884
1.4243e-07 0.26964 0.29904 0.029402
0.00056219 0.27036 0.29961 0.029245
0.00080529 0.27139 0.30017 0.028777
0.00044203 0.27196 0.30073 0.028773
0.0025387 0.2752 0.30129 0.026088
3.0174e-08 0.2752 0.30185 0.02665
1.5086e-08 0.2752 0.30242 0.027213
0.00088204 0.27633 0.30298 0.026647
1.8548e-07 0.27633 0.30354 0.027208
0.0029657 0.28013 0.3041 0.023977
0.0024686 0.28328 0.30467 0.021382
6.1276e-09 0.28328 0.30523 0.021944
8.815e-09 0.28328 0.30579 0.022506
0.00038248 0.28377 0.30635 0.022579
0.00030475 0.28416 0.30691 0.022751
0.00033711 0.28459 0.30748 0.022882
1.3361e-07 0.28459 0.30804 0.023444
5.4008e-05 0.28466 0.3086 0.023937
3.1534e-05 0.2847 0.30916 0.024459
0.00022407 0.28499 0.30972 0.024734
3.0601e-08 0.28499 0.31029 0.025296
1.175e-07 0.28499 0.31085 0.025858
0.00025571 0.28532 0.31141 0.026093
0.00019007 0.28556 0.31197 0.026412
0.00035002 0.28601 0.31254 0.026527
0.00010885 0.28615 0.3131 0.02695
0.00047236 0.28675 0.31366 0.026908
0.00011039 0.28689 0.31422 0.027329
1.772e-08 0.28689 0.31478 0.027891
0.00081665 0.28794 0.31535 0.027408
0.0012326 0.28951 0.31591 0.026394
1.6122e-07 0.28951 0.31647 0.026956
0.00051617 0.29017 0.31703 0.026858
0.0018885 0.29259 0.31759 0.025004
1.0544e-05 0.2926 0.31816 0.025553
7.3032e-07 0.2926 0.31872 0.026114
1.2679e-07 0.2926 0.31928 0.026676
9.6012e-05 0.29273 0.31984 0.027115
9.6376e-05 0.29285 0.3204 0.027554
0.00024079 0.29316 0.32097 0.027808
0.00054077 0.29385 0.32153 0.027679
1.772e-08 0.29385 0.32209 0.028241
0.00024434 0.29416 0.32265 0.02849
6.3986e-05 0.29424 0.32322 0.028971
0.00097185 0.29549 0.32378 0.02829
0.00028748 0.29586 0.32434 0.028484
0.00010885 0.29599 0.3249 0.028907
8.3219e-05 0.2961 0.32546 0.029363
5.514e-05 0.29617 0.32603 0.029854
0.00032404 0.29659 0.32659 0.030002
7.1211e-05 0.29668 0.32715 0.030473
0.00031463 0.29708 0.32771 0.030633
0.00059889 0.29785 0.32827 0.030429
0.0002606 0.29818 0.32884 0.030657
0.0001103 0.29832 0.3294 0.031078
0.00014209 0.2985 0.32996 0.031459
7.543e-05 0.2986 0.33052 0.031924
0.0010465 0.29994 0.33108 0.031148
0.0013932 0.30172 0.33165 0.029928
0.0013365 0.30343 0.33221 0.028781
0.0012823 0.30507 0.33277 0.027703
0.00096705 0.30631 0.33333 0.027028
0.00088035 0.30743 0.3339 0.026464
0.0006959 0.30832 0.33446 0.026136
0.00077169 0.30931 0.33502 0.025711
1.3361e-07 0.30931 0.33558 0.026273
0.00089404 0.31045 0.33614 0.025692
0.0011481 0.31192 0.33671 0.024785
0.0019568 0.31442 0.33727 0.022845
0.00030319 0.31481 0.33783 0.023019
0.0010366 0.31614 0.33839 0.022255
0.0011364 0.31759 0.33895 0.021364
0.00057514 0.31833 0.33952 0.02119
0.002109 0.32102 0.34008 0.019055
0.0013024 0.32269 0.34064 0.017951
5.8143e-08 0.32269 0.3412 0.018513
0.00080743 0.32372 0.34177 0.018042
0.00019289 0.32397 0.34233 0.018358
0.00019794 0.32422 0.34289 0.018667
0.0001949 0.32447 0.34345 0.01898
9.8931e-05 0.3246 0.34401 0.019415
9.8866e-05 0.32472 0.34458 0.019851
0.00080738 0.32576 0.34514 0.01938
1.1721e-07 0.32576 0.3457 0.019942
8.4858e-05 0.32587 0.34626 0.020396
0.00046259 0.32646 0.34682 0.020366
0.00028956 0.32683 0.34739 0.020558
0.0016029 0.32888 0.34795 0.01907
1.1721e-07 0.32888 0.34851 0.019632
5.2988e-08 0.32888 0.34907 0.020194
1.1721e-07 0.32888 0.34963 0.020756
1.3361e-07 0.32888 0.3502 0.021318
0.00041755 0.32941 0.35076 0.021346
0.00083073 0.33048 0.35132 0.020845
2.0542e-05 0.3305 0.35188 0.021381
0.0011254 0.33194 0.35245 0.020504
0.00024518 0.33225 0.35301 0.020752
0.0005487 0.33296 0.35357 0.020613
9.0009e-08 0.33296 0.35413 0.021175
0.00060444 0.33373 0.35469 0.020964
0.0012761 0.33536 0.35526 0.019893
0.00030828 0.33576 0.35582 0.020061
0.001116 0.33718 0.35638 0.019196
0.00088614 0.33832 0.35694 0.018625
6.7788e-08 0.33832 0.3575 0.019187
0.0012337 0.3399 0.35807 0.018171
0.00040462 0.34041 0.35863 0.018215
0.0014372 0.34225 0.35919 0.016939
0.00022878 0.34254 0.35975 0.017209
4.4937e-05 0.3426 0.36031 0.017713
5.0294e-09 0.3426 0.36088 0.018276
0.00016696 0.34281 0.36144 0.018624
5.014e-08 0.34282 0.362 0.019186
8.3583e-05 0.34292 0.36256 0.019641
0.00045705 0.34351 0.36313 0.019619
0.00030557 0.3439 0.36369 0.01979
0.00059902 0.34466 0.36425 0.019586
0.00064794 0.34549 0.36481 0.019319
0.00090946 0.34666 0.36537 0.018718
0.0003098 0.34705 0.36594 0.018884
0.00089941 0.3482 0.3665 0.018296
0.0005916 0.34896 0.36706 0.018101
0.0023267 0.35193 0.36762 0.015687
0.00045655 0.35252 0.36818 0.015665
0.0020027 0.35508 0.36875 0.013666
0.00021069 0.35535 0.36931 0.013959
0.0012737 0.35698 0.36987 0.012892
0.00029186 0.35735 0.37043 0.01308
0.0004014 0.35787 0.37099 0.013129
0.00073726 0.35881 0.37156 0.012748
0.00064415 0.35963 0.37212 0.012486
0.00030135 0.36002 0.37268 0.012663
0.00029484 0.3604 0.37324 0.012848
0.00013858 0.36057 0.37381 0.013233
3.5682e-23 0.36057 0.37437 0.013795
3.8754e-23 0.36057 0.37493 0.014357
6.3698e-23 0.36057 0.37549 0.014919
5.4776e-23 0.36057 0.37605 0.015481
0.00074886 0.36153 0.37662 0.015086
0.0015958 0.36357 0.37718 0.013607
0.0013291 0.36527 0.37774 0.012469
0.0021813 0.36806 0.3783 0.010241
0.0010884 0.36945 0.37886 0.0094108
0.0012908 0.3711 0.37943 0.0083219
1.3361e-07 0.3711 0.37999 0.0088838
0.0019131 0.37355 0.38055 0.0069989
0.0018159 0.37587 0.38111 0.0052384
0.0010684 0.37724 0.38168 0.004434
5.0057e-08 0.37724 0.38224 0.004996
1.0475e-07 0.37724 0.3828 0.005558
0.00090725 0.3784 0.38336 0.0049597
0.0011538 0.37988 0.38392 0.004046
0.00077296 0.38087 0.38449 0.0036195
0.0028481 0.38451 0.38505 0.0005387
0.0019132 0.38696 0.38561 0.0013464
0.00092562 0.38814 0.38617 0.0019682
0.000317 0.38855 0.38673 0.0018115
0.0019223 0.391 0.3873 0.0037082
0.00063783 0.39182 0.38786 0.0039619
0.00029612 0.3922 0.38842 0.0037786
0.0010077 0.39349 0.38898 0.0045054
0.0001219 0.39364 0.38954 0.0040992
5.885e-05 0.39372 0.39011 0.0036124
4.8676e-08 0.39372 0.39067 0.0030503
0.00088767 0.39485 0.39123 0.0036236
0.00096272 0.39609 0.39179 0.0042929
0.00093923 0.39729 0.39236 0.0049321
9.8717e-05 0.39741 0.39292 0.0044963
0.00041815 0.39795 0.39348 0.004469
6.03e-05 0.39803 0.39404 0.003984
0.00062602 0.39883 0.3946 0.0042226
0.00059528 0.39959 0.39517 0.0044219
0.00021727 0.39987 0.39573 0.0041377
1.9099e-05 0.39989 0.39629 0.0036
0.00020612 0.40015 0.39685 0.0033015
0.00020932 0.40042 0.39741 0.0030071
1.7373e-05 0.40044 0.39798 0.0024672
0.00053117 0.40112 0.39854 0.0025845
7.0663e-06 0.40113 0.3991 0.0020315
8.791e-06 0.40114 0.39966 0.0014806
8.4259e-05 0.40125 0.40022 0.0010262
0.001073 0.40262 0.40079 0.0018366
0.0001383 0.4028 0.40135 0.0014514
3.0555e-05 0.40284 0.40191 0.00092832
0.0013668 0.40459 0.40247 0.0021144
3.306e-05 0.40463 0.40304 0.0015946
0.0014804 0.40652 0.4036 0.0029261
7.4774e-05 0.40662 0.40416 0.0024596
5.891e-10 0.40662 0.40472 0.0018975
8.7904e-06 0.40663 0.40528 0.0013466
0.00087049 0.40774 0.40585 0.0018979
0.0024821 0.41092 0.40641 0.0045106
0.00016831 0.41113 0.40697 0.0041638
2.5477e-09 0.41113 0.40753 0.0036017
7.6817e-09 0.41113 0.40809 0.0030396
3.8326e-05 0.41118 0.40866 0.0025265
4.4167e-12 0.41118 0.40922 0.0019644
6.3079e-08 0.41118 0.40978 0.0014023
6.3079e-08 0.41118 0.41034 0.00084031
0.0025598 0.41446 0.41091 0.0035524
7.8018e-08 0.41446 0.41147 0.0029904
9.8453e-08 0.41446 0.41203 0.0024284
0.0030925 0.41841 0.41259 0.0058218
3.3261e-12 0.41841 0.41315 0.0052596
3.3261e-12 0.41841 0.41372 0.0046975
3.7167e-08 0.41841 0.41428 0.0041355
1.9187e-08 0.41841 0.41484 0.0035734
0.00066129 0.41926 0.4154 0.0038571
5.1646e-08 0.41926 0.41596 0.0032951
5.2198e-08 0.41926 0.41653 0.002733
0.00083381 0.42033 0.41709 0.0032374
0.0022612 0.42322 0.41765 0.0055675
0.00093866 0.42442 0.41821 0.006206
0.0003599 0.42488 0.41877 0.0061042
0.00038299 0.42537 0.41934 0.006032
0.0002095 0.42564 0.4199 0.0057378
0.00031829 0.42604 0.42046 0.0055828
0.0010747 0.42742 0.42102 0.0063953
9.2348e-08 0.42742 0.42159 0.0058333
9.2348e-08 0.42742 0.42215 0.0052713
0.00048152 0.42803 0.42271 0.005325
0.00073257 0.42897 0.42327 0.0056999
0.00016774 0.42919 0.42383 0.0053524
0.00085368 0.43028 0.4244 0.0058822
0.0026684 0.43369 0.42496 0.0087331
0.00057607 0.43443 0.42552 0.0089078
0.00028494 0.43479 0.42608 0.0087101
0.00087615 0.43591 0.42664 0.0092687
0.00090857 0.43707 0.42721 0.0098687
0.00032509 0.43749 0.42777 0.0097224
1.2059e-08 0.43749 0.42833 0.0091603
6.3513e-05 0.43757 0.42889 0.0086794
4.1428e-08 0.43757 0.42945 0.0081173
0.00013743 0.43775 0.43002 0.007731
0.00019306 0.43799 0.43058 0.0074158
0.00020162 0.43825 0.43114 0.0071116
0.00014366 0.43844 0.4317 0.0067333
0.00045614 0.43902 0.43227 0.0067546
0.00083164 0.44008 0.43283 0.0072562
0.00038067 0.44057 0.43339 0.007181
1.7456e-08 0.44057 0.43395 0.0066189
1.2353e-07 0.44057 0.43451 0.0060569
0.0011705 0.44207 0.43508 0.0069919
0.0018683 0.44446 0.43564 0.0088195
0.00096119 0.44569 0.4362 0.0094868
6.4638e-08 0.44569 0.43676 0.0089247
0.00076127 0.44666 0.43732 0.0093363
0.00067516 0.44752 0.43789 0.0096378
0.0002341 0.44782 0.43845 0.0093751
0.00021484 0.4481 0.43901 0.0090878
3.4662e-08 0.4481 0.43957 0.0085257
5.4474e-13 0.4481 0.44013 0.0079636
0.00069109 0.44898 0.4407 0.0082854
0.00057891 0.44972 0.44126 0.0084638
0.00061713 0.45051 0.44182 0.008691
0.0001848 0.45075 0.44238 0.0083653
4.3663e-08 0.45075 0.44295 0.0078032
0.0004368 0.45131 0.44351 0.0077998
4.3663e-08 0.45131 0.44407 0.0072377
1.0895e-12 0.45131 0.44463 0.0066756
1.0028e-07 0.45131 0.44519 0.0061136
0.0023899 0.45436 0.44576 0.0086084
0.00057257 0.4551 0.44632 0.0087787
0.0011908 0.45662 0.44688 0.0097397
0.00069106 0.4575 0.44744 0.010061
0.00089733 0.45865 0.448 0.010647
2.7237e-12 0.45865 0.44857 0.010085
1.1808e-07 0.45865 0.44913 0.009523
0.0012103 0.4602 0.44969 0.010509
1.0895e-12 0.4602 0.45025 0.0099468
2.8348e-08 0.4602 0.45082 0.0093848
5.2705e-08 0.4602 0.45138 0.0088227
5.2705e-08 0.4602 0.45194 0.0082607
9.7259e-08 0.4602 0.4525 0.0076987
0.00054043 0.46089 0.45306 0.0078278
4.3663e-08 0.46089 0.45363 0.0072658
4.3663e-08 0.46089 0.45419 0.0067037
7.0532e-08 0.46089 0.45475 0.0061417
0.0031204 0.46488 0.45531 0.0095708
0.0023898 0.46794 0.45587 0.012065
5.3167e-12 0.46794 0.45644 0.011503
0.00030828 0.46833 0.457 0.011336
0.0009642 0.46957 0.45756 0.012007
0.0011909 0.47109 0.45812 0.012968
7.2687e-09 0.47109 0.45868 0.012406
5.0422e-13 0.47109 0.45925 0.011844
1.108e-07 0.47109 0.45981 0.011282
5.9952e-08 0.47109 0.46037 0.01072
2.8348e-08 0.47109 0.46093 0.010158
9.7259e-08 0.47109 0.4615 0.0095955
8.2671e-08 0.47109 0.46206 0.0090335
0.00054047 0.47178 0.46262 0.0091627
4.3663e-08 0.47178 0.46318 0.0086006
5.9921e-13 0.47178 0.46374 0.0080385
0.00048929 0.47241 0.46431 0.0081023
0.00016832 0.47262 0.46487 0.0077554
0.00052681 0.4733 0.46543 0.0078671
4.9303e-08 0.4733 0.46599 0.0073051
3.7769e-07 0.4733 0.46655 0.0067435
2.8988e-08 0.4733 0.46712 0.0061814
1.5591e-08 0.4733 0.46768 0.0056193
4.1317e-08 0.4733 0.46824 0.0050572
0.0020974 0.47598 0.4688 0.0071778
0.00023407 0.47628 0.46936 0.0069151
7.5122e-08 0.47628 0.46993 0.0063531
1.0697e-08 0.47628 0.47049 0.005791
1.0895e-12 0.47628 0.47105 0.0052289
9.2605e-13 0.47628 0.47161 0.0046668
0.0005554 0.47699 0.47218 0.004815
1.2298e-08 0.47699 0.47274 0.0042529
0.00040326 0.47751 0.4733 0.0042066
0.00061612 0.47829 0.47386 0.0044326
0.00038179 0.47878 0.47442 0.0043588
0.00018107 0.47901 0.47499 0.0040283
0.00061268 0.4798 0.47555 0.0042498
0.0010268 0.48111 0.47611 0.005001
0.0004032 0.48163 0.47667 0.0049546
0.00054628 0.48233 0.47723 0.0050912
7.6458e-05 0.48242 0.4778 0.0046269
0.0012144 0.48398 0.47836 0.005618
0.00040331 0.48449 0.47892 0.0055718
0.00084073 0.48557 0.47948 0.006085
0.0005597 0.48628 0.48004 0.0062388
2.4096e-08 0.48628 0.48061 0.0056767
6.3854e-08 0.48628 0.48117 0.0051147
2.23e-08 0.48628 0.48173 0.0045526
0.0011007 0.48769 0.48229 0.0053984
0.00039301 0.48819 0.48286 0.005339
0.00024264 0.4885 0.48342 0.0050872
0.00025364 0.48883 0.48398 0.0048495
0.00087993 0.48995 0.48454 0.0054129
0.00032472 0.49037 0.4851 0.0052661
0.00026399 0.49071 0.48567 0.0050417
2.0516e-08 0.49071 0.48623 0.0044796
0.00061752 0.4915 0.48679 0.0047073
0.0018537 0.49387 0.48735 0.0065162
0.00045842 0.49445 0.48791 0.0065404
0.0013813 0.49622 0.48848 0.0077451
0.0007169 0.49714 0.48904 0.0080999
0.00084424 0.49822 0.4896 0.0086177
0.00029382 0.49859 0.49016 0.0084314
7.6817e-09 0.49859 0.49073 0.0078693
9.9834e-05 0.49872 0.49129 0.0074348
0.00069988 0.49962 0.49185 0.0077679
0.00015295 0.49981 0.49241 0.0074014
1.1103e-07 0.49981 0.49297 0.0068395
0.00065207 0.50065 0.49354 0.0071114
0.00043269 0.5012 0.4941 0.0071027
0.00095726 0.50242 0.49466 0.007765
0.00093521 0.50362 0.49522 0.0083991
0.00012095 0.50378 0.49578 0.0079917
0.00081523 0.50482 0.49635 0.0084723
0.00080563 0.50585 0.49691 0.0089406
0.00050056 0.50649 0.49747 0.0090188
7.3177e-05 0.50658 0.49803 0.0085503
0.00013846 0.50676 0.49859 0.0081652
3.3978e-08 0.50676 0.49916 0.0076032
0.0010143 0.50806 0.49972 0.0083384
9.4203e-08 0.50806 0.50028 0.0077764
2.3021e-05 0.50809 0.50084 0.0072438
0.00071323 0.509 0.50141 0.0075939
0.00018651 0.50924 0.50197 0.0072704
0.00037845 0.50972 0.50253 0.0071923
1.6673e-08 0.50972 0.50309 0.0066302
6.8501e-05 0.50981 0.50365 0.0061557
2.3301e-08 0.50981 0.50422 0.0055936
0.00030736 0.5102 0.50478 0.0054247
5.5565e-09 0.5102 0.50534 0.0048625
0.00026091 0.51054 0.5059 0.0046342
0.00052401 0.51121 0.50646 0.0047423
7.0532e-08 0.51121 0.50703 0.0041803
7.0532e-08 0.51121 0.50759 0.0036182
0.00055818 0.51192 0.50815 0.0037701
0.00041754 0.51245 0.50871 0.003742
0.0001003 0.51258 0.50927 0.0033082
2.2765e-05 0.51261 0.50984 0.0027752
0.00020622 0.51288 0.5104 0.0024769
0.0010404 0.51421 0.51096 0.0032454
0.0023384 0.5172 0.51152 0.0056743
0.00093623 0.5184 0.51209 0.0063096
0.00018396 0.51863 0.51265 0.0059828
0.00016509 0.51884 0.51321 0.0056319
0.00040552 0.51936 0.51377 0.0055884
0.0002834 0.51972 0.51433 0.0053888
0.00043676 0.52028 0.5149 0.0053854
7.174e-05 0.52037 0.51546 0.004915
0.00084774 0.52146 0.51602 0.0054372
7.4385e-08 0.52146 0.51658 0.0048752
0.00043688 0.52202 0.51714 0.0048719
7.7289e-08 0.52202 0.51771 0.0043099
0.0014403 0.52386 0.51827 0.00559
5.9461e-08 0.52386 0.51883 0.0050279
0.00093863 0.52506 0.51939 0.0056664
0.00066825 0.52591 0.51996 0.005959
0.0037684 0.53073 0.52052 0.010217
0.0016422 0.53283 0.52108 0.011755
0.0006459 0.53366 0.52164 0.012019
5.7923e-08 0.53366 0.5222 0.011457
5.2198e-08 0.53366 0.52277 0.010895
0.001191 0.53518 0.52333 0.011856
3.1858e-08 0.53518 0.52389 0.011294
0.0010822 0.53657 0.52445 0.012116
0.0022612 0.53946 0.52501 0.014447
0.00067043 0.54032 0.52558 0.014742
0.0022946 0.54325 0.52614 0.017115
9.5718e-08 0.54325 0.5267 0.016553
5.1888e-08 0.54325 0.52726 0.015991
0.0018905 0.54567 0.52782 0.017847
0.0010554 0.54702 0.52839 0.018634
5.7923e-08 0.54702 0.52895 0.018072
0.0040411 0.55219 0.52951 0.022679
6.2038e-08 0.55219 0.53007 0.022117
0.00098168 0.55345 0.53064 0.022811
0.00098784 0.55471 0.5312 0.023512
0.0015804 0.55673 0.53176 0.024971
0.00021544 0.55701 0.53232 0.024685
0.0023918 0.56007 0.53288 0.027182
6.8057e-08 0.56007 0.53345 0.02662
5.7923e-08 0.56007 0.53401 0.026058
5.8312e-05 0.56014 0.53457 0.02557
0.0022489 0.56302 0.53513 0.027885
0.0027851 0.56658 0.53569 0.030885
0.00021905 0.56686 0.53626 0.030603
0.0015729 0.56887 0.53682 0.032053
0.00014478 0.56906 0.53738 0.031676
0.0013485 0.57078 0.53794 0.032839
0.0023487 0.57379 0.5385 0.035281
0.0015849 0.57581 0.53907 0.036746
3.8108e-08 0.57581 0.53963 0.036184
3.8108e-08 0.57581 0.54019 0.035622
0.00051702 0.57647 0.54075 0.035721
0.00073209 0.57741 0.54132 0.036095
1.5955e-07 0.57741 0.54188 0.035533
1.5955e-07 0.57741 0.54244 0.034971
0.00086345 0.57852 0.543 0.035513
0.00020062 0.57877 0.54356 0.035208
0.00010154 0.5789 0.54413 0.034776
0.00025602 0.57923 0.54469 0.034541
0.0010506 0.58057 0.54525 0.035323
1.2711e-05 0.58059 0.54581 0.034777
0.00021398 0.58086 0.54637 0.034488
1.6151e-08 0.58086 0.54694 0.033926
2.0273e-08 0.58086 0.5475 0.033364
2.2777e-08 0.58086 0.54806 0.032802
1.0888e-08 0.58086 0.54862 0.03224
0.00035365 0.58132 0.54918 0.03213
0.00020568 0.58158 0.54975 0.031831
1.3063e-07 0.58158 0.55031 0.031269
8.5188e-08 0.58158 0.55087 0.030707
0.00010487 0.58171 0.55143 0.030279
0.00021552 0.58199 0.552 0.029993
0.00097946 0.58324 0.55256 0.030684
1.6826e-08 0.58324 0.55312 0.030122
0.00019199 0.58349 0.55368 0.029805
0.00020569 0.58375 0.55424 0.029506
0.0011427 0.58521 0.55481 0.030405
0.00025561 0.58554 0.55537 0.03017
2.1274e-08 0.58554 0.55593 0.029608
0.0002857 0.5859 0.55649 0.029411
0.00015 0.5861 0.55705 0.029041
0.0020973 0.58878 0.55762 0.031162
0.0031206 0.59277 0.55818 0.034591
0.0023898 0.59583 0.55874 0.037086
0.0024867 0.59901 0.5593 0.039704
2.2084e-12 0.59901 0.55987 0.039142
4.4339e-08 0.59901 0.56043 0.03858
4.4336e-08 0.59901 0.56099 0.038018
0.0010943 0.60041 0.56155 0.038856
6.9887e-08 0.60041 0.56211 0.038293
0.0010942 0.60181 0.56268 0.039131
0.001022 0.60311 0.56324 0.039876
0.00063071 0.60392 0.5638 0.040121
3.5279e-08 0.60392 0.56436 0.039559
0.0010266 0.60523 0.56492 0.04031
0.00043661 0.60579 0.56549 0.040306
0.00019844 0.60605 0.56605 0.039998
0.0006634 0.60689 0.56661 0.040284
8.9473e-05 0.60701 0.56717 0.039836
7.4183e-05 0.6071 0.56773 0.039369
0.00017394 0.60733 0.5683 0.03903
0.00011619 0.60747 0.56886 0.038616
0.00010712 0.60761 0.56942 0.038191
0.00010633 0.60775 0.56998 0.037765
0.00027422 0.6081 0.57055 0.037553
0.00025697 0.60843 0.57111 0.03732
0.00035968 0.60889 0.57167 0.037218
0.00030812 0.60928 0.57223 0.03705
0.0002033 0.60954 0.57279 0.036748
0.00020455 0.6098 0.57336 0.036447
3.7084e-05 0.60985 0.57392 0.035933
0.00087557 0.61097 0.57448 0.036491
2.2833e-05 0.611 0.57504 0.035958
0.002419 0.61409 0.5756 0.03849
6.8114e-09 0.61409 0.57617 0.037927
0.00013474 0.61427 0.57673 0.037538
0.00041037 0.61479 0.57729 0.0375
4.0681e-08 0.61479 0.57785 0.036938
0.00083797 0.61586 0.57841 0.037448
7.299e-05 0.61596 0.57898 0.036979
9.3674e-05 0.61608 0.57954 0.036537
0.0011577 0.61756 0.5801 0.037456
4.95e-05 0.61762 0.58066 0.036957
1.3803e-08 0.61762 0.58123 0.036395
0.00012825 0.61778 0.58179 0.035997
7.4836e-06 0.61779 0.58235 0.035444
0.00021721 0.61807 0.58291 0.03516
0.0001337 0.61824 0.58347 0.034769
0.00011307 0.61839 0.58404 0.034351
1.3768e-05 0.6184 0.5846 0.033807
5.1331e-06 0.61841 0.58516 0.033251
0.00029939 0.61879 0.58572 0.033072
0.00025613 0.61912 0.58628 0.032838
1.3562e-08 0.61912 0.58685 0.032276
6.5535e-08 0.61912 0.58741 0.031713
9.337e-05 0.61924 0.58797 0.031271
1.555e-05 0.61926 0.58853 0.030729
1.055e-08 0.61926 0.58909 0.030166
0.00022533 0.61955 0.58966 0.029893
0.00015003 0.61974 0.59022 0.029522
1.1807e-05 0.61976 0.59078 0.028975
2.4724e-05 0.61979 0.59134 0.028445
2.4741e-05 0.61982 0.59191 0.027914
1.6495e-05 0.61984 0.59247 0.027373
0.0002102 0.62011 0.59303 0.02708
6.0109e-05 0.62019 0.59359 0.026595
2.6215e-08 0.62019 0.59415 0.026033
4.0753e-09 0.62019 0.59472 0.025471
0.00033513 0.62062 0.59528 0.025337
0.00051712 0.62128 0.59584 0.025437
0.00042322 0.62182 0.5964 0.025416
8.6519e-05 0.62193 0.59696 0.024964
0.00051778 0.62259 0.59753 0.025064
1.6477e-05 0.62261 0.59809 0.024523
4.0539e-05 0.62266 0.59865 0.024013
7.327e-06 0.62267 0.59921 0.02346
2.3223e-05 0.6227 0.59978 0.022928
0.00036079 0.62316 0.60034 0.022827
9.4549e-05 0.62329 0.6009 0.022386
6.0627e-05 0.62336 0.60146 0.021902
1.3499e-05 0.62338 0.60202 0.021357
1.4422e-05 0.6234 0.60259 0.020813
0.00060695 0.62418 0.60315 0.021027
0.0002117 0.62445 0.60371 0.020736
0.00054941 0.62515 0.60427 0.020877
0.0005209 0.62581 0.60483 0.020981
5.2553e-05 0.62588 0.6054 0.020486
8.9014e-05 0.626 0.60596 0.020038
0.00012704 0.62616 0.60652 0.019638
9.5407e-05 0.62628 0.60708 0.019198
1.9087e-05 0.6263 0.60764 0.01866
6.0119e-05 0.62638 0.60821 0.018175
0.00017747 0.62661 0.60877 0.01784
0.00036934 0.62708 0.60933 0.01775
0.0029282 0.63083 0.60989 0.020933
5.3081e-12 0.63083 0.61046 0.020371
0.0009855 0.63209 0.61102 0.02107
0.00034429 0.63253 0.61158 0.020948
7.6556e-12 0.63253 0.61214 0.020386
0.00035704 0.63298 0.6127 0.02028
0.0007806 0.63398 0.61327 0.020717
0.00079392 0.635 0.61383 0.02117
3.2471e-08 0.635 0.61439 0.020608
0.0010443 0.63633 0.61495 0.021382
6.3645e-08 0.63633 0.61551 0.02082
0.00029317 0.63671 0.61608 0.020632
5.8182e-12 0.63671 0.61664 0.02007
1.0359e-07 0.63671 0.6172 0.019508
0.0015033 0.63863 0.61776 0.020869
6.8056e-08 0.63863 0.61832 0.020307
6.8056e-08 0.63863 0.61889 0.019745
0.00073775 0.63958 0.61945 0.020127
0.0011681 0.64107 0.62001 0.021059
0.0011477 0.64254 0.62057 0.021964
2.2326e-07 0.64254 0.62114 0.021403
0.00036153 0.643 0.6217 0.021303
6.1479e-05 0.64308 0.62226 0.020819
1.0306e-05 0.64309 0.62282 0.02027
0.00032844 0.64351 0.62338 0.020128
1.1057e-07 0.64351 0.62395 0.019566
0.00025078 0.64383 0.62451 0.019325
8.2813e-05 0.64394 0.62507 0.018869
1.3844e-05 0.64396 0.62563 0.018325
7.7691e-05 0.64406 0.62619 0.017862
0.00014782 0.64425 0.62676 0.017489
5.2973e-05 0.64431 0.62732 0.016994
0.00031688 0.64472 0.62788 0.016838
5.0262e-05 0.64478 0.62844 0.01634
0.00040031 0.64529 0.62901 0.01629
0.00031072 0.64569 0.62957 0.016125
2.1905e-05 0.64572 0.63013 0.015591
0.00085815 0.64682 0.63069 0.016126
0.0026319 0.65018 0.63125 0.018931
0.0015114 0.65212 0.63182 0.020302
0.00073137 0.65305 0.63238 0.020675
0.00049412 0.65368 0.63294 0.020745
0.00031952 0.65409 0.6335 0.020591
3.3146e-08 0.65409 0.63406 0.020029
6.8914e-05 0.65418 0.63463 0.019555
6.544e-08 0.65418 0.63519 0.018993
2.2084e-12 0.65418 0.63575 0.018431
0.00054676 0.65488 0.63631 0.018569
1.1012e-07 0.65488 0.63687 0.018007
9.3599e-08 0.65488 0.63744 0.017445
2.2084e-12 0.65488 0.638 0.016882
0.00091473 0.65605 0.63856 0.01749
4.3068e-08 0.65605 0.63912 0.016928
6.6403e-08 0.65605 0.63969 0.016366
5.2103e-08 0.65605 0.64025 0.015804
0.0010266 0.65736 0.64081 0.016555
0.00014106 0.65755 0.64137 0.016174
0.0007605 0.65852 0.64193 0.016584
0.00027302 0.65887 0.6425 0.016371
0.00064103 0.65969 0.64306 0.016629
5.8028e-05 0.65976 0.64362 0.016141
0.0017832 0.66204 0.64418 0.01786
1.1264e-07 0.66204 0.64474 0.017298
0.00086899 0.66315 0.64531 0.017847
3.9607e-09 0.66315 0.64587 0.017285
8.9235e-05 0.66327 0.64643 0.016837
5.5403e-05 0.66334 0.64699 0.016346
0.0012612 0.66495 0.64755 0.017397
0.00099592 0.66623 0.64812 0.018109
7.5949e-08 0.66623 0.64868 0.017547
0.0010997 0.66763 0.64924 0.018391
7.9175e-10 0.66763 0.6498 0.017829
2.2302e-05 0.66766 0.65037 0.017296
1.06e-08 0.66766 0.65093 0.016733
2.4499e-09 0.66766 0.65149 0.016171
8.6155e-08 0.66766 0.65205 0.015609
0.00012463 0.66782 0.65261 0.015207
7.2117e-08 0.66782 0.65318 0.014645
0.0017832 0.6701 0.65374 0.016363
1.2994e-07 0.6701 0.6543 0.015801
1.4994e-05 0.67012 0.65486 0.015258
0.00012456 0.67028 0.65542 0.014856
2.7586e-05 0.67032 0.65599 0.014329
3.1152e-05 0.67036 0.65655 0.013807
4.1679e-05 0.67041 0.65711 0.013298
7.4984e-08 0.67041 0.65767 0.012736
0.0018598 0.67279 0.65823 0.014552
9.492e-13 0.67279 0.6588 0.01399
1.0852e-07 0.67279 0.65936 0.013428
1.0852e-07 0.67279 0.65992 0.012866
7.4984e-08 0.67279 0.66048 0.012304
7.2117e-08 0.67279 0.66105 0.011742
3.8031e-08 0.67279 0.66161 0.01118
1.2994e-07 0.67279 0.66217 0.010618
0.0011106 0.67421 0.66273 0.011477
9.492e-13 0.67421 0.66329 0.010915
9.492e-13 0.67421 0.66386 0.010352
0.00054335 0.6749 0.66442 0.010485
2.6206e-05 0.67494 0.66498 0.0099567
2.2974e-12 0.67494 0.66554 0.0093946
0.00045029 0.67551 0.6661 0.0094084
2.1994e-13 0.67551 0.66667 0.0088463
0.0022691 0.67842 0.66723 0.011186
7.4984e-08 0.67842 0.66779 0.010624
0.0010997 0.67982 0.66835 0.011469
0.00067378 0.68068 0.66892 0.011769
0.0018597 0.68306 0.66948 0.013585
1.5282e-08 0.68306 0.67004 0.013023
7.2117e-08 0.68306 0.6706 0.012461
1.5282e-08 0.68306 0.67116 0.011899
0.0011107 0.68448 0.67173 0.012758
0.0012913 0.68613 0.67229 0.013847
0.00060209 0.6869 0.67285 0.014055
9.492e-13 0.6869 0.67341 0.013493
1.4552e-07 0.68691 0.67397 0.012931
0.00071676 0.68782 0.67454 0.013286
9.0086e-08 0.68782 0.6751 0.012724
0.00015533 0.68802 0.67566 0.01236
3.8031e-08 0.68802 0.67622 0.011798
7.5123e-08 0.68802 0.67678 0.011236
8.6155e-08 0.68802 0.67735 0.010674
0.0010998 0.68943 0.67791 0.011519
0.00067384 0.69029 0.67847 0.011819
9.492e-13 0.69029 0.67903 0.011256
1.0482e-07 0.69029 0.6796 0.010695
7.5123e-08 0.69029 0.68016 0.010132
0.00055537 0.691 0.68072 0.010281
7.4549e-08 0.691 0.68128 0.0097187
7.4984e-08 0.691 0.68184 0.0091567
0.00073775 0.69194 0.68241 0.0095382
0.001019 0.69325 0.68297 0.010279
0.00077709 0.69424 0.68353 0.010711
9.492e-13 0.69424 0.68409 0.010149
1.4552e-07 0.69424 0.68465 0.0095872
0.00011758 0.69439 0.68522 0.0091755
0.0004528 0.69497 0.68578 0.0091925
4.236e-05 0.69503 0.68634 0.0086846
7.5123e-08 0.69503 0.6869 0.0081226
0.00055536 0.69574 0.68746 0.0082708
7.4984e-08 0.69574 0.68803 0.0077088
2.6539e-08 0.69574 0.68859 0.0071467
0.00186 0.69811 0.68915 0.0089636
1.2994e-07 0.69811 0.68971 0.0084017
9.492e-13 0.69811 0.69028 0.0078395
0.001685 0.70027 0.69084 0.0094327
0.0010238 0.70158 0.6914 0.01018
0.0033518 0.70587 0.69196 0.013905
0.0013013 0.70753 0.69252 0.015007
0.00035109 0.70798 0.69309 0.014894
0.00019958 0.70824 0.69365 0.014588
0.00026644 0.70858 0.69421 0.014366
0.0010549 0.70993 0.69477 0.015153
0.00077612 0.71092 0.69533 0.015584
2.7864e-08 0.71092 0.6959 0.015022
0.0012142 0.71247 0.69646 0.016013
8.7417e-05 0.71258 0.69702 0.015563
4.4604e-05 0.71264 0.69758 0.015058
0.00031509 0.71304 0.69815 0.014898
4.0404e-05 0.7131 0.69871 0.014388
8.4526e-05 0.7132 0.69927 0.013934
0.00050399 0.71385 0.69983 0.014016
0.00068138 0.71472 0.70039 0.014326
8.5637e-05 0.71483 0.70096 0.013873
0.00054821 0.71553 0.70152 0.014012
3.7167e-08 0.71553 0.70208 0.01345
1.2789e-08 0.71553 0.70264 0.012888
0.0005846 0.71628 0.7032 0.013074
0.00083395 0.71734 0.70377 0.013578
0.00063071 0.71815 0.70433 0.013823
2.4838e-09 0.71815 0.70489 0.013261
9.8453e-08 0.71815 0.70545 0.012699
1.2789e-08 0.71815 0.70601 0.012137
0.0030925 0.72211 0.70658 0.01553
0.00052468 0.72278 0.70714 0.015639
7.8095e-09 0.72278 0.7077 0.015077
2.4838e-09 0.72278 0.70826 0.014515
0.0017999 0.72508 0.70883 0.016255
9.6849e-08 0.72508 0.70939 0.015693
0.0010554 0.72643 0.70995 0.016481
3.7274e-08 0.72643 0.71051 0.015919
9.8453e-08 0.72643 0.71107 0.015357
0.0030924 0.73039 0.71164 0.01875
4.2199e-08 0.73039 0.7122 0.018188
9.8453e-08 0.73039 0.71276 0.017626
4.4341e-08 0.73039 0.71332 0.017064
0.0018904 0.7328 0.71388 0.01892
0.0010553 0.73415 0.71445 0.019707
8.6155e-08 0.73415 0.71501 0.019145
8.6155e-08 0.73415 0.71557 0.018583
7.4549e-08 0.73415 0.71613 0.018021
3.8374e-08 0.73415 0.71669 0.017459
4.2361e-05 0.73421 0.71726 0.016951
0.00012065 0.73436 0.71782 0.016544
1.6898e-05 0.73438 0.71838 0.016003
8.4818e-06 0.7344 0.71894 0.015452
3.4636e-05 0.73444 0.71951 0.014934
0.00037027 0.73491 0.72007 0.014846
7.4335e-08 0.73491 0.72063 0.014284
4.5172e-09 0.73491 0.72119 0.013721
1.5619e-08 0.73491 0.72175 0.013159
2.5578e-08 0.73491 0.72232 0.012597
5.237e-08 0.73491 0.72288 0.012035
0.0008487 0.736 0.72344 0.012559
0.0018455 0.73836 0.724 0.014357
0.0018904 0.74078 0.72456 0.016213
0.0010942 0.74218 0.72513 0.01705
0.0010553 0.74353 0.72569 0.017838
8.6155e-08 0.74353 0.72625 0.017276
8.6155e-08 0.74353 0.72681 0.016714
3.8374e-08 0.74353 0.72737 0.016152
0.0014403 0.74537 0.72794 0.017432
7.7292e-08 0.74537 0.7285 0.01687
3.7274e-08 0.74537 0.72906 0.016308
1.9187e-08 0.74537 0.72962 0.015746
1.5619e-08 0.74537 0.73019 0.015184
4.2921e-09 0.74537 0.73075 0.014622
0.000231 0.74566 0.73131 0.014355
7.8096e-09 0.74566 0.73187 0.013793
7.4335e-08 0.74566 0.73243 0.013231
7.4335e-08 0.74566 0.733 0.012669
1.5619e-08 0.74566 0.73356 0.012107
4.2922e-09 0.74566 0.73412 0.011545
7.4549e-08 0.74567 0.73468 0.010983
7.4549e-08 0.74567 0.73524 0.010421
3.8374e-08 0.74567 0.73581 0.0098586
4.4341e-08 0.74567 0.73637 0.0092965
0.00031561 0.74607 0.73693 0.0091381
2.5579e-08 0.74607 0.73749 0.008576
0.0037683 0.75089 0.73806 0.012834
5.2368e-08 0.75089 0.73862 0.012272
0.00091475 0.75206 0.73918 0.01288
2.5578e-08 0.75206 0.73974 0.012318
0.00043998 0.75262 0.7403 0.012318
0.0022689 0.75552 0.74087 0.014658
0.0021258 0.75824 0.74143 0.016815
7.4549e-08 0.75824 0.74199 0.016253
0.00016194 0.75845 0.74255 0.015898
0.00054673 0.75915 0.74311 0.016035
0.00057892 0.75989 0.74368 0.016214
0.0018842 0.7623 0.74424 0.018062
1.5619e-08 0.7623 0.7448 0.0175
2.3987e-05 0.76233 0.74536 0.016968
5.8151e-05 0.76241 0.74592 0.01648
4.5569e-06 0.76241 0.74649 0.015924
0.00018202 0.76264 0.74705 0.015595
0.00012127 0.7628 0.74761 0.015188
0.00018716 0.76304 0.74817 0.014865
8.387e-05 0.76315 0.74874 0.01441
4.609e-06 0.76315 0.7493 0.013854
5.5362e-06 0.76316 0.74986 0.013299
0.00027839 0.76351 0.75042 0.013093
7.4706e-05 0.76361 0.75098 0.012626
0.00012306 0.76377 0.75155 0.012222
0.00025169 0.76409 0.75211 0.011982
2.0977e-06 0.76409 0.75267 0.011422
2.419e-06 0.7641 0.75323 0.010863
6.5524e-06 0.7641 0.75379 0.010309
9.3945e-06 0.76412 0.75436 0.0097593
0.00022547 0.7644 0.75492 0.0094855
0.00014986 0.7646 0.75548 0.0091151
2.9506e-05 0.76463 0.75604 0.0085907
3.6561e-05 0.76468 0.7566 0.0080754
4.56e-06 0.76469 0.75717 0.0075191
0.00013096 0.76485 0.75773 0.0071245
3.2502e-05 0.7649 0.75829 0.006604
0.00010247 0.76503 0.75885 0.0061729
1.4538e-05 0.76504 0.75942 0.0056294
6.9209e-05 0.76513 0.75998 0.0051558
0.00020108 0.76539 0.76054 0.0048509
0.00071398 0.7663 0.7611 0.005202
1.7628e-05 0.76633 0.76166 0.0046624
1.0631e-05 0.76634 0.76223 0.0041139
0.00072262 0.76726 0.76279 0.0044761
3.0192e-05 0.7673 0.76335 0.0039526
3.2453e-06 0.76731 0.76391 0.0033946
8.6221e-05 0.76742 0.76447 0.0029428
0.0019156 0.76987 0.76504 0.0048308
0.00010661 0.77 0.7656 0.004405
0.00065299 0.77084 0.76616 0.0046781
6.4813e-05 0.77092 0.76672 0.0041989
3.3246e-05 0.77096 0.76728 0.0036793
7.8694e-05 0.77106 0.76785 0.0032179
4.5347e-08 0.77107 0.76841 0.0026558
4.5347e-08 0.77107 0.76897 0.0020938
0.00065465 0.7719 0.76953 0.002369
0.00052628 0.77258 0.7701 0.00248
0.00018894 0.77282 0.77066 0.0021596
4.3731e-06 0.77282 0.77122 0.0016031
1.2936e-09 0.77282 0.77178 0.0010409
3.5937e-06 0.77283 0.77234 0.00048343
0.00085789 0.77392 0.77291 0.0010186
2.6239e-08 0.77392 0.77347 0.00045653
0.00046694 0.77452 0.77403 0.00049166
0.00065059 0.77535 0.77459 0.00076169
0.00063739 0.77617 0.77515 0.0010148
0.00017467 0.77639 0.77572 0.00067613
0.0012488 0.77799 0.77628 0.0017113
5.3444e-08 0.77799 0.77684 0.0011492
2.5545e-08 0.77799 0.7774 0.00058714
1.5178e-08 0.77799 0.77797 2.5043e-05
1.4316e-06 0.77799 0.77853 0.00053524
0.00044452 0.77856 0.77909 0.00052878
1.8885e-06 0.77856 0.77965 0.0010885
7.5451e-07 0.77856 0.78021 0.0016496
6.0935e-07 0.77856 0.78078 0.002211
6.5203e-05 0.77865 0.78134 0.0026897
3.7536e-08 0.77865 0.7819 0.0032517
3.7536e-08 0.77865 0.78246 0.0038138
0.0010209 0.77995 0.78302 0.0030701
0.0010144 0.78125 0.78359 0.0023347
3.7476e-08 0.78125 0.78415 0.0028968
7.8298e-05 0.78135 0.78471 0.0033587
9.3169e-06 0.78136 0.78527 0.0039089
0.00016902 0.78158 0.78583 0.0042549
0.00020955 0.78185 0.7864 0.004549
0.00010381 0.78198 0.78696 0.0049783
5.6794e-05 0.78205 0.78752 0.0054678
0.001401 0.78385 0.78808 0.0042379
0.00033263 0.78427 0.78865 0.0043745
1.5741e-09 0.78427 0.78921 0.0049366
7.9347e-06 0.78428 0.78977 0.0054886
6.5927e-06 0.78429 0.79033 0.0060423
1.3484e-09 0.78429 0.79089 0.0066044
0.00040208 0.7848 0.79146 0.0066522
1.0568e-05 0.78482 0.79202 0.0072008
0.00076133 0.78579 0.79258 0.0067891
0.00011278 0.78594 0.79314 0.007207
6.451e-05 0.78602 0.7937 0.0076866
0.00052528 0.78669 0.79427 0.0075768
0.0002335 0.78699 0.79483 0.0078403
0.0013566 0.78872 0.79539 0.0066673
0.00017128 0.78894 0.79595 0.0070103
2.0069e-08 0.78894 0.79651 0.0075724
0.00017012 0.78916 0.79708 0.0079169
0.0004021 0.78967 0.79764 0.0079647
2.3674e-08 0.78967 0.7982 0.0085268
2.6678e-05 0.78971 0.79876 0.0090548
4.5125e-05 0.78977 0.79933 0.0095592
0.0001295 0.78993 0.79989 0.0099556
2.3626e-08 0.78993 0.80045 0.010518
5.6346e-10 0.78993 0.80101 0.01108
7.2582e-08 0.78993 0.80157 0.011642
7.2583e-08 0.78993 0.80214 0.012204
0.00085875 0.79103 0.8027 0.011668
6.8536e-08 0.79103 0.80326 0.01223
9.6187e-08 0.79103 0.80382 0.012792
0.00085877 0.79213 0.80438 0.012255
0.00059281 0.79289 0.80495 0.012059
7.2117e-08 0.79289 0.80551 0.012621
8.6385e-08 0.79289 0.80607 0.013183
0.00026697 0.79323 0.80663 0.013404
0.00037495 0.79371 0.8072 0.013486
2.8637e-08 0.79371 0.80776 0.014048
4.001e-05 0.79376 0.80832 0.014559
0.0001615 0.79397 0.80888 0.014915
0.00050389 0.79461 0.80944 0.014833
0.0013037 0.79628 0.81001 0.013727
7.7678e-08 0.79628 0.81057 0.014289
8.3936e-08 0.79628 0.81113 0.014851
8.6547e-05 0.79639 0.81169 0.015303
0.00054326 0.79708 0.81225 0.01517
0.00012716 0.79725 0.81282 0.015569
8.439e-06 0.79726 0.81338 0.016121
2.1511e-05 0.79729 0.81394 0.016655
1.8289e-08 0.79729 0.8145 0.017217
0.00015141 0.79748 0.81506 0.017586
1.0286e-05 0.79749 0.81563 0.018135
0.00071102 0.7984 0.81619 0.017787
0.00048808 0.79903 0.81675 0.017725
0.00019029 0.79927 0.81731 0.018044
0.00015445 0.79947 0.81788 0.018409
2.7404e-08 0.79947 0.81844 0.018971
0.00011862 0.79962 0.819 0.019381
1.1403e-05 0.79963 0.81956 0.019929
0.00013883 0.79981 0.82012 0.020313
3.5049e-05 0.79986 0.82069 0.02083
0.0016316 0.80194 0.82125 0.019305
0.00067575 0.80281 0.82181 0.019003
0.00027108 0.80315 0.82237 0.019219
9.22e-05 0.80327 0.82293 0.019663
0.0023704 0.8063 0.8235 0.017193
0.00072917 0.80724 0.82406 0.016823
6.2712e-12 0.80724 0.82462 0.017385
4.732e-08 0.80724 0.82518 0.017947
0.00016486 0.80745 0.82574 0.018298
0.0001992 0.8077 0.82631 0.018605
0.0019668 0.81022 0.82687 0.016652
1.3436e-07 0.81022 0.82743 0.017214
1.4552e-07 0.81022 0.82799 0.017776
7.4672e-08 0.81022 0.82856 0.018338
0.0019667 0.81273 0.82912 0.016384
1.8885e-06 0.81274 0.82968 0.016944
0.0001923 0.81298 0.83024 0.01726
7.4672e-08 0.81298 0.8308 0.017822
0.00030851 0.81338 0.83137 0.01799
0.00024423 0.81369 0.83193 0.018239
0.00019358 0.81394 0.83249 0.018554
0.00038228 0.81443 0.83305 0.018627
0.00083387 0.81549 0.83361 0.018122
2.0774e-05 0.81552 0.83418 0.018658
0.00074465 0.81647 0.83474 0.018268
0.00083376 0.81754 0.8353 0.017763
0.00055536 0.81825 0.83586 0.017615
3.32e-12 0.81825 0.83642 0.018177
2.6089e-08 0.81825 0.83699 0.018739
1.1067e-12 0.81825 0.83755 0.019301
1.1067e-12 0.81825 0.83811 0.019864
1.1067e-12 0.81825 0.83867 0.020426
1.2588e-07 0.81825 0.83924 0.020988
1.2422e-07 0.81825 0.8398 0.02155
3.9257e-08 0.81825 0.84036 0.022112
0.0017444 0.82048 0.84092 0.020443
0.00040457 0.821 0.84148 0.020487
8.3683e-08 0.821 0.84205 0.021049
8.393e-08 0.821 0.84261 0.021611
0.0015901 0.82303 0.84317 0.02014
0.00023407 0.82333 0.84373 0.020402
1.2589e-07 0.82333 0.84429 0.020964
0.00071691 0.82425 0.84486 0.020609
1.4306e-07 0.82425 0.84542 0.021171
0.0018598 0.82663 0.84598 0.019355
1.2422e-07 0.82663 0.84654 0.019916
2.1258e-08 0.82663 0.84711 0.020479
0.0015901 0.82866 0.84767 0.019007
0.00054176 0.82935 0.84823 0.018876
1.2427e-07 0.82935 0.84879 0.019438
8.3927e-08 0.82935 0.84935 0.02
4.7216e-06 0.82936 0.84992 0.020556
6.2169e-05 0.82944 0.85048 0.021039
2.4881e-08 0.82944 0.85104 0.021601
4.2375e-08 0.82944 0.8516 0.022163
0.00054187 0.83013 0.85216 0.022032
0.00032843 0.83055 0.85273 0.022174
0.0012383 0.83214 0.85329 0.021152
2.7033e-12 0.83214 0.85385 0.021714
2.2994e-08 0.83214 0.85441 0.022276
2.5603e-13 0.83214 0.85497 0.022838
1.4306e-07 0.83214 0.85554 0.0234
0.00082502 0.83319 0.8561 0.022907
0.0019957 0.83574 0.85666 0.020917
0.00029948 0.83613 0.85722 0.021096
0.0005359 0.83681 0.85779 0.020972
0.00070581 0.83772 0.85835 0.020632
6.1998e-05 0.8378 0.85891 0.021114
0.00044698 0.83837 0.85947 0.021105
0.0011479 0.83984 0.86003 0.020199
0.00043695 0.84039 0.8606 0.020202
0.00030272 0.84078 0.86116 0.020377
0.00021652 0.84106 0.86172 0.020662
0.00050261 0.8417 0.86228 0.020581
0.0011035 0.84311 0.86284 0.019732
0.00065979 0.84396 0.86341 0.01945
0.00062096 0.84475 0.86397 0.019218
0.00031556 0.84515 0.86453 0.019376
0.0017549 0.8474 0.86509 0.017694
0.0021901 0.8502 0.86565 0.015455
8.4777e-05 0.85031 0.86622 0.015908
1.3493e-08 0.85031 0.86678 0.016471
4.4203e-08 0.85031 0.86734 0.017033
0.00069752 0.8512 0.8679 0.016703
0.0006188 0.85199 0.86847 0.016473
1.2023e-07 0.85199 0.86903 0.017035
7.301e-08 0.85199 0.86959 0.017597
0.00091475 0.85316 0.87015 0.016989
0.00093866 0.85436 0.87071 0.016351
5.0428e-09 0.85436 0.87128 0.016913
0.00057892 0.8551 0.87184 0.016735
0.00054676 0.8558 0.8724 0.016597
0.00018675 0.85604 0.87296 0.016921
1.5619e-08 0.85604 0.87352 0.017483
0.00011469 0.85619 0.87409 0.017898
0.0037683 0.86101 0.87465 0.01364
5.2366e-08 0.86101 0.87521 0.014202
2.5579e-08 0.86101 0.87577 0.014764
0.00093863 0.86221 0.87634 0.014126
0.00095732 0.86343 0.8769 0.013464
0.0013081 0.86511 0.87746 0.012353
0.00072406 0.86603 0.87802 0.011989
0.00012005 0.86619 0.87858 0.012397
0.0003934 0.86669 0.87915 0.012456
0.00041671 0.86722 0.87971 0.012485
0.00017917 0.86745 0.88027 0.012818
0.00026572 0.86779 0.88083 0.01304
0.00054673 0.86849 0.88139 0.012903
0.00043732 0.86905 0.88196 0.012906
0.0014403 0.87089 0.88252 0.011626
6.5438e-08 0.87089 0.88308 0.012188
0.0020867 0.87356 0.88364 0.010081
5.9461e-08 0.87356 0.8842 0.010643
0.0011421 0.87502 0.88477 0.0097442
6.3079e-08 0.87502 0.88533 0.010306
0.00082497 0.87608 0.88589 0.0098132
2.0322e-08 0.87608 0.88645 0.010375
3.3261e-12 0.87608 0.88702 0.010937
6.5435e-08 0.87608 0.88758 0.011499
7.4335e-08 0.87608 0.88814 0.012061
3.8374e-08 0.87608 0.8887 0.012623
0.00038541 0.87657 0.88926 0.012693
5.2198e-08 0.87657 0.88983 0.013255
0.0010997 0.87798 0.89039 0.01241
0.0001387 0.87816 0.89095 0.012795
0.0022946 0.88109 0.89151 0.010422
2.2084e-12 0.88109 0.89207 0.010984
2.5578e-08 0.88109 0.89264 0.011546
0.0013759 0.88285 0.8932 0.010349
0.00022956 0.88314 0.89376 0.010617
0.00085634 0.88424 0.89432 0.010084
0.0002678 0.88458 0.89488 0.010303
0.00029252 0.88496 0.89545 0.010491
1.9852e-08 0.88496 0.89601 0.011054
0.0005531 0.88566 0.89657 0.010908
0.00044607 0.88623 0.89713 0.0109
0.00019628 0.88648 0.8977 0.011211
0.0002444 0.8868 0.89826 0.01146
0.0018303 0.88914 0.89882 0.0096814
0.00090366 0.89029 0.89938 0.0090877
0.0012572 0.8919 0.89994 0.0080418
9.1829e-08 0.8919 0.90051 0.0086038
0.0024867 0.89508 0.90107 0.0059852
1.0028e-07 0.89508 0.90163 0.0065472
9.4969e-08 0.89508 0.90219 0.0071092
9.6188e-08 0.89508 0.90275 0.0076712
0.00023116 0.89538 0.90332 0.0079376
8.3927e-08 0.89538 0.90388 0.0084996
0.00052672 0.89605 0.90444 0.008388
0.00068213 0.89693 0.905 0.0080777
0.00037477 0.8974 0.90556 0.0081604
7.2117e-08 0.8974 0.90613 0.0087224
0.00053911 0.89809 0.90669 0.008595
0.00080365 0.89912 0.90725 0.0081292
7.7675e-08 0.89912 0.90781 0.0086912
0.00039508 0.89963 0.90838 0.008748
0.00012171 0.89978 0.90894 0.0091544
0.00066702 0.90064 0.9095 0.0088634
0.0010016 0.90192 0.91006 0.0081444
0.00036435 0.90238 0.91062 0.0082405
5.0967e-05 0.90245 0.91119 0.0087374
3.8787e-08 0.90245 0.91175 0.0092995
0.00052686 0.90312 0.91231 0.0091877
1.0028e-07 0.90312 0.91287 0.0097497
2.7849e-07 0.90312 0.91343 0.010311
0.00091752 0.9043 0.914 0.0097
0.0024866 0.90748 0.91456 0.0070815
0.00071676 0.90839 0.91512 0.0067268
0.00052581 0.90907 0.91568 0.0066164
0.00030087 0.90945 0.91625 0.0067937
2.6207e-05 0.90948 0.91681 0.0073223
0.00021269 0.90976 0.91737 0.0076124
1.5282e-08 0.90976 0.91793 0.0081745
0.0012708 0.91138 0.91849 0.0071111
0.00096801 0.91262 0.91906 0.0064351
0.0002113 0.91289 0.91962 0.0067269
0.00038723 0.91339 0.92018 0.0067937
1.5045e-08 0.91339 0.92074 0.0073558
2.1248e-05 0.91341 0.9213 0.0078908
1.5045e-08 0.91341 0.92187 0.0084528
1.5045e-08 0.91341 0.92243 0.0090149
0.00049224 0.91404 0.92299 0.0089474
5.8292e-05 0.91412 0.92355 0.009435
0.0025551 0.91739 0.92411 0.006729
1.7e-07 0.91739 0.92468 0.0072909
1.7e-07 0.91739 0.92524 0.0078528
0.0020278 0.91998 0.9258 0.0058213
0.00082677 0.92104 0.92636 0.0053259
2.4914e-05 0.92107 0.92693 0.0058562
1.0482e-07 0.92107 0.92749 0.0064182
1.0482e-07 0.92107 0.92805 0.0069801
0.0012912 0.92272 0.92861 0.0058907
0.00014601 0.92291 0.92917 0.006266
0.00052446 0.92358 0.92974 0.0061573
0.00046724 0.92418 0.9303 0.0061218
0.0011871 0.92569 0.93086 0.0051656
4.745e-08 0.92569 0.93142 0.0057277
3.0237e-08 0.92569 0.93198 0.0062897
0.00056803 0.92642 0.93255 0.0061253
0.00029927 0.9268 0.93311 0.0063046
0.00046328 0.9274 0.93367 0.0062742
1.2195e-07 0.9274 0.93423 0.0068361
0.0010128 0.92869 0.93479 0.0061028
0.00025406 0.92902 0.93536 0.0063399
0.00049283 0.92965 0.93592 0.0062717
0.001078 0.93103 0.93648 0.005455
0.0011376 0.93248 0.93704 0.0045621
0.00055296 0.93319 0.93761 0.0044169
2.2583e-09 0.93319 0.93817 0.004979
0.00020604 0.93345 0.93873 0.0052776
3.4342e-05 0.9335 0.93929 0.0057958
0.00040341 0.93401 0.93985 0.0058419
0.00093822 0.93521 0.94042 0.0052039
0.0003213 0.93562 0.94098 0.0053551
0.00083638 0.93669 0.94154 0.0048474
8.1069e-05 0.9368 0.9421 0.0053058
0.0002994 0.93718 0.94266 0.005485
0.00010277 0.93731 0.94323 0.0059157
0.00083351 0.93838 0.94379 0.0054117
4.7225e-06 0.93838 0.94435 0.0059677
1.2136e-09 0.93838 0.94491 0.0065298
6.287e-05 0.93846 0.94547 0.0070115
0.00014203 0.93865 0.94604 0.007392
0.00084129 0.93972 0.9466 0.006878
0.00089588 0.94087 0.94716 0.0062943
0.00049053 0.94149 0.94772 0.006229
0.00044105 0.94206 0.94829 0.0062269
4.236e-05 0.94211 0.94885 0.0067349
0.00011278 0.94226 0.94941 0.0071527
0.00045288 0.94284 0.94997 0.0071356
9.4174e-05 0.94296 0.95053 0.0075772
0.00064765 0.94379 0.9511 0.007311
0.00049205 0.94441 0.95166 0.0072437
0.0001428 0.9446 0.95222 0.0076232
0.00063413 0.94541 0.95278 0.0073742
0.0013109 0.94708 0.95334 0.0062596
0.00013442 0.94726 0.95391 0.0066498
3.8822e-08 0.94726 0.95447 0.0072119
0.00012948 0.94742 0.95503 0.0076084
2.6678e-05 0.94746 0.95559 0.0081364
3.6125e-09 0.94746 0.95616 0.0086985
6.2875e-05 0.94754 0.95672 0.0091802
0.0006917 0.94842 0.95728 0.0088576
0.0009642 0.94966 0.95784 0.0081864
9.7259e-08 0.94966 0.9584 0.0087484
3.8822e-08 0.94966 0.95897 0.0093105
2.5445e-05 0.94969 0.95953 0.00984
0.0011601 0.95117 0.96009 0.0089183
3.8458e-05 0.95122 0.96065 0.0094313
0.001254 0.95282 0.96121 0.0083895
0.00029405 0.9532 0.96178 0.0085755
0.00053116 0.95388 0.96234 0.0084582
0.00092745 0.95507 0.9629 0.007834
0.00040989 0.95559 0.96346 0.0078719
0.00060512 0.95636 0.96402 0.00766
0.00092573 0.95755 0.96459 0.007038
0.00083966 0.95862 0.96515 0.0065262
6.7639e-05 0.95871 0.96571 0.0070018
0.00064578 0.95954 0.96627 0.0067379
6.6088e-10 0.95954 0.96684 0.0073
1.7482e-05 0.95956 0.9674 0.0078398
0.00034259 0.96 0.96796 0.0079637
0.00058794 0.96075 0.96852 0.0077738
0.00036701 0.96122 0.96908 0.0078665
9.3969e-05 0.96134 0.96965 0.0083084
0.00015986 0.96154 0.97021 0.008666
0.00045101 0.96212 0.97077 0.0086513
0.00067932 0.96299 0.97133 0.0083445
0.00046766 0.96359 0.97189 0.0083084
0.0015035 0.96551 0.97246 0.0069475
0.00058508 0.96626 0.97302 0.0067613
0.0016789 0.9684 0.97358 0.0051759
1.6612e-05 0.96843 0.97414 0.0057168
9.97e-05 0.96855 0.9747 0.0061514
9.3857e-06 0.96857 0.97527 0.0067015
9.9719e-06 0.96858 0.97583 0.0072509
7.2322e-05 0.96867 0.97639 0.0077205
0.00032117 0.96908 0.97695 0.0078718
0.0002679 0.96942 0.97752 0.0080913
0.00067565 0.97029 0.97808 0.0077892
2.7695e-05 0.97032 0.97864 0.0083159
0.00042258 0.97086 0.9792 0.0083375
0.00010028 0.97099 0.97976 0.0087713
0.00024399 0.9713 0.98033 0.0090214
0.00025192 0.97163 0.98089 0.0092613
0.00026812 0.97197 0.98145 0.0094804
2.2932e-05 0.972 0.98201 0.010013
5.1085e-05 0.97206 0.98257 0.01051
9.1081e-06 0.97208 0.98314 0.01106
0.00015472 0.97227 0.9837 0.011425
9.9631e-06 0.97229 0.98426 0.011974
7.1291e-05 0.97238 0.98482 0.012445
0.00064065 0.9732 0.98539 0.012188
3.4043e-05 0.97324 0.98595 0.012706
2.7993e-05 0.97328 0.98651 0.013233
6.8433e-10 0.97328 0.98707 0.013795
1.8391e-08 0.97328 0.98763 0.014357
0.0016552 0.97539 0.9882 0.012802
0.0021704 0.97817 0.98876 0.010588
0.0005686 0.9789 0.98932 0.010422
0.0010765 0.98027 0.98988 0.0096077
0.00059073 0.98103 0.99044 0.0094143
0.0005215 0.9817 0.99101 0.0093094
0.0012076 0.98324 0.99157 0.0083268
0.0018037 0.98555 0.99213 0.0065819
0.00021537 0.98582 0.99269 0.0068686
0.0012549 0.98743 0.99325 0.0058255
1.4778e-08 0.98743 0.99382 0.0063876
0.00074982 0.98839 0.99438 0.0059907
0.00076518 0.98937 0.99494 0.0055741
0.0004629 0.98996 0.9955 0.0055441
5.1888e-08 0.98996 0.99607 0.0061062
5.1888e-08 0.98996 0.99663 0.0066682
0.0025924 0.99327 0.99719 0.0039144
0.00060204 0.99405 0.99775 0.0037065
0.0015075 0.99597 0.99831 0.0023405
0.00052859 0.99665 0.99888 0.0022265
0.0009562 0.99787 0.99944 0.0015656
