0. 0. 0.5 0.5 0.5 0.5 0.5 0.5 0.5 0.5 0.5 0.5 0. 0. 0.5
0.6666666666666665 0. 0.5 0.5 0.5 0.5 0.5 0.5 0.5 0.5 0.5 0.5 0. 0.33333333333333326 0.16666666666666674
0.6666666666666665 1. 0.5 0.5 0.5 0.5 0.5 0.5 0.5 0.5 0.5 0.5 0.33333333333333326 0. 0.16666666666666674
1. 0. 0.5 0.5 0.5 0.5 0.5 0.5 0.5 0.5 0.5 0.5 0. 0.5 0.
0.33333333333333337 0. 0.5 0.5 0.5 0.5 0.5 0.5 0.5 0.5 0.5 0.5 0. 0.16666666666666669 0.3333333333333333
1. 0.6666666666666665 0.5 0.5 0.5 0.5 0.5 0.5 0.5 0.5 0.5 0.5 0.33333333333333326 0.16666666666666674 0.
1. 1. 0.5 0.5 0.5 0.5 0.5 0.5 0.5 0.5 0.5 0.5 0.5 0. 0.
0.33333333333333337 1. 0.5 0.5 0.5 0.5 0.5 0.5 0.5 0.5 0.5 0.5 0.16666666666666669 0. 0.3333333333333333
1. 0.33333333333333337 0.5 0.5 0.5 0.5 0.5 0.5 0.5 0.5 0.5 0.5 0.16666666666666669 0.3333333333333333 0.
0.5 0.5 0.5 0.5 0.5 0.5 0.5 0.5 0.5 0.5 0.5 0.5 0.125 0.125 0.25
0.8333333333333333 0.5 0.5 0.5 0.5 0.5 0.5 0.5 0.5 0.5 0.5 0.5 0.20833333333333331 0.20833333333333331 0.08333333333333337
0.16666666666666669 0.5 0.5 0.5 0.5 0.5 0.5 0.5 0.5 0.5 0.5 0.5 0.04166666666666667 0.04166666666666667 0.41666666666666663
0.5 0.8333333333333333 0.5 0.5 0.5 0.5 0.5 0.5 0.5 0.5 0.5 0.5 0.20833333333333331 0.041666666666666685 0.25
0.5 0.16666666666666669 0.5 0.5 0.5 0.5 0.5 0.5 0.5 0.5 0.5 0.5 0.04166666666666667 0.20833333333333331 0.25
0.8333333333333333 0.8333333333333333 0.5 0.5 0.5 0.5 0.5 0.5 0.5 0.5 0.5 0.5 0.34722222222222215 0.06944444444444448 0.08333333333333337
0.8333333333333333 0.16666666666666669 0.5 0.5 0.5 0.5 0.5 0.5 0.5 0.5 0.5 0.5 0.06944444444444445 0.3472222222222222 0.08333333333333337
0.16666666666666669 0.8333333333333333 0.5 0.5 0.5 0.5 0.5 0.5 0.5 0.5 0.5 0.5 0.06944444444444445 0.013888888888888897 0.41666666666666663
0.16666666666666669 0.16666666666666669 0.5 0.5 0.5 0.5 0.5 0.5 0.5 0.5 0.5 0.5 0.013888888888888892 0.06944444444444445 0.41666666666666663
0.9444444444444444 0.16666666666666669 0.5 0.5 0.5 0.5 0.5 0.5 0.5 0.5 0.5 0.5 0.0787037037037037 0.3935185185185185 0.02777777777777779
0.7222222222222221 0.16666666666666669 0.5 0.5 0.5 0.5 0.5 0.5 0.5 0.5 0.5 0.5 0.06018518518518518 0.3009259259259259 0.13888888888888895
0.8333333333333333 0.2777777777777778 0.5 0.5 0.5 0.5 0.5 0.5 0.5 0.5 0.5 0.5 0.11574074074074074 0.3009259259259259 0.08333333333333337
0.8333333333333333 0.05555555555555558 0.5 0.5 0.5 0.5 0.5 0.5 0.5 0.5 0.5 0.5 0.023148148148148157 0.3935185185185185 0.08333333333333337
0.9444444444444444 0.2777777777777778 0.5 0.5 0.5 0.5 0.5 0.5 0.5 0.5 0.5 0.5 0.13117283950617284 0.34104938271604934 0.02777777777777779
0.9444444444444444 0.05555555555555558 0.5 0.5 0.5 0.5 0.5 0.5 0.5 0.5 0.5 0.5 0.02623456790123458 0.44598765432098764 0.02777777777777779
0.2777777777777778 0.8333333333333333 0.5 0.5 0.5 0.5 0.5 0.5 0.5 0.5 0.5 0.5 0.11574074074074074 0.02314814814814816 0.3611111111111111
0.05555555555555558 0.8333333333333333 0.5 0.5 0.5 0.5 0.5 0.5 0.5 0.5 0.5 0.5 0.023148148148148157 0.004629629629629634 0.4722222222222222
0.16666666666666669 0.9444444444444444 0.5 0.5 0.5 0.5 0.5 0.5 0.5 0.5 0.5 0.5 0.0787037037037037 0.004629629629629632 0.41666666666666663
0.16666666666666669 0.7222222222222221 0.5 0.5 0.5 0.5 0.5 0.5 0.5 0.5 0.5 0.5 0.06018518518518518 0.02314814814814816 0.41666666666666663
0.2777777777777778 0.9444444444444444 0.5 0.5 0.5 0.5 0.5 0.5 0.5 0.5 0.5 0.5 0.13117283950617284 0.007716049382716053 0.3611111111111111
0.05555555555555558 0.9444444444444444 0.5 0.5 0.5 0.5 0.5 0.5 0.5 0.5 0.5 0.5 0.02623456790123458 0.0015432098765432113 0.4722222222222222
0.2777777777777778 0.16666666666666669 0.5 0.5 0.5 0.5 0.5 0.5 0.5 0.5 0.5 0.5 0.02314814814814815 0.11574074074074074 0.3611111111111111
0.05555555555555558 0.16666666666666669 0.5 0.5 0.5 0.5 0.5 0.5 0.5 0.5 0.5 0.5 0.004629629629629632 0.023148148148148157 0.4722222222222222
0.16666666666666669 0.2777777777777778 0.5 0.5 0.5 0.5 0.5 0.5 0.5 0.5 0.5 0.5 0.02314814814814815 0.06018518518518519 0.41666666666666663
0.16666666666666669 0.05555555555555558 0.5 0.5 0.5 0.5 0.5 0.5 0.5 0.5 0.5 0.5 0.004629629629629632 0.0787037037037037 0.41666666666666663
0.05555555555555558 0.2777777777777778 0.5 0.5 0.5 0.5 0.5 0.5 0.5 0.5 0.5 0.5 0.007716049382716053 0.020061728395061738 0.4722222222222222
0.05555555555555558 0.05555555555555558 0.5 0.5 0.5 0.5 0.5 0.5 0.5 0.5 0.5 0.5 0.0015432098765432113 0.02623456790123458 0.4722222222222222
0.9 0.1 0.5 0.5 0.5 0.5 0.5 0.5 0.5 0.5 0.5 0.5 0.045000000000000005 0.405 0.04999999999999999
0.9666666666666667 0.1 0.5 0.5 0.5 0.5 0.5 0.5 0.5 0.5 0.5 0.5 0.04833333333333334 0.435 0.016666666666666663
0.8333333333333334 0.1 0.5 0.5 0.5 0.5 0.5 0.5 0.5 0.5 0.5 0.5 0.04166666666666667 0.375 0.08333333333333331
0.9 0.16666666666666666 0.5 0.5 0.5 0.5 0.5 0.5 0.5 0.5 0.5 0.5 0.075 0.375 0.04999999999999999
0.9 0.03333333333333334 0.5 0.5 0.5 0.5 0.5 0.5 0.5 0.5 0.5 0.5 0.015000000000000003 0.435 0.04999999999999999
0.95 0.05 0.5 0.5 0.5 0.5 0.5 0.5 0.5 0.5 0.5 0.5 0.02375 0.45125 0.025000000000000022
0.9833333333333333 0.05 0.5 0.5 0.5 0.5 0.5 0.5 0.5 0.5 0.5 0.5 0.024583333333333332 0.4670833333333333 0.00833333333333336
0.9166666666666667 0.05 0.5 0.5 0.5 0.5 0.5 0.5 0.5 0.5 0.5 0.5 0.02291666666666667 0.4354166666666667 0.04166666666666663
0.95 0.08333333333333333 0.5 0.5 0.5 0.5 0.5 0.5 0.5 0.5 0.5 0.5 0.03958333333333333 0.4354166666666667 0.025000000000000022
0.95 0.01666666666666667 0.5 0.5 0.5 0.5 0.5 0.5 0.5 0.5 0.5 0.5 0.007916666666666667 0.4670833333333333 0.025000000000000022
0.975 0.025 0.5 0.5 0.5 0.5 0.5 0.5 0.5 0.5 0.5 0.5 0.0121875 0.47531249999999997 0.012500000000000011
0.9916666666666667 0.025 0.5 0.5 0.5 0.5 0.5 0.5 0.5 0.5 0.5 0.5 0.012395833333333335 0.4834375 0.004166666666666652
0.9583333333333333 0.025 0.5 0.5 0.5 0.5 0.5 0.5 0.5 0.5 0.5 0.5 0.011979166666666666 0.4671875 0.02083333333333337
0.975 0.041666666666666664 0.5 0.5 0.5 0.5 0.5 0.5 0.5 0.5 0.5 0.5 0.020312499999999997 0.4671875 0.012500000000000011
0.975 0.008333333333333335 0.5 0.5 0.5 0.5 0.5 0.5 0.5 0.5 0.5 0.5 0.004062500000000001 0.48343749999999996 0.012500000000000011
0.9875 0.0125 0.5 0.5 0.5 0.5 0.5 0.5 0.5 0.5 0.5 0.5 0.006171875 0.48757812500000003 0.006249999999999978
0.9958333333333333 0.0125 0.5 0.5 0.5 0.5 0.5 0.5 0.5 0.5 0.5 0.5 0.006223958333333334 0.49169270833333334 0.002083333333333326
0.9791666666666666 0.0125 0.5 0.5 0.5 0.5 0.5 0.5 0.5 0.5 0.5 0.5 0.006119791666666667 0.48346354166666666 0.010416666666666685
0.9875 0.020833333333333332 0.5 0.5 0.5 0.5 0.5 0.5 0.5 0.5 0.5 0.5 0.010286458333333333 0.48346354166666666 0.006249999999999978
0.9875 0.0041666666666666675 0.5 0.5 0.5 0.5 0.5 0.5 0.5 0.5 0.5 0.5 0.0020572916666666673 0.49169270833333334 0.006249999999999978
0.99375 0.00625 0.5 0.5 0.5 0.5 0.5 0.5 0.5 0.5 0.5 0.5 0.00310546875 0.49376953125 0.003124999999999989
0.9979166666666667 0.00625 0.5 0.5 0.5 0.5 0.5 0.5 0.5 0.5 0.5 0.5 0.0031184895833333334 0.49583984375 0.001041666666666663
0.9895833333333334 0.00625 0.5 0.5 0.5 0.5 0.5 0.5 0.5 0.5 0.5 0.5 0.003092447916666667 0.49169921875 0.005208333333333315
0.99375 0.010416666666666666 0.5 0.5 0.5 0.5 0.5 0.5 0.5 0.5 0.5 0.5 0.00517578125 0.49169921875 0.003124999999999989
0.99375 0.0020833333333333337 0.5 0.5 0.5 0.5 0.5 0.5 0.5 0.5 0.5 0.5 0.0010351562500000003 0.49583984375 0.003124999999999989
0.996875 0.003125 0.5 0.5 0.5 0.5 0.5 0.5 0.5 0.5 0.5 0.5 0.0015576171875 0.49687988281249995 0.0015625000000000222
0.9989583333333333 0.003125 0.5 0.5 0.5 0.5 0.5 0.5 0.5 0.5 0.5 0.5 0.0015608723958333334 0.4979182942708333 0.0005208333333333592
0.9947916666666667 0.003125 0.5 0.5 0.5 0.5 0.5 0.5 0.5 0.5 0.5 0.5 0.0015543619791666668 0.49584147135416673 0.0026041666666666297
0.996875 0.005208333333333333 0.5 0.5 0.5 0.5 0.5 0.5 0.5 0.5 0.5 0.5 0.0025960286458333332 0.4958414713541666 0.0015625000000000222
0.996875 0.0010416666666666669 0.5 0.5 0.5 0.5 0.5 0.5 0.5 0.5 0.5 0.5 0.0005192057291666667 0.4979182942708333 0.0015625000000000222
0.998435 0.0015625 0.500005 0.500005 0.500005 0.500005 0.500005 0.500005 0.500005 0.500005 0.500005 0.500005 0.0007800658560589562 0.49846208202167297 0.0007825386343914924
0.9994783333333334 0.0015625 0.500005 0.500005 0.500005 0.500005 0.500005 0.500005 0.500005 0.500005 0.500005 0.500005 0.0007808810004697807 0.4989829593001898 0.0002608462114638123
0.9973916666666667 0.0015625 0.500005 0.500005 0.500005 0.500005 0.500005 0.500005 0.500005 0.500005 0.500005 0.500005 0.0007792507116481317 0.4979412047431562 0.001304231057319117
0.998435 0.0026041666666666665 0.500005 0.500005 0.500005 0.500005 0.500005 0.500005 0.500005 0.500005 0.500005 0.500005 0.0013001097600982602 0.49794203811763366 0.0007825386343914924
0.998435 0.0005208333333333334 0.500005 0.500005 0.500005 0.500005 0.500005 0.500005 0.500005 0.500005 0.500005 0.500005 0.00026002195201965206 0.4989821259257122 0.0007825386343914924
0.99922 0.00078125 0.5 0.5 0.5 0.5 0.5 0.5 0.5 0.5 0.5 0.5 0.00039032031250000004 0.4992196796875 0.00039000000000000146
0.99974 0.00078125 0.5 0.5 0.5 0.5 0.5 0.5 0.5 0.5 0.5 0.5 0.00039052343750000003 0.49947947656249997 0.000130000000000019
0.9987 0.00078125 0.5 0.5 0.5 0.5 0.5 0.5 0.5 0.5 0.5 0.5 0.00039011718750000006 0.49895988281250003 0.0006499999999999839
0.99922 0.0013020833333333333 0.5 0.5 0.5 0.5 0.5 0.5 0.5 0.5 0.5 0.5 0.0006505338541666667 0.4989594661458333 0.00039000000000000146
0.99922 0.0002604166666666667 0.5 0.5 0.5 0.5 0.5 0.5 0.5 0.5 0.5 0.5 0.00013010677083333337 0.49947989322916664 0.00039000000000000146
0.99961 0.000390625 0.5 0.5 0.5 0.5 0.5 0.5 0.5 0.5 0.5 0.5 0.00019523632812500002 0.499609763671875 0.00019500000000000073
0.99987 0.000390625 0.5 0.5 0.5 0.5 0.5 0.5 0.5 0.5 0.5 0.5 0.000195287109375 0.499739712890625 0.00006499999999998174
0.99935 0.000390625 0.5 0.5 0.5 0.5 0.5 0.5 0.5 0.5 0.5 0.5 0.000195185546875 0.499479814453125 0.0003250000000000197
0.99961 0.0006510416666666666 0.5 0.5 0.5 0.5 0.5 0.5 0.5 0.5 0.5 0.5 0.0003253938802083333 0.49947960611979164 0.00019500000000000073
0.99961 0.00013020833333333336 0.5 0.5 0.5 0.5 0.5 0.5 0.5 0.5 0.5 0.5 0.00006507877604166668 0.4997399212239583 0.00019500000000000073
0.9 0.9 0.5 0.5 0.5 0.5 0.5 0.5 0.5 0.5 0.5 0.5 0.405 0.04499999999999999 0.04999999999999999
0.9666666666666667 0.9 0.5 0.5 0.5 0.5 0.5 0.5 0.5 0.5 0.5 0.5 0.435 0.048333333333333325 0.016666666666666663
0.8333333333333334 0.9 0.5 0.5 0.5 0.5 0.5 0.5 0.5 0.5 0.5 0.5 0.375 0.04166666666666666 0.08333333333333331
0.9 0.9666666666666667 0.5 0.5 0.5 0.5 0.5 0.5 0.5 0.5 0.5 0.5 0.435 0.014999999999999998 0.04999999999999999
0.9 0.8333333333333334 0.5 0.5 0.5 0.5 0.5 0.5 0.5 0.5 0.5 0.5 0.375 0.07499999999999998 0.04999999999999999
0.883335 0.85 0.5 0.5 0.5 0.5 0.5 0.5 0.5 0.5 0.5 0.5 0.375417375 0.066250125 0.05833250000000001
0.9611116666666667 0.85 0.5 0.5 0.5 0.5 0.5 0.5 0.5 0.5 0.5 0.5 0.40847245833333334 0.07208337500000002 0.01944416666666665
0.8055583333333333 0.85 0.5 0.5 0.5 0.5 0.5 0.5 0.5 0.5 0.5 0.5 0.34236229166666665 0.060416875 0.09722083333333337
0.883335 0.95 0.5 0.5 0.5 0.5 0.5 0.5 0.5 0.5 0.5 0.5 0.419584125 0.02208337500000002 0.05833250000000001
0.883335 0.75 0.5 0.5 0.5 0.5 0.5 0.5 0.5 0.5 0.5 0.5 0.331250625 0.110416875 0.05833250000000001
0.933335 0.9 0.5 0.5 0.5 0.5 0.5 0.5 0.5 0.5 0.5 0.5 0.42000075000000003 0.04666674999999999 0.03333249999999999
0.9777783333333333 0.9 0.5 0.5 0.5 0.5 0.5 0.5 0.5 0.5 0.5 0.5 0.44000025 0.04888891666666666 0.011110833333333348
0.8888916666666667 0.9 0.5 0.5 0.5 0.5 0.5 0.5 0.5 0.5 0.5 0.5 0.40000125000000003 0.04444458333333333 0.05555416666666663
0.933335 0.9666666666666667 0.5 0.5 0.5 0.5 0.5 0.5 0.5 0.5 0.5 0.5 0.45111191666666667 0.015555583333333331 0.03333249999999999
0.933335 0.8333333333333334 0.5 0.5 0.5 0.5 0.5 0.5 0.5 0.5 0.5 0.5 0.38888958333333334 0.07777791666666665 0.03333249999999999
0.88889 0.85 0.5 0.5 0.5 0.5 0.5 0.5 0.5 0.5 0.5 0.5 0.37777825 0.06666675000000001 0.05555500000000002
0.9629633333333333 0.85 0.5 0.5 0.5 0.5 0.5 0.5 0.5 0.5 0.5 0.5 0.40925941666666665 0.07222225 0.01851833333333336
0.8148166666666667 0.85 0.5 0.5 0.5 0.5 0.5 0.5 0.5 0.5 0.5 0.5 0.34629708333333337 0.06111125000000001 0.09259166666666663
0.88889 0.95 0.5 0.5 0.5 0.5 0.5 0.5 0.5 0.5 0.5 0.5 0.42222275 0.02222225000000002 0.05555500000000002
0.88889 0.75 0.5 0.5 0.5 0.5 0.5 0.5 0.5 0.5 0.5 0.5 0.33333375 0.11111125 0.05555500000000002
0.93889 0.9 0.5 0.5 0.5 0.5 0.5 0.5 0.5 0.5 0.5 0.5 0.4225005 0.046944499999999986 0.030555
0.97963 0.9 0.5 0.5 0.5 0.5 0.5 0.5 0.5 0.5 0.5 0.5 0.4408335 0.04898149999999999 0.010185
0.89815 0.9 0.5 0.5 0.5 0.5 0.5 0.5 0.5 0.5 0.5 0.5 0.4041675 0.04490749999999999 0.050925
0.93889 0.9666666666666667 0.5 0.5 0.5 0.5 0.5 0.5 0.5 0.5 0.5 0.5 0.4537968333333333 0.015648166666666664 0.030555
0.93889 0.8333333333333334 0.5 0.5 0.5 0.5 0.5 0.5 0.5 0.5 0.5 0.5 0.3912041666666667 0.07824083333333332 0.030555
1. 0.8 0.5 0.5 0.5 0.5 0.5 0.5 0.5 0.5 0.5 0.5 0.4 0.09999999999999998 0.
0.964815 0.8999999999999999 0.5 0.5 0.5 0.5 0.5 0.5 0.5 0.5 0.5 0.5 0.43416674999999993 0.04824075000000004 0.01759250000000001
0.9882716666666667 0.8999999999999999 0.5 0.5 0.5 0.5 0.5 0.5 0.5 0.5 0.5 0.5 0.44472224999999993 0.04941358333333338 0.00586416666666667
0.9413583333333333 0.8999999999999999 0.5 0.5 0.5 0.5 0.5 0.5 0.5 0.5 0.5 0.5 0.42361124999999994 0.04706791666666671 0.02932083333333335
0.964815 0.9333333333333332 0.5 0.5 0.5 0.5 0.5 0.5 0.5 0.5 0.5 0.5 0.45024699999999995 0.03216050000000004 0.01759250000000001
0.964815 0.8666666666666667 0.5 0.5 0.5 0.5 0.5 0.5 0.5 0.5 0.5 0.5 0.4180865 0.06432099999999999 0.01759250000000001
1. 0.95 0.5 0.5 0.5 0.5 0.5 0.5 0.5 0.5 0.5 0.5 0.475 0.025000000000000022 0.
0.894135 0.85 0.5 0.5 0.5 0.5 0.5 0.5 0.5 0.5 0.5 0.5 0.380007375 0.06706012500000001 0.05293249999999999
0.9647116666666666 0.85 0.5 0.5 0.5 0.5 0.5 0.5 0.5 0.5 0.5 0.5 0.4100024583333333 0.07235337500000001 0.017644166666666683
0.8235583333333334 0.85 0.5 0.5 0.5 0.5 0.5 0.5 0.5 0.5 0.5 0.5 0.3500122916666667 0.06176687500000001 0.0882208333333333
0.894135 0.95 0.5 0.5 0.5 0.5 0.5 0.5 0.5 0.5 0.5 0.5 0.424714125 0.02235337500000002 0.05293249999999999
0.894135 0.75 0.5 0.5 0.5 0.5 0.5 0.5 0.5 0.5 0.5 0.5 0.335300625 0.111766875 0.05293249999999999
0.944135 0.9 0.5 0.5 0.5 0.5 0.5 0.5 0.5 0.5 0.5 0.5 0.42486075 0.047206749999999985 0.027932500000000027
0.9813783333333334 0.9 0.5 0.5 0.5 0.5 0.5 0.5 0.5 0.5 0.5 0.5 0.44162025 0.049068916666666657 0.009310833333333324
0.9068916666666667 0.9 0.5 0.5 0.5 0.5 0.5 0.5 0.5 0.5 0.5 0.5 0.40810125 0.04534458333333332 0.046554166666666674
0.944135 0.9666666666666667 0.5 0.5 0.5 0.5 0.5 0.5 0.5 0.5 0.5 0.5 0.45633191666666667 0.01573558333333333 0.027932500000000027
0.944135 0.8333333333333334 0.5 0.5 0.5 0.5 0.5 0.5 0.5 0.5 0.5 0.5 0.39338958333333335 0.07867791666666664 0.027932500000000027
0.9691350000000001 0.8999999999999999 0.5 0.5 0.5 0.5 0.5 0.5 0.5 0.5 0.5 0.5 0.43611075 0.04845675000000005 0.01543249999999996
0.9897116666666667 0.8999999999999999 0.5 0.5 0.5 0.5 0.5 0.5 0.5 0.5 0.5 0.5 0.44537024999999997 0.049485583333333374 0.005144166666666672
0.9485583333333334 0.8999999999999999 0.5 0.5 0.5 0.5 0.5 0.5 0.5 0.5 0.5 0.5 0.42685124999999996 0.04742791666666671 0.025720833333333304
0.9691350000000001 0.9333333333333332 0.5 0.5 0.5 0.5 0.5 0.5 0.5 0.5 0.5 0.5 0.45226299999999997 0.03230450000000005 0.01543249999999996
0.9691350000000001 0.8666666666666667 0.5 0.5 0.5 0.5 0.5 0.5 0.5 0.5 0.5 0.5 0.41995850000000007 0.06460899999999999 0.01543249999999996
1. 0.89 0.5 0.5 0.5 0.5 0.5 0.5 0.5 0.5 0.5 0.5 0.445 0.05499999999999999 0.
0.982355 0.9 0.5 0.5 0.5 0.5 0.5 0.5 0.5 0.5 0.5 0.5 0.44205975 0.04911774999999999 0.008822500000000011
0.9941183333333333 0.9 0.5 0.5 0.5 0.5 0.5 0.5 0.5 0.5 0.5 0.5 0.44735325 0.049705916666666655 0.002940833333333337
0.9705916666666666 0.9 0.5 0.5 0.5 0.5 0.5 0.5 0.5 0.5 0.5 0.5 0.43676624999999997 0.04852958333333332 0.014704166666666685
0.982355 0.9166666666666667 0.5 0.5 0.5 0.5 0.5 0.5 0.5 0.5 0.5 0.5 0.4502460416666667 0.040931458333333295 0.008822500000000011
0.982355 0.8833333333333333 0.5 0.5 0.5 0.5 0.5 0.5 0.5 0.5 0.5 0.5 0.4338734583333333 0.05730404166666668 0.008822500000000011
0.99081 0.8999999999999999 0.5 0.5 0.5 0.5 0.5 0.5 0.5 0.5 0.5 0.5 0.44586449999999994 0.04954050000000004 0.004595000000000016
0.9969366666666667 0.8999999999999999 0.5 0.5 0.5 0.5 0.5 0.5 0.5 0.5 0.5 0.5 0.44862149999999995 0.04984683333333338 0.0015316666666666534
0.9846833333333334 0.8999999999999999 0.5 0.5 0.5 0.5 0.5 0.5 0.5 0.5 0.5 0.5 0.4431075 0.04923416666666671 0.0076583333333333226
0.99081 0.9083333333333333 0.5 0.5 0.5 0.5 0.5 0.5 0.5 0.5 0.5 0.5 0.44999287499999996 0.045412125000000005 0.004595000000000016
0.99081 0.8916666666666666 0.5 0.5 0.5 0.5 0.5 0.5 0.5 0.5 0.5 0.5 0.441736125 0.053668875000000026 0.004595000000000016
0.9953449999999999 0.9 0.5 0.5 0.5 0.5 0.5 0.5 0.5 0.5 0.5 0.5 0.44790525 0.049767249999999985 0.002327500000000038
0.9984483333333333 0.9 0.5 0.5 0.5 0.5 0.5 0.5 0.5 0.5 0.5 0.5 0.44930175 0.04992241666666665 0.0007758333333333645
0.9922416666666667 0.9 0.5 0.5 0.5 0.5 0.5 0.5 0.5 0.5 0.5 0.5 0.44650875 0.04961208333333332 0.0038791666666666558
0.9953449999999999 0.9041666666666667 0.5 0.5 0.5 0.5 0.5 0.5 0.5 0.5 0.5 0.5 0.44997888541666664 0.04769361458333333 0.002327500000000038
0.9953449999999999 0.8958333333333334 0.5 0.5 0.5 0.5 0.5 0.5 0.5 0.5 0.5 0.5 0.4458316145833333 0.05184088541666664 0.002327500000000038
1. 0.90625 0.5 0.5 0.5 0.5 0.5 0.5 0.5 0.5 0.5 0.5 0.453125 0.046875 0.
0.8992249999999999 0.85 0.5 0.5 0.5 0.5 0.5 0.5 0.5 0.5 0.5 0.5 0.382170625 0.06744187500000001 0.05038750000000003
0.9664083333333333 0.85 0.5 0.5 0.5 0.5 0.5 0.5 0.5 0.5 0.5 0.5 0.41072354166666664 0.072480625 0.016795833333333343
0.8320416666666667 0.85 0.5 0.5 0.5 0.5 0.5 0.5 0.5 0.5 0.5 0.5 0.35361770833333334 0.06240312500000001 0.08397916666666666
0.8992249999999999 0.95 0.5 0.5 0.5 0.5 0.5 0.5 0.5 0.5 0.5 0.5 0.42713187499999994 0.022480625000000018 0.05038750000000003
0.8992249999999999 0.75 0.5 0.5 0.5 0.5 0.5 0.5 0.5 0.5 0.5 0.5 0.337209375 0.11240312499999999 0.05038750000000003
0.949225 0.9 0.5 0.5 0.5 0.5 0.5 0.5 0.5 0.5 0.5 0.5 0.42715125 0.04746124999999999 0.025387500000000007
0.983075 0.9 0.5 0.5 0.5 0.5 0.5 0.5 0.5 0.5 0.5 0.5 0.44238375 0.04915374999999999 0.008462499999999984
0.9153749999999999 0.9 0.5 0.5 0.5 0.5 0.5 0.5 0.5 0.5 0.5 0.5 0.41191875 0.04576874999999999 0.04231250000000003
0.949225 0.9666666666666667 0.5 0.5 0.5 0.5 0.5 0.5 0.5 0.5 0.5 0.5 0.4587920833333333 0.015820416666666663 0.025387500000000007
0.949225 0.8333333333333334 0.5 0.5 0.5 0.5 0.5 0.5 0.5 0.5 0.5 0.5 0.3955104166666667 0.07910208333333331 0.025387500000000007
0.974225 0.8999999999999999 0.5 0.5 0.5 0.5 0.5 0.5 0.5 0.5 0.5 0.5 0.43840124999999996 0.048711250000000046 0.012887499999999996
0.9914083333333333 0.8999999999999999 0.5 0.5 0.5 0.5 0.5 0.5 0.5 0.5 0.5 0.5 0.44613374999999994 0.049570416666666714 0.004295833333333332
0.9570416666666667 0.8999999999999999 0.5 0.5 0.5 0.5 0.5 0.5 0.5 0.5 0.5 0.5 0.43066875 0.04785208333333338 0.02147916666666666
0.974225 0.9333333333333332 0.5 0.5 0.5 0.5 0.5 0.5 0.5 0.5 0.5 0.5 0.4546383333333333 0.032474166666666714 0.012887499999999996
0.974225 0.8666666666666667 0.5 0.5 0.5 0.5 0.5 0.5 0.5 0.5 0.5 0.5 0.4221641666666667 0.06494833333333332 0.012887499999999996
0.9867250000000001 0.9 0.5 0.5 0.5 0.5 0.5 0.5 0.5 0.5 0.5 0.5 0.44402625000000007 0.04933624999999999 0.006637499999999963
0.995575 0.9 0.5 0.5 0.5 0.5 0.5 0.5 0.5 0.5 0.5 0.5 0.44800875 0.04977874999999999 0.002212500000000006
0.977875 0.9 0.5 0.5 0.5 0.5 0.5 0.5 0.5 0.5 0.5 0.5 0.44004375 0.04889374999999999 0.011062499999999975
0.9867250000000001 0.9166666666666667 0.5 0.5 0.5 0.5 0.5 0.5 0.5 0.5 0.5 0.5 0.4522489583333334 0.041113541666666635 0.006637499999999963
0.9867250000000001 0.8833333333333333 0.5 0.5 0.5 0.5 0.5 0.5 0.5 0.5 0.5 0.5 0.4358035416666667 0.057558958333333354 0.006637499999999963
1. 0.925 0.5 0.5 0.5 0.5 0.5 0.5 0.5 0.5 0.5 0.5 0.4625 0.03749999999999998 0.
0.9929749999999999 0.8999999999999999 0.5 0.5 0.5 0.5 0.5 0.5 0.5 0.5 0.5 0.5 0.44683874999999995 0.04964875000000004 0.0035125000000000295
0.9976583333333333 0.8999999999999999 0.5 0.5 0.5 0.5 0.5 0.5 0.5 0.5 0.5 0.5 0.44894624999999994 0.04988291666666671 0.0011708333333333432
0.9882916666666667 0.8999999999999999 0.5 0.5 0.5 0.5 0.5 0.5 0.5 0.5 0.5 0.5 0.44473124999999997 0.04941458333333338 0.00585416666666666
0.9929749999999999 0.9083333333333333 0.5 0.5 0.5 0.5 0.5 0.5 0.5 0.5 0.5 0.5 0.4509761458333333 0.04551135416666667 0.0035125000000000295
0.9929749999999999 0.8916666666666666 0.5 0.5 0.5 0.5 0.5 0.5 0.5 0.5 0.5 0.5 0.4427013541666666 0.05378614583333336 0.0035125000000000295
1. 0.9125 0.5 0.5 0.5 0.5 0.5 0.5 0.5 0.5 0.5 0.5 0.45625 0.04375000000000001 0.
0.9961 0.9 0.5 0.5 0.5 0.5 0.5 0.5 0.5 0.5 0.5 0.5 0.448245 0.04980499999999999 0.0019500000000000073
0.9987 0.9 0.5 0.5 0.5 0.5 0.5 0.5 0.5 0.5 0.5 0.5 0.449415 0.04993499999999999 0.0006499999999999839
0.9934999999999999 0.9 0.5 0.5 0.5 0.5 0.5 0.5 0.5 0.5 0.5 0.5 0.447075 0.04967499999999998 0.0032500000000000306
0.9961 0.9041666666666667 0.5 0.5 0.5 0.5 0.5 0.5 0.5 0.5 0.5 0.5 0.4503202083333333 0.04772979166666666 0.0019500000000000073
0.9961 0.8958333333333334 0.5 0.5 0.5 0.5 0.5 0.5 0.5 0.5 0.5 0.5 0.4461697916666667 0.051880208333333316 0.0019500000000000073
0.9977849999999999 0.8999999999999999 0.500005 0.500005 0.500005 0.500005 0.500005 0.500005 0.500005 0.500005 0.500005 0.500005 0.44902541864834905 0.049891713183149944 0.0011075546806243923
0.9992616666666666 0.8999999999999999 0.500005 0.500005 0.500005 0.500005 0.500005 0.500005 0.500005 0.500005 0.500005 0.500005 0.4496899514567237 0.04996555016185823 0.0003691848935414826
0.9963083333333334 0.8999999999999999 0.500005 0.500005 0.500005 0.500005 0.500005 0.500005 0.500005 0.500005 0.500005 0.500005 0.44836088583997447 0.04981787620444166 0.0018459244677072465
0.9977849999999999 0.9020866666666666 0.500005 0.500005 0.500005 0.500005 0.500005 0.500005 0.500005 0.500005 0.500005 0.500005 0.45006649239677077 0.048850639434728206 0.0011075546806243923
0.9977849999999999 0.8979133333333333 0.500005 0.500005 0.500005 0.500005 0.500005 0.500005 0.500005 0.500005 0.500005 0.500005 0.4479843448999274 0.050932786931571626 0.0011075546806243923
0.99885 0.9 0.500005 0.500005 0.500005 0.500005 0.500005 0.500005 0.500005 0.500005 0.500005 0.500005 0.44950469231037105 0.04994496581226344 0.000575028389488934
0.9996166666666667 0.9 0.500005 0.500005 0.500005 0.500005 0.500005 0.500005 0.500005 0.500005 0.500005 0.500005 0.44984970934406443 0.049983301038229365 0.0001916761298296262
0.9980833333333333 0.9 0.500005 0.500005 0.500005 0.500005 0.500005 0.500005 0.500005 0.500005 0.500005 0.500005 0.44915967527667766 0.049906630586297504 0.000958380649148242
0.99885 0.9010400000000001 0.500005 0.500005 0.500005 0.500005 0.500005 0.500005 0.500005 0.500005 0.500005 0.500005 0.4500241199548186 0.04942553816781588 0.000575028389488934
0.99885 0.89896 0.500005 0.500005 0.500005 0.500005 0.500005 0.500005 0.500005 0.500005 0.500005 0.500005 0.4489852646659235 0.050464393456711 0.000575028389488934
0.99942 0.9 0.500005 0.500005 0.500005 0.500005 0.500005 0.500005 0.500005 0.500005 0.500005 0.500005 0.44976120497455174 0.04997346721939462 0.000290014318177044
0.9998066666666666 0.9 0.500005 0.500005 0.500005 0.500005 0.500005 0.500005 0.500005 0.500005 0.500005 0.500005 0.44993521356545796 0.049992801507273095 0.00009667143939236652
0.9990333333333333 0.9 0.500005 0.500005 0.500005 0.500005 0.500005 0.500005 0.500005 0.500005 0.500005 0.500005 0.4495871963836455 0.049954132931516154 0.0004833571969617216
0.99942 0.90052 0.500005 0.500005 0.500005 0.500005 0.500005 0.500005 0.500005 0.500005 0.500005 0.500005 0.45002106700409256 0.049713605189853786 0.000290014318177044
0.99942 0.8994800000000001 0.500005 0.500005 0.500005 0.500005 0.500005 0.500005 0.500005 0.500005 0.500005 0.500005 0.4495013429450109 0.050233329248935456 0.000290014318177044
1. 0.90078 0.50001 0.50001 0.50001 0.50001 0.50001 0.50001 0.50001 0.50001 0.50001 0.50001 0.4504789484635619 0.049619797582711206 0.
0.89375 0.110415 0.5 0.5 0.5 0.5 0.5 0.5 0.5 0.5 0.5 0.5 0.049341703125000004 0.397533296875 0.05312499999999998
0.9645833333333333 0.110415 0.5 0.5 0.5 0.5 0.5 0.5 0.5 0.5 0.5 0.5 0.053252234375 0.4290394322916667 0.017708333333333326
0.8229166666666666 0.110415 0.5 0.5 0.5 0.5 0.5 0.5 0.5 0.5 0.5 0.5 0.045431171874999995 0.3660271614583333 0.08854166666666669
0.89375 0.184025 0.5 0.5 0.5 0.5 0.5 0.5 0.5 0.5 0.5 0.5 0.082236171875 0.36463882812500004 0.05312499999999998
0.89375 0.036805000000000004 0.5 0.5 0.5 0.5 0.5 0.5 0.5 0.5 0.5 0.5 0.016447234375 0.430427765625 0.05312499999999998
0.94375 0.060415 0.5 0.5 0.5 0.5 0.5 0.5 0.5 0.5 0.5 0.5 0.028508328125 0.443366671875 0.02812500000000001
0.98125 0.060415 0.5 0.5 0.5 0.5 0.5 0.5 0.5 0.5 0.5 0.5 0.029641109375 0.460983890625 0.009375000000000022
0.90625 0.060415 0.5 0.5 0.5 0.5 0.5 0.5 0.5 0.5 0.5 0.5 0.027375546875 0.425749453125 0.046875
0.94375 0.10069166666666667 0.5 0.5 0.5 0.5 0.5 0.5 0.5 0.5 0.5 0.5 0.04751388020833333 0.42436111979166663 0.02812500000000001
0.94375 0.020138333333333338 0.5 0.5 0.5 0.5 0.5 0.5 0.5 0.5 0.5 0.5 0.00950277604166667 0.46237222395833333 0.02812500000000001
1. 0.032916 0.5 0.5 0.5 0.5 0.5 0.5 0.5 0.5 0.5 0.5 0.016458 0.483542 0.
0.96875 0.0354165 0.5 0.5 0.5 0.5 0.5 0.5 0.5 0.5 0.5 0.5 0.0171548671875 0.4672201328125 0.015625
0.9895833333333334 0.0354165 0.5 0.5 0.5 0.5 0.5 0.5 0.5 0.5 0.5 0.5 0.0175237890625 0.47726787760416667 0.005208333333333315
0.9479166666666666 0.0354165 0.5 0.5 0.5 0.5 0.5 0.5 0.5 0.5 0.5 0.5 0.016785945312499998 0.4571723880208333 0.026041666666666685
0.96875 0.05902749999999999 0.5 0.5 0.5 0.5 0.5 0.5 0.5 0.5 0.5 0.5 0.028591445312499995 0.4557835546875 0.015625
0.96875 0.0118055 0.5 0.5 0.5 0.5 0.5 0.5 0.5 0.5 0.5 0.5 0.0057182890625 0.4786567109375 0.015625
1. 0.070833 0.5 0.5 0.5 0.5 0.5 0.5 0.5 0.5 0.5 0.5 0.0354165 0.4645835 0.
0.9854149999999999 0.01875 0.5 0.5 0.5 0.5 0.5 0.5 0.5 0.5 0.5 0.5 0.009238265624999999 0.48346923437499995 0.007292500000000035
0.9951383333333333 0.01875 0.5 0.5 0.5 0.5 0.5 0.5 0.5 0.5 0.5 0.5 0.009329421875 0.48823974479166665 0.0024308333333333265
0.9756916666666666 0.01875 0.5 0.5 0.5 0.5 0.5 0.5 0.5 0.5 0.5 0.5 0.009147109374999999 0.4786987239583333 0.012154166666666688
0.9854149999999999 0.031249999999999997 0.5 0.5 0.5 0.5 0.5 0.5 0.5 0.5 0.5 0.5 0.015397109374999997 0.47731039062499997 0.007292500000000035
0.9854149999999999 0.00625 0.5 0.5 0.5 0.5 0.5 0.5 0.5 0.5 0.5 0.5 0.003079421875 0.489628078125 0.007292500000000035
1. 0.02375 0.5 0.5 0.5 0.5 0.5 0.5 0.5 0.5 0.5 0.5 0.011875 0.488125 0.
0.5 0.816665 0.5 0.5 0.5 0.5 0.5 0.5 0.5 0.5 0.5 0.5 0.20416625 0.045833750000000006 0.25
0.6333333333333333 0.816665 0.5 0.5 0.5 0.5 0.5 0.5 0.5 0.5 0.5 0.5 0.2586105833333333 0.05805608333333334 0.18333333333333335
0.36666666666666664 0.816665 0.5 0.5 0.5 0.5 0.5 0.5 0.5 0.5 0.5 0.5 0.14972191666666665 0.03361141666666667 0.31666666666666665
0.5 0.9388883333333333 0.5 0.5 0.5 0.5 0.5 0.5 0.5 0.5 0.5 0.5 0.23472208333333333 0.015277916666666669 0.25
0.5 0.6944416666666666 0.5 0.5 0.5 0.5 0.5 0.5 0.5 0.5 0.5 0.5 0.17361041666666666 0.07638958333333334 0.25
0.89479 0.11771 0.5 0.5 0.5 0.5 0.5 0.5 0.5 0.5 0.5 0.5 0.05266286545 0.39473213455 0.05260500000000001
0.96493 0.11771 0.5 0.5 0.5 0.5 0.5 0.5 0.5 0.5 0.5 0.5 0.056790955149999996 0.42567404485 0.017535000000000023
0.82465 0.11771 0.5 0.5 0.5 0.5 0.5 0.5 0.5 0.5 0.5 0.5 0.048534775749999995 0.36379022425 0.087675
0.89479 0.19618333333333332 0.5 0.5 0.5 0.5 0.5 0.5 0.5 0.5 0.5 0.5 0.08777144241666666 0.3596235575833333 0.05260500000000001
0.89479 0.03923666666666667 0.5 0.5 0.5 0.5 0.5 0.5 0.5 0.5 0.5 0.5 0.017554288483333333 0.42984071151666664 0.05260500000000001
0.94479 0.06771 0.5 0.5 0.5 0.5 0.5 0.5 0.5 0.5 0.5 0.5 0.031985865450000005 0.44040913455 0.02760499999999999
0.9815966666666667 0.06771 0.5 0.5 0.5 0.5 0.5 0.5 0.5 0.5 0.5 0.5 0.033231955150000006 0.45756637818333334 0.009201666666666664
0.9079833333333334 0.06771 0.5 0.5 0.5 0.5 0.5 0.5 0.5 0.5 0.5 0.5 0.030739775750000004 0.42325189091666665 0.04600833333333332
0.94479 0.11285 0.5 0.5 0.5 0.5 0.5 0.5 0.5 0.5 0.5 0.5 0.05330977575 0.41908522425 0.02760499999999999
0.94479 0.022570000000000003 0.5 0.5 0.5 0.5 0.5 0.5 0.5 0.5 0.5 0.5 0.010661955150000001 0.46173304485 0.02760499999999999
1. 0.089584 0.5 0.5 0.5 0.5 0.5 0.5 0.5 0.5 0.5 0.5 0.044792 0.455208 0.
0.893365 0.841665 0.5 0.5 0.5 0.5 0.5 0.5 0.5 0.5 0.5 0.5 0.3759570263625 0.0707254736375 0.05331750000000002
0.964455 0.841665 0.5 0.5 0.5 0.5 0.5 0.5 0.5 0.5 0.5 0.5 0.40587400878749996 0.0763534912125 0.017772500000000024
0.8222750000000001 0.841665 0.5 0.5 0.5 0.5 0.5 0.5 0.5 0.5 0.5 0.5 0.34604004393750004 0.0650974560625 0.08886249999999996
0.893365 0.9472216666666666 0.5 0.5 0.5 0.5 0.5 0.5 0.5 0.5 0.5 0.5 0.4231073421208333 0.023575157879166683 0.05331750000000002
0.893365 0.7361083333333334 0.5 0.5 0.5 0.5 0.5 0.5 0.5 0.5 0.5 0.5 0.32880671060416666 0.11787578939583332 0.05331750000000002
0.943365 0.88333 0.5 0.5 0.5 0.5 0.5 0.5 0.5 0.5 0.5 0.5 0.416651302725 0.05503119727500003 0.028317499999999995
0.9811216666666667 0.88333 0.5 0.5 0.5 0.5 0.5 0.5 0.5 0.5 0.5 0.5 0.4333271009083333 0.057233732425000024 0.009439166666666665
0.9056083333333333 0.88333 0.5 0.5 0.5 0.5 0.5 0.5 0.5 0.5 0.5 0.5 0.39997550454166664 0.05282866212500002 0.047195833333333326
0.943365 0.9499966666666667 0.5 0.5 0.5 0.5 0.5 0.5 0.5 0.5 0.5 0.5 0.448096802725 0.02358569727499998 0.028317499999999995
0.943365 0.8166633333333333 0.5 0.5 0.5 0.5 0.5 0.5 0.5 0.5 0.5 0.5 0.385205802725 0.08647669727500001 0.028317499999999995
0.8908 0.133855 0.5 0.5 0.5 0.5 0.5 0.5 0.5 0.5 0.5 0.5 0.059619017 0.385780983 0.05459999999999998
0.9636 0.133855 0.5 0.5 0.5 0.5 0.5 0.5 0.5 0.5 0.5 0.5 0.064491339 0.417308661 0.018199999999999994
0.818 0.133855 0.5 0.5 0.5 0.5 0.5 0.5 0.5 0.5 0.5 0.5 0.054746695 0.35425330499999996 0.09100000000000003
0.8908 0.22309166666666666 0.5 0.5 0.5 0.5 0.5 0.5 0.5 0.5 0.5 0.5 0.09936502833333334 0.3460349716666667 0.05459999999999998
0.8908 0.044618333333333336 0.5 0.5 0.5 0.5 0.5 0.5 0.5 0.5 0.5 0.5 0.01987300566666667 0.42552699433333335 0.05459999999999998
0.9408000000000001 0.083855 0.5 0.5 0.5 0.5 0.5 0.5 0.5 0.5 0.5 0.5 0.039445392 0.430954608 0.02959999999999996
0.9802666666666666 0.083855 0.5 0.5 0.5 0.5 0.5 0.5 0.5 0.5 0.5 0.5 0.041100130666666665 0.44903320266666663 0.00986666666666669
0.9013333333333334 0.083855 0.5 0.5 0.5 0.5 0.5 0.5 0.5 0.5 0.5 0.5 0.037790653333333334 0.4128760133333334 0.049333333333333285
0.9408000000000001 0.13975833333333332 0.5 0.5 0.5 0.5 0.5 0.5 0.5 0.5 0.5 0.5 0.06574231999999999 0.40465768 0.02959999999999996
0.9408000000000001 0.02795166666666667 0.5 0.5 0.5 0.5 0.5 0.5 0.5 0.5 0.5 0.5 0.013148464000000002 0.457251536 0.02959999999999996
0.9683649999999999 0.88333 0.5 0.5 0.5 0.5 0.5 0.5 0.5 0.5 0.5 0.5 0.42769292772499995 0.05648957227500002 0.01581750000000004
0.989455 0.88333 0.5 0.5 0.5 0.5 0.5 0.5 0.5 0.5 0.5 0.5 0.43700764257499997 0.05771985742500002 0.005272500000000013
0.947275 0.88333 0.5 0.5 0.5 0.5 0.5 0.5 0.5 0.5 0.5 0.5 0.418378212875 0.05525928712500002 0.02636250000000001
0.9683649999999999 0.9166633333333333 0.5 0.5 0.5 0.5 0.5 0.5 0.5 0.5 0.5 0.5 0.4438323443916666 0.04035015560833336 0.01581750000000004
0.9683649999999999 0.8499966666666667 0.5 0.5 0.5 0.5 0.5 0.5 0.5 0.5 0.5 0.5 0.4115535110583333 0.07262898894166663 0.01581750000000004
1. 0.83333 0.5 0.5 0.5 0.5 0.5 0.5 0.5 0.5 0.5 0.5 0.416665 0.08333499999999999 0.
0.5 0.183335 0.5 0.5 0.5 0.5 0.5 0.5 0.5 0.5 0.5 0.5 0.04583375 0.20416625 0.25
0.6333333333333333 0.183335 0.5 0.5 0.5 0.5 0.5 0.5 0.5 0.5 0.5 0.5 0.05805608333333333 0.2586105833333333 0.18333333333333335
0.36666666666666664 0.183335 0.5 0.5 0.5 0.5 0.5 0.5 0.5 0.5 0.5 0.5 0.033611416666666664 0.14972191666666665 0.31666666666666665
0.5 0.3055583333333333 0.5 0.5 0.5 0.5 0.5 0.5 0.5 0.5 0.5 0.5 0.07638958333333333 0.17361041666666666 0.25
0.5 0.061111666666666675 0.5 0.5 0.5 0.5 0.5 0.5 0.5 0.5 0.5 0.5 0.015277916666666669 0.23472208333333333 0.25
0.896875 0.10521 0.5 0.5 0.5 0.5 0.5 0.5 0.5 0.5 0.5 0.5 0.047180109375 0.401257390625 0.05156250000000001
0.965625 0.10521 0.5 0.5 0.5 0.5 0.5 0.5 0.5 0.5 0.5 0.5 0.050796703124999995 0.43201579687499997 0.017187500000000022
0.828125 0.10521 0.5 0.5 0.5 0.5 0.5 0.5 0.5 0.5 0.5 0.5 0.043563515625 0.370498984375 0.0859375
0.896875 0.17534999999999998 0.5 0.5 0.5 0.5 0.5 0.5 0.5 0.5 0.5 0.5 0.07863351562499998 0.369803984375 0.05156250000000001
0.896875 0.035070000000000004 0.5 0.5 0.5 0.5 0.5 0.5 0.5 0.5 0.5 0.5 0.015726703125 0.43271079687499997 0.05156250000000001
0.946875 0.05521 0.5 0.5 0.5 0.5 0.5 0.5 0.5 0.5 0.5 0.5 0.026138484375000003 0.447299015625 0.02656249999999999
0.9822916666666667 0.05521 0.5 0.5 0.5 0.5 0.5 0.5 0.5 0.5 0.5 0.5 0.027116161458333336 0.464029671875 0.008854166666666663
0.9114583333333334 0.05521 0.5 0.5 0.5 0.5 0.5 0.5 0.5 0.5 0.5 0.5 0.02516080729166667 0.43056835937500004 0.044270833333333315
0.946875 0.09201666666666666 0.5 0.5 0.5 0.5 0.5 0.5 0.5 0.5 0.5 0.5 0.043564140625 0.429873359375 0.02656249999999999
0.946875 0.018403333333333338 0.5 0.5 0.5 0.5 0.5 0.5 0.5 0.5 0.5 0.5 0.008712828125000002 0.464724671875 0.02656249999999999
1. 0.010417 0.5 0.5 0.5 0.5 0.5 0.5 0.5 0.5 0.5 0.5 0.0052085 0.4947915 0.
0.971875 0.0302085 0.5 0.5 0.5 0.5 0.5 0.5 0.5 0.5 0.5 0.5 0.01467944296875 0.47125805703125 0.014062499999999978
0.990625 0.0302085 0.5 0.5 0.5 0.5 0.5 0.5 0.5 0.5 0.5 0.5 0.01496264765625 0.48034985234375 0.004687500000000011
0.953125 0.0302085 0.5 0.5 0.5 0.5 0.5 0.5 0.5 0.5 0.5 0.5 0.01439623828125 0.46216626171875 0.0234375
0.971875 0.050347499999999996 0.5 0.5 0.5 0.5 0.5 0.5 0.5 0.5 0.5 0.5 0.02446573828125 0.46147176171875004 0.014062499999999978
0.971875 0.0100695 0.5 0.5 0.5 0.5 0.5 0.5 0.5 0.5 0.5 0.5 0.00489314765625 0.48104435234375004 0.014062499999999978
1. 0.0483336 0.5 0.5 0.5 0.5 0.5 0.5 0.5 0.5 0.5 0.5 0.0241668 0.4758332 0.
0.960625 0.0483336 0.5 0.5 0.5 0.5 0.5 0.5 0.5 0.5 0.5 0.5 0.02321523225 0.45709726775 0.019687500000000024
0.9831249999999999 0. 0.5 0.5 0.5 0.5 0.5 0.5 0.5 0.5 0.5 0.5 0. 0.49156249999999996 0.008437500000000042
1. 0.012083400000000001 0.5 0.5 0.5 0.5 0.5 0.5 0.5 0.5 0.5 0.5 0.0060417000000000005 0.4939583 0.
0.984375 0.0177085 0.5 0.5 0.5 0.5 0.5 0.5 0.5 0.5 0.5 0.5 0.00871590234375 0.48347159765625 0.0078125
0.9947916666666666 0.0177085 0.5 0.5 0.5 0.5 0.5 0.5 0.5 0.5 0.5 0.5 0.008808134114583333 0.48858769921875 0.002604166666666685
0.9739583333333334 0.0177085 0.5 0.5 0.5 0.5 0.5 0.5 0.5 0.5 0.5 0.5 0.008623670572916665 0.47835549609375 0.013020833333333315
0.984375 0.02951416666666666 0.5 0.5 0.5 0.5 0.5 0.5 0.5 0.5 0.5 0.5 0.014526503906249997 0.47766099609375 0.0078125
0.984375 0.005902833333333334 0.5 0.5 0.5 0.5 0.5 0.5 0.5 0.5 0.5 0.5 0.00290530078125 0.48928219921875 0.0078125
0.816665 0.5 0.5 0.5 0.5 0.5 0.5 0.5 0.5 0.5 0.5 0.5 0.20416625 0.20416625 0.09166750000000001
0.9388883333333333 0.5 0.5 0.5 0.5 0.5 0.5 0.5 0.5 0.5 0.5 0.5 0.23472208333333333 0.23472208333333333 0.030555833333333338
0.6944416666666666 0.5 0.5 0.5 0.5 0.5 0.5 0.5 0.5 0.5 0.5 0.5 0.17361041666666666 0.17361041666666666 0.1527791666666667
0.816665 0.6333333333333333 0.5 0.5 0.5 0.5 0.5 0.5 0.5 0.5 0.5 0.5 0.2586105833333333 0.14972191666666668 0.09166750000000001
0.816665 0.36666666666666664 0.5 0.5 0.5 0.5 0.5 0.5 0.5 0.5 0.5 0.5 0.14972191666666665 0.2586105833333333 0.09166750000000001
0.69444 0.5 0.5 0.5 0.5 0.5 0.5 0.5 0.5 0.5 0.5 0.5 0.17361 0.17361 0.15278000000000003
0.8277733333333334 0.5 0.5 0.5 0.5 0.5 0.5 0.5 0.5 0.5 0.5 0.5 0.20694333333333334 0.20694333333333334 0.08611333333333332
0.5611066666666666 0.5 0.5 0.5 0.5 0.5 0.5 0.5 0.5 0.5 0.5 0.5 0.14027666666666666 0.14027666666666666 0.21944666666666668
0.69444 0.6333333333333333 0.5 0.5 0.5 0.5 0.5 0.5 0.5 0.5 0.5 0.5 0.21990599999999996 0.127314 0.15278000000000003
0.69444 0.36666666666666664 0.5 0.5 0.5 0.5 0.5 0.5 0.5 0.5 0.5 0.5 0.12731399999999998 0.219906 0.15278000000000003
0.808335 0.5 0.5 0.5 0.5 0.5 0.5 0.5 0.5 0.5 0.5 0.5 0.20208375 0.20208375 0.09583249999999999
0.9361116666666667 0.5 0.5 0.5 0.5 0.5 0.5 0.5 0.5 0.5 0.5 0.5 0.23402791666666667 0.23402791666666667 0.03194416666666666
0.6805583333333334 0.5 0.5 0.5 0.5 0.5 0.5 0.5 0.5 0.5 0.5 0.5 0.17013958333333334 0.17013958333333334 0.1597208333333333
0.808335 0.6333333333333333 0.5 0.5 0.5 0.5 0.5 0.5 0.5 0.5 0.5 0.5 0.25597274999999997 0.14819475000000001 0.09583249999999999
0.808335 0.36666666666666664 0.5 0.5 0.5 0.5 0.5 0.5 0.5 0.5 0.5 0.5 0.14819475 0.25597275 0.09583249999999999
0.8083400000000001 0.5 0.5 0.5 0.5 0.5 0.5 0.5 0.5 0.5 0.5 0.5 0.20208500000000001 0.20208500000000001 0.09582999999999997
0.8750066666666667 0.5 0.5 0.5 0.5 0.5 0.5 0.5 0.5 0.5 0.5 0.5 0.21875166666666668 0.21875166666666668 0.062496666666666645
0.7416733333333333 0.5 0.5 0.5 0.5 0.5 0.5 0.5 0.5 0.5 0.5 0.5 0.18541833333333332 0.18541833333333332 0.12916333333333335
0.8083400000000001 0.5666666666666667 0.5 0.5 0.5 0.5 0.5 0.5 0.5 0.5 0.5 0.5 0.2290296666666667 0.17514033333333334 0.09582999999999997
0.8083400000000001 0.43333333333333335 0.5 0.5 0.5 0.5 0.5 0.5 0.5 0.5 0.5 0.5 0.17514033333333334 0.2290296666666667 0.09582999999999997
0.90834 0.5 0.5 0.5 0.5 0.5 0.5 0.5 0.5 0.5 0.5 0.5 0.227085 0.227085 0.04582999999999998
0.74167 0.5 0.5 0.5 0.5 0.5 0.5 0.5 0.5 0.5 0.5 0.5 0.1854175 0.1854175 0.12916499999999997
0.8750033333333334 0.5 0.5 0.5 0.5 0.5 0.5 0.5 0.5 0.5 0.5 0.5 0.21875083333333334 0.21875083333333334 0.06249833333333332
0.6083366666666666 0.5 0.5 0.5 0.5 0.5 0.5 0.5 0.5 0.5 0.5 0.5 0.15208416666666666 0.15208416666666666 0.19583166666666668
0.74167 0.6333333333333333 0.5 0.5 0.5 0.5 0.5 0.5 0.5 0.5 0.5 0.5 0.23486216666666668 0.13597283333333335 0.12916499999999997
0.74167 0.36666666666666664 0.5 0.5 0.5 0.5 0.5 0.5 0.5 0.5 0.5 0.5 0.13597283333333332 0.2348621666666667 0.12916499999999997
0.990625 0.0114585 0.5 0.5 0.5 0.5 0.5 0.5 0.5 0.5 0.5 0.5 0.00567553828125 0.48963696171875 0.004687500000000011
0.996875 0.0114585 0.5 0.5 0.5 0.5 0.5 0.5 0.5 0.5 0.5 0.5 0.00571134609375 0.49272615390624996 0.0015625000000000222
0.984375 0.0114585 0.5 0.5 0.5 0.5 0.5 0.5 0.5 0.5 0.5 0.5 0.00563973046875 0.48654776953125 0.0078125
0.990625 0.0190975 0.5 0.5 0.5 0.5 0.5 0.5 0.5 0.5 0.5 0.5 0.00945923046875 0.48585326953124996 0.004687500000000011
0.990625 0.0038195000000000004 0.5 0.5 0.5 0.5 0.5 0.5 0.5 0.5 0.5 0.5 0.0018918460937500001 0.49342065390625 0.004687500000000011
0.99219 0.0119795 0.5 0.5 0.5 0.5 0.5 0.5 0.5 0.5 0.5 0.5 0.0059429700525000006 0.4901520299475 0.003904999999999992
0.9973966666666667 0.0119795 0.5 0.5 0.5 0.5 0.5 0.5 0.5 0.5 0.5 0.5 0.005974156684166667 0.4927241766491667 0.0013016666666666454
0.9869833333333333 0.0119795 0.5 0.5 0.5 0.5 0.5 0.5 0.5 0.5 0.5 0.5 0.005911783420833334 0.48757988324583335 0.006508333333333338
0.99219 0.019965833333333332 0.5 0.5 0.5 0.5 0.5 0.5 0.5 0.5 0.5 0.5 0.0099049500875 0.48619004991250003 0.003904999999999992
0.99219 0.003993166666666667 0.5 0.5 0.5 0.5 0.5 0.5 0.5 0.5 0.5 0.5 0.0019809900175000003 0.4941140099825 0.003904999999999992
0.9953099999999999 0.01145875 0.5 0.5 0.5 0.5 0.5 0.5 0.5 0.5 0.5 0.5 0.00570250423125 0.49195249576874994 0.0023450000000000415
0.9984366666666666 0.01145875 0.5 0.5 0.5 0.5 0.5 0.5 0.5 0.5 0.5 0.5 0.005720418077083333 0.49349791525625 0.0007816666666666805
0.9921833333333333 0.01145875 0.5 0.5 0.5 0.5 0.5 0.5 0.5 0.5 0.5 0.5 0.005684590385416666 0.49040707628124997 0.003908333333333347
0.9953099999999999 0.01562558333333333 0.5 0.5 0.5 0.5 0.5 0.5 0.5 0.5 0.5 0.5 0.007776149673749998 0.48987885032624995 0.0023450000000000415
0.9953099999999999 0.007291916666666666 0.5 0.5 0.5 0.5 0.5 0.5 0.5 0.5 0.5 0.5 0.0036288587887499993 0.49402614121124994 0.0023450000000000415
0.9 0.14479 0.5 0.5 0.5 0.5 0.5 0.5 0.5 0.5 0.5 0.5 0.0651555 0.38484450000000003 0.04999999999999999
0.9666666666666667 0.14479 0.5 0.5 0.5 0.5 0.5 0.5 0.5 0.5 0.5 0.5 0.06998183333333334 0.4133515 0.016666666666666663
0.8333333333333334 0.14479 0.5 0.5 0.5 0.5 0.5 0.5 0.5 0.5 0.5 0.5 0.06032916666666667 0.35633750000000003 0.08333333333333331
0.9 0.24131666666666665 0.5 0.5 0.5 0.5 0.5 0.5 0.5 0.5 0.5 0.5 0.1085925 0.34140750000000003 0.04999999999999999
0.9 0.04826333333333334 0.5 0.5 0.5 0.5 0.5 0.5 0.5 0.5 0.5 0.5 0.0217185 0.4282815 0.04999999999999999
0.95 0.09479 0.5 0.5 0.5 0.5 0.5 0.5 0.5 0.5 0.5 0.5 0.045025249999999996 0.42997474999999996 0.025000000000000022
0.9833333333333333 0.09479 0.5 0.5 0.5 0.5 0.5 0.5 0.5 0.5 0.5 0.5 0.04660508333333333 0.4450615833333333 0.00833333333333336
0.9166666666666667 0.09479 0.5 0.5 0.5 0.5 0.5 0.5 0.5 0.5 0.5 0.5 0.04344541666666667 0.4148879166666667 0.04166666666666663
0.95 0.1579833333333333 0.5 0.5 0.5 0.5 0.5 0.5 0.5 0.5 0.5 0.5 0.07504208333333331 0.39995791666666664 0.025000000000000022
0.95 0.03159666666666667 0.5 0.5 0.5 0.5 0.5 0.5 0.5 0.5 0.5 0.5 0.015008416666666666 0.4599915833333333 0.025000000000000022
0.975 0.089582 0.5 0.5 0.5 0.5 0.5 0.5 0.5 0.5 0.5 0.5 0.043671224999999994 0.443828775 0.012500000000000011
0.9916666666666667 0.089582 0.5 0.5 0.5 0.5 0.5 0.5 0.5 0.5 0.5 0.5 0.04441774166666666 0.45141559166666667 0.004166666666666652
0.9583333333333333 0.089582 0.5 0.5 0.5 0.5 0.5 0.5 0.5 0.5 0.5 0.5 0.042924708333333325 0.4362419583333333 0.02083333333333337
0.975 0.122914 0.5 0.5 0.5 0.5 0.5 0.5 0.5 0.5 0.5 0.5 0.059920575 0.427579425 0.012500000000000011
0.975 0.05625 0.5 0.5 0.5 0.5 0.5 0.5 0.5 0.5 0.5 0.5 0.027421875 0.460078125 0.012500000000000011
0.9875 0.089582 0.5 0.5 0.5 0.5 0.5 0.5 0.5 0.5 0.5 0.5 0.0442311125 0.4495188875 0.006249999999999978
0.9958333333333333 0.089582 0.5 0.5 0.5 0.5 0.5 0.5 0.5 0.5 0.5 0.5 0.04460437083333333 0.4533122958333333 0.002083333333333326
0.9791666666666666 0.089582 0.5 0.5 0.5 0.5 0.5 0.5 0.5 0.5 0.5 0.5 0.04385785416666666 0.44572547916666666 0.010416666666666685
0.9875 0.10624733333333333 0.5 0.5 0.5 0.5 0.5 0.5 0.5 0.5 0.5 0.5 0.05245962083333334 0.4412903791666667 0.006249999999999978
0.9875 0.07291666666666667 0.5 0.5 0.5 0.5 0.5 0.5 0.5 0.5 0.5 0.5 0.03600260416666667 0.45774739583333335 0.006249999999999978
0.99375 0.089582 0.5 0.5 0.5 0.5 0.5 0.5 0.5 0.5 0.5 0.5 0.04451105625 0.45236394375 0.003124999999999989
0.9979166666666667 0.089582 0.5 0.5 0.5 0.5 0.5 0.5 0.5 0.5 0.5 0.5 0.04469768541666667 0.45426064791666665 0.001041666666666663
0.9895833333333334 0.089582 0.5 0.5 0.5 0.5 0.5 0.5 0.5 0.5 0.5 0.5 0.04432442708333333 0.45046723958333335 0.005208333333333315
0.99375 0.097914 0.5 0.5 0.5 0.5 0.5 0.5 0.5 0.5 0.5 0.5 0.048651018750000004 0.44822398125 0.003124999999999989
0.99375 0.08125 0.5 0.5 0.5 0.5 0.5 0.5 0.5 0.5 0.5 0.5 0.04037109375 0.45650390625000004 0.003124999999999989
0.995835 0.089582 0.5 0.5 0.5 0.5 0.5 0.5 0.5 0.5 0.5 0.5 0.044604445485 0.45331305451500004 0.002082499999999987
0.9986116666666667 0.089582 0.5 0.5 0.5 0.5 0.5 0.5 0.5 0.5 0.5 0.5 0.044728815161666664 0.4545770181716667 0.0006941666666666624
0.9930583333333334 0.089582 0.5 0.5 0.5 0.5 0.5 0.5 0.5 0.5 0.5 0.5 0.04448007580833333 0.45204909085833334 0.003470833333333312
0.995835 0.09374866666666666 0.5 0.5 0.5 0.5 0.5 0.5 0.5 0.5 0.5 0.5 0.046679101735 0.451238398265 0.002082499999999987
0.995835 0.08541533333333334 0.5 0.5 0.5 0.5 0.5 0.5 0.5 0.5 0.5 0.5 0.042529789235000004 0.455387710765 0.002082499999999987
1. 0.092082 0.5 0.5 0.5 0.5 0.5 0.5 0.5 0.5 0.5 0.5 0.046041 0.453959 0.
0.95 0.95 0.5 0.5 0.5 0.5 0.5 0.5 0.5 0.5 0.5 0.5 0.45125 0.02375000000000002 0.025000000000000022
0.9833333333333333 0.95 0.5 0.5 0.5 0.5 0.5 0.5 0.5 0.5 0.5 0.5 0.4670833333333333 0.024583333333333353 0.00833333333333336
0.9166666666666667 0.95 0.5 0.5 0.5 0.5 0.5 0.5 0.5 0.5 0.5 0.5 0.4354166666666667 0.02291666666666669 0.04166666666666663
0.95 0.9833333333333333 0.5 0.5 0.5 0.5 0.5 0.5 0.5 0.5 0.5 0.5 0.4670833333333333 0.007916666666666692 0.025000000000000022
0.95 0.9166666666666667 0.5 0.5 0.5 0.5 0.5 0.5 0.5 0.5 0.5 0.5 0.4354166666666667 0.0395833333333333 0.025000000000000022
0.975 0.975 0.5 0.5 0.5 0.5 0.5 0.5 0.5 0.5 0.5 0.5 0.47531249999999997 0.01218750000000001 0.012500000000000011
0.9916666666666667 0.975 0.5 0.5 0.5 0.5 0.5 0.5 0.5 0.5 0.5 0.5 0.4834375 0.012395833333333345 0.004166666666666652
0.9583333333333333 0.975 0.5 0.5 0.5 0.5 0.5 0.5 0.5 0.5 0.5 0.5 0.4671875 0.011979166666666676 0.02083333333333337
0.975 0.9916666666666667 0.5 0.5 0.5 0.5 0.5 0.5 0.5 0.5 0.5 0.5 0.4834375 0.004062499999999985 0.012500000000000011
0.975 0.9583333333333333 0.5 0.5 0.5 0.5 0.5 0.5 0.5 0.5 0.5 0.5 0.4671875 0.020312500000000035 0.012500000000000011
0.9875 0.9875 0.5 0.5 0.5 0.5 0.5 0.5 0.5 0.5 0.5 0.5 0.48757812500000003 0.006171874999999979 0.006249999999999978
0.9958333333333333 0.9875 0.5 0.5 0.5 0.5 0.5 0.5 0.5 0.5 0.5 0.5 0.49169270833333334 0.006223958333333311 0.002083333333333326
0.9791666666666666 0.9875 0.5 0.5 0.5 0.5 0.5 0.5 0.5 0.5 0.5 0.5 0.48346354166666666 0.006119791666666645 0.010416666666666685
0.9875 0.9958333333333333 0.5 0.5 0.5 0.5 0.5 0.5 0.5 0.5 0.5 0.5 0.49169270833333334 0.0020572916666666595 0.006249999999999978
0.9875 0.9791666666666666 0.5 0.5 0.5 0.5 0.5 0.5 0.5 0.5 0.5 0.5 0.48346354166666666 0.010286458333333352 0.006249999999999978
0.99375 0.99375 0.5 0.5 0.5 0.5 0.5 0.5 0.5 0.5 0.5 0.5 0.49376953125 0.003105468749999989 0.003124999999999989
0.9979166666666667 0.99375 0.5 0.5 0.5 0.5 0.5 0.5 0.5 0.5 0.5 0.5 0.49583984375 0.003118489583333322 0.001041666666666663
0.9895833333333334 0.99375 0.5 0.5 0.5 0.5 0.5 0.5 0.5 0.5 0.5 0.5 0.49169921875000006 0.0030924479166666557 0.005208333333333315
0.99375 0.9979166666666667 0.5 0.5 0.5 0.5 0.5 0.5 0.5 0.5 0.5 0.5 0.49583984375 0.0010351562499999964 0.003124999999999989
0.99375 0.9895833333333334 0.5 0.5 0.5 0.5 0.5 0.5 0.5 0.5 0.5 0.5 0.49169921875000006 0.005175781249999982 0.003124999999999989
0.996875 0.996875 0.5 0.5 0.5 0.5 0.5 0.5 0.5 0.5 0.5 0.5 0.49687988281249995 0.001557617187500022 0.0015625000000000222
0.9989583333333333 0.996875 0.5 0.5 0.5 0.5 0.5 0.5 0.5 0.5 0.5 0.5 0.4979182942708333 0.0015608723958333555 0.0005208333333333592
0.9947916666666667 0.996875 0.5 0.5 0.5 0.5 0.5 0.5 0.5 0.5 0.5 0.5 0.4958414713541667 0.001554361979166689 0.0026041666666666297
0.996875 0.9989583333333333 0.5 0.5 0.5 0.5 0.5 0.5 0.5 0.5 0.5 0.5 0.4979182942708333 0.0005192057291666924 0.0015625000000000222
0.996875 0.9947916666666667 0.5 0.5 0.5 0.5 0.5 0.5 0.5 0.5 0.5 0.5 0.4958414713541667 0.0025960286458332964 0.0015625000000000222
0.8083366666666667 0.5 0.5 0.5 0.5 0.5 0.5 0.5 0.5 0.5 0.5 0.5 0.20208416666666668 0.20208416666666668 0.09583166666666665
0.6750033333333333 0.5 0.5 0.5 0.5 0.5 0.5 0.5 0.5 0.5 0.5 0.5 0.16875083333333332 0.16875083333333332 0.16249833333333336
0.74167 0.5666666666666667 0.5 0.5 0.5 0.5 0.5 0.5 0.5 0.5 0.5 0.5 0.21013983333333333 0.1606951666666667 0.12916499999999997
0.74167 0.43333333333333335 0.5 0.5 0.5 0.5 0.5 0.5 0.5 0.5 0.5 0.5 0.1606951666666667 0.21013983333333333 0.12916499999999997
0.74167 0.43333 0.5 0.5 0.5 0.5 0.5 0.5 0.5 0.5 0.5 0.5 0.16069393055 0.21014106945000002 0.12916499999999997
0.8750033333333334 0.43333 0.5 0.5 0.5 0.5 0.5 0.5 0.5 0.5 0.5 0.5 0.18958259721666668 0.24791906945 0.06249833333333332
0.6083366666666666 0.43333 0.5 0.5 0.5 0.5 0.5 0.5 0.5 0.5 0.5 0.5 0.13180526388333333 0.17236306945 0.19583166666666668
0.74167 0.5666633333333332 0.5 0.5 0.5 0.5 0.5 0.5 0.5 0.5 0.5 0.5 0.21013859721666664 0.1606964027833334 0.12916499999999997
0.74167 0.2999966666666667 0.5 0.5 0.5 0.5 0.5 0.5 0.5 0.5 0.5 0.5 0.11124926388333335 0.2595857361166667 0.12916499999999997
0.8083366666666667 0.43333 0.5 0.5 0.5 0.5 0.5 0.5 0.5 0.5 0.5 0.5 0.17513826388333334 0.22903006945 0.09583166666666665
0.6750033333333333 0.43333 0.5 0.5 0.5 0.5 0.5 0.5 0.5 0.5 0.5 0.5 0.14624959721666667 0.19125206944999998 0.16249833333333336
0.74167 0.49999666666666664 0.5 0.5 0.5 0.5 0.5 0.5 0.5 0.5 0.5 0.5 0.18541626388333335 0.18541873611666668 0.12916499999999997
0.74167 0.36666333333333334 0.5 0.5 0.5 0.5 0.5 0.5 0.5 0.5 0.5 0.5 0.13597159721666668 0.23486340278333334 0.12916499999999997
0.7750033333333333 0.43333 0.5 0.5 0.5 0.5 0.5 0.5 0.5 0.5 0.5 0.5 0.16791609721666664 0.21958556945 0.11249833333333337
0.7083366666666667 0.43333 0.5 0.5 0.5 0.5 0.5 0.5 0.5 0.5 0.5 0.5 0.15347176388333333 0.20069656945000003 0.14583166666666664
0.74167 0.4666633333333333 0.5 0.5 0.5 0.5 0.5 0.5 0.5 0.5 0.5 0.5 0.17305509721666668 0.19777990278333335 0.12916499999999997
0.74167 0.39999666666666667 0.5 0.5 0.5 0.5 0.5 0.5 0.5 0.5 0.5 0.5 0.14833276388333336 0.22250223611666667 0.12916499999999997
0.79167 0.43333 0.5 0.5 0.5 0.5 0.5 0.5 0.5 0.5 0.5 0.5 0.17152718055 0.22430781945 0.10416500000000001
0.74167 0.56667 0.5 0.5 0.5 0.5 0.5 0.5 0.5 0.5 0.5 0.5 0.21014106945000002 0.16069393055 0.12916499999999997
0.8750033333333334 0.56667 0.5 0.5 0.5 0.5 0.5 0.5 0.5 0.5 0.5 0.5 0.24791906945 0.18958259721666668 0.06249833333333332
0.6083366666666666 0.56667 0.5 0.5 0.5 0.5 0.5 0.5 0.5 0.5 0.5 0.5 0.17236306945 0.13180526388333333 0.19583166666666668
0.74167 0.7000033333333333 0.5 0.5 0.5 0.5 0.5 0.5 0.5 0.5 0.5 0.5 0.2595857361166667 0.11124926388333335 0.12916499999999997
0.74167 0.43333666666666665 0.5 0.5 0.5 0.5 0.5 0.5 0.5 0.5 0.5 0.5 0.16069640278333333 0.2101385972166667 0.12916499999999997
0.8083366666666667 0.56667 0.5 0.5 0.5 0.5 0.5 0.5 0.5 0.5 0.5 0.5 0.22903006945 0.17513826388333334 0.09583166666666665
0.6750033333333333 0.56667 0.5 0.5 0.5 0.5 0.5 0.5 0.5 0.5 0.5 0.5 0.19125206944999998 0.14624959721666667 0.16249833333333336
0.74167 0.6333366666666667 0.5 0.5 0.5 0.5 0.5 0.5 0.5 0.5 0.5 0.5 0.23486340278333334 0.13597159721666668 0.12916499999999997
0.74167 0.5000033333333334 0.5 0.5 0.5 0.5 0.5 0.5 0.5 0.5 0.5 0.5 0.18541873611666668 0.18541626388333335 0.12916499999999997
0.7750033333333333 0.56667 0.5 0.5 0.5 0.5 0.5 0.5 0.5 0.5 0.5 0.5 0.21958556945 0.16791609721666664 0.11249833333333337
0.7083366666666667 0.56667 0.5 0.5 0.5 0.5 0.5 0.5 0.5 0.5 0.5 0.5 0.20069656945000003 0.15347176388333333 0.14583166666666664
0.74167 0.6000033333333333 0.5 0.5 0.5 0.5 0.5 0.5 0.5 0.5 0.5 0.5 0.22250223611666667 0.14833276388333336 0.12916499999999997
0.74167 0.5333366666666667 0.5 0.5 0.5 0.5 0.5 0.5 0.5 0.5 0.5 0.5 0.19777990278333335 0.17305509721666668 0.12916499999999997
0.7583366666666667 0.56667 0.5 0.5 0.5 0.5 0.5 0.5 0.5 0.5 0.5 0.5 0.21486331945 0.16430501388333332 0.12083166666666667
0.7250033333333333 0.56667 0.5 0.5 0.5 0.5 0.5 0.5 0.5 0.5 0.5 0.5 0.20541881945 0.15708284721666665 0.13749833333333333
0.74167 0.5833366666666667 0.5 0.5 0.5 0.5 0.5 0.5 0.5 0.5 0.5 0.5 0.21632165278333337 0.15451334721666665 0.12916499999999997
0.74167 0.5500033333333333 0.5 0.5 0.5 0.5 0.5 0.5 0.5 0.5 0.5 0.5 0.20396048611666667 0.16687451388333335 0.12916499999999997
0.7583366666666667 0.43333 0.5 0.5 0.5 0.5 0.5 0.5 0.5 0.5 0.5 0.5 0.16430501388333332 0.21486331945 0.12083166666666667
0.7250033333333333 0.43333 0.5 0.5 0.5 0.5 0.5 0.5 0.5 0.5 0.5 0.5 0.15708284721666665 0.20541881945 0.13749833333333333
0.74167 0.44999666666666666 0.5 0.5 0.5 0.5 0.5 0.5 0.5 0.5 0.5 0.5 0.16687451388333335 0.20396048611666667 0.12916499999999997
0.74167 0.4166633333333334 0.5 0.5 0.5 0.5 0.5 0.5 0.5 0.5 0.5 0.5 0.1545133472166667 0.21632165278333332 0.12916499999999997
0.70834 0.56667 0.5 0.5 0.5 0.5 0.5 0.5 0.5 0.5 0.5 0.5 0.20069751389999999 0.1534724861 0.14583000000000002
0.8416733333333334 0.56667 0.5 0.5 0.5 0.5 0.5 0.5 0.5 0.5 0.5 0.5 0.23847551390000002 0.18236115276666667 0.07916333333333331
0.5750066666666667 0.56667 0.5 0.5 0.5 0.5 0.5 0.5 0.5 0.5 0.5 0.5 0.1629195139 0.12458381943333333 0.21249666666666667
0.70834 0.7000033333333333 0.5 0.5 0.5 0.5 0.5 0.5 0.5 0.5 0.5 0.5 0.24792018056666665 0.10624981943333334 0.14583000000000002
0.70834 0.43333666666666665 0.5 0.5 0.5 0.5 0.5 0.5 0.5 0.5 0.5 0.5 0.15347484723333332 0.20069515276666666 0.14583000000000002
0.74834 0.60667 0.5 0.5 0.5 0.5 0.5 0.5 0.5 0.5 0.5 0.5 0.2269977139 0.1471722861 0.12583
0.7750066666666666 0.56667 0.5 0.5 0.5 0.5 0.5 0.5 0.5 0.5 0.5 0.5 0.2195865139 0.1679168194333333 0.11249666666666669
0.6416733333333333 0.56667 0.5 0.5 0.5 0.5 0.5 0.5 0.5 0.5 0.5 0.5 0.1818085139 0.13902815276666666 0.17916333333333334
0.70834 0.6333366666666667 0.5 0.5 0.5 0.5 0.5 0.5 0.5 0.5 0.5 0.5 0.22430884723333333 0.12986115276666665 0.14583000000000002
0.70834 0.5000033333333334 0.5 0.5 0.5 0.5 0.5 0.5 0.5 0.5 0.5 0.5 0.17708618056666667 0.17708381943333332 0.14583000000000002
0.7416733333333333 0.56667 0.5 0.5 0.5 0.5 0.5 0.5 0.5 0.5 0.5 0.5 0.21014201389999998 0.16069465276666667 0.12916333333333335
0.6750066666666668 0.56667 0.5 0.5 0.5 0.5 0.5 0.5 0.5 0.5 0.5 0.5 0.19125301390000002 0.14625031943333336 0.16249666666666662
0.70834 0.6000033333333333 0.5 0.5 0.5 0.5 0.5 0.5 0.5 0.5 0.5 0.5 0.21250318056666664 0.14166681943333334 0.14583000000000002
0.70834 0.5333366666666667 0.5 0.5 0.5 0.5 0.5 0.5 0.5 0.5 0.5 0.5 0.18889184723333333 0.16527815276666666 0.14583000000000002
0.9780599999999999 0.88333 0.5 0.5 0.5 0.5 0.5 0.5 0.5 0.5 0.5 0.5 0.43197486989999995 0.05705513010000002 0.010970000000000035
0.9926866666666666 0.88333 0.5 0.5 0.5 0.5 0.5 0.5 0.5 0.5 0.5 0.5 0.43843495663333326 0.05790837670000002 0.003656666666666697
0.9634333333333334 0.88333 0.5 0.5 0.5 0.5 0.5 0.5 0.5 0.5 0.5 0.5 0.42551478316666663 0.05620188350000003 0.018283333333333318
0.9780599999999999 0.8999966666666667 0.5 0.5 0.5 0.5 0.5 0.5 0.5 0.5 0.5 0.5 0.44012536989999995 0.0489046301 0.010970000000000035
0.9780599999999999 0.8666633333333333 0.5 0.5 0.5 0.5 0.5 0.5 0.5 0.5 0.5 0.5 0.4238243699 0.0652056301 0.010970000000000035
0.9 0.124165 0.5 0.5 0.5 0.5 0.5 0.5 0.5 0.5 0.5 0.5 0.05587425 0.39412575 0.04999999999999999
0.9666666666666667 0.124165 0.5 0.5 0.5 0.5 0.5 0.5 0.5 0.5 0.5 0.5 0.060013083333333335 0.42332025 0.016666666666666663
0.8333333333333334 0.124165 0.5 0.5 0.5 0.5 0.5 0.5 0.5 0.5 0.5 0.5 0.051735416666666666 0.36493125000000004 0.08333333333333331
0.9 0.20694166666666663 0.5 0.5 0.5 0.5 0.5 0.5 0.5 0.5 0.5 0.5 0.09312374999999999 0.35687625 0.04999999999999999
0.9 0.04138833333333334 0.5 0.5 0.5 0.5 0.5 0.5 0.5 0.5 0.5 0.5 0.018624750000000002 0.43137525 0.04999999999999999
0.95 0.074165 0.5 0.5 0.5 0.5 0.5 0.5 0.5 0.5 0.5 0.5 0.035228375 0.439771625 0.025000000000000022
0.9833333333333333 0.074165 0.5 0.5 0.5 0.5 0.5 0.5 0.5 0.5 0.5 0.5 0.03646445833333333 0.4552022083333333 0.00833333333333336
0.9166666666666667 0.074165 0.5 0.5 0.5 0.5 0.5 0.5 0.5 0.5 0.5 0.5 0.03399229166666667 0.4243410416666667 0.04166666666666663
0.95 0.12360833333333332 0.5 0.5 0.5 0.5 0.5 0.5 0.5 0.5 0.5 0.5 0.05871395833333332 0.41628604166666666 0.025000000000000022
0.95 0.024721666666666666 0.5 0.5 0.5 0.5 0.5 0.5 0.5 0.5 0.5 0.5 0.011742791666666665 0.46325720833333334 0.025000000000000022
0.975 0.049167 0.5 0.5 0.5 0.5 0.5 0.5 0.5 0.5 0.5 0.5 0.0239689125 0.4635310875 0.012500000000000011
0.9916666666666667 0.049167 0.5 0.5 0.5 0.5 0.5 0.5 0.5 0.5 0.5 0.5 0.0243786375 0.4714546958333333 0.004166666666666652
0.9583333333333333 0.049167 0.5 0.5 0.5 0.5 0.5 0.5 0.5 0.5 0.5 0.5 0.0235591875 0.4556074791666666 0.02083333333333337
0.975 0.08194499999999999 0.5 0.5 0.5 0.5 0.5 0.5 0.5 0.5 0.5 0.5 0.039948187499999996 0.4475518125 0.012500000000000011
0.975 0.016389000000000004 0.5 0.5 0.5 0.5 0.5 0.5 0.5 0.5 0.5 0.5 0.007989637500000002 0.4795103625 0.012500000000000011
0.9875 0.048334 0.5 0.5 0.5 0.5 0.5 0.5 0.5 0.5 0.5 0.5 0.023864912500000002 0.4698850875 0.006249999999999978
0.9958333333333333 0.048334 0.5 0.5 0.5 0.5 0.5 0.5 0.5 0.5 0.5 0.5 0.024066304166666667 0.4738503625 0.002083333333333326
0.9791666666666666 0.048334 0.5 0.5 0.5 0.5 0.5 0.5 0.5 0.5 0.5 0.5 0.023663520833333333 0.4659198125 0.010416666666666685
0.9875 0.06500066666666666 0.5 0.5 0.5 0.5 0.5 0.5 0.5 0.5 0.5 0.5 0.032094079166666664 0.46165592083333334 0.006249999999999978
0.9875 0.03166733333333333 0.5 0.5 0.5 0.5 0.5 0.5 0.5 0.5 0.5 0.5 0.015635745833333332 0.4781142541666667 0.006249999999999978
0.99375 0.048334 0.5 0.5 0.5 0.5 0.5 0.5 0.5 0.5 0.5 0.5 0.02401595625 0.47285904375 0.003124999999999989
0.9979166666666667 0.048334 0.5 0.5 0.5 0.5 0.5 0.5 0.5 0.5 0.5 0.5 0.024116652083333336 0.47484168125 0.001041666666666663
0.9895833333333334 0.048334 0.5 0.5 0.5 0.5 0.5 0.5 0.5 0.5 0.5 0.5 0.023915260416666667 0.47087640625 0.005208333333333315
0.99375 0.05666733333333333 0.5 0.5 0.5 0.5 0.5 0.5 0.5 0.5 0.5 0.5 0.02815658125 0.46871841875000003 0.003124999999999989
0.99375 0.040000666666666664 0.5 0.5 0.5 0.5 0.5 0.5 0.5 0.5 0.5 0.5 0.01987533125 0.47699966875 0.003124999999999989
1. 0.06083400000000001 0.5 0.5 0.5 0.5 0.5 0.5 0.5 0.5 0.5 0.5 0.030417000000000007 0.469583 0.
0.9875 0.06083400000000001 0.5 0.5 0.5 0.5 0.5 0.5 0.5 0.5 0.5 0.5 0.03003678750000001 0.4637132125 0.006249999999999978
0.69444 0.36667000000000005 0.5 0.5 0.5 0.5 0.5 0.5 0.5 0.5 0.5 0.5 0.12731515740000002 0.21990484259999996 0.15278000000000003
0.8277733333333334 0.36667000000000005 0.5 0.5 0.5 0.5 0.5 0.5 0.5 0.5 0.5 0.5 0.1517598240666667 0.26212684259999997 0.08611333333333332
0.5611066666666666 0.36667000000000005 0.5 0.5 0.5 0.5 0.5 0.5 0.5 0.5 0.5 0.5 0.10287049073333335 0.17768284259999997 0.21944666666666668
0.69444 0.5000033333333334 0.5 0.5 0.5 0.5 0.5 0.5 0.5 0.5 0.5 0.5 0.1736111574 0.17360884259999998 0.15278000000000003
0.69444 0.2333366666666667 0.5 0.5 0.5 0.5 0.5 0.5 0.5 0.5 0.5 0.5 0.0810191574 0.2662008426 0.15278000000000003
0.7611066666666667 0.36667 0.5 0.5 0.5 0.5 0.5 0.5 0.5 0.5 0.5 0.5 0.13953749073333335 0.2410158426 0.11944666666666665
0.6277733333333333 0.36667 0.5 0.5 0.5 0.5 0.5 0.5 0.5 0.5 0.5 0.5 0.11509282406666665 0.1987938426 0.18611333333333335
0.69444 0.43333666666666665 0.5 0.5 0.5 0.5 0.5 0.5 0.5 0.5 0.5 0.5 0.1504631574 0.19675684259999998 0.15278000000000003
0.69444 0.30000333333333334 0.5 0.5 0.5 0.5 0.5 0.5 0.5 0.5 0.5 0.5 0.1041671574 0.24305284259999999 0.15278000000000003
0.70834 0.43333 0.5 0.5 0.5 0.5 0.5 0.5 0.5 0.5 0.5 0.5 0.1534724861 0.20069751389999999 0.14583000000000002
0.8416733333333334 0.43333 0.5 0.5 0.5 0.5 0.5 0.5 0.5 0.5 0.5 0.5 0.18236115276666667 0.23847551390000002 0.07916333333333331
0.5750066666666667 0.43333 0.5 0.5 0.5 0.5 0.5 0.5 0.5 0.5 0.5 0.5 0.12458381943333333 0.1629195139 0.21249666666666667
0.70834 0.5666633333333332 0.5 0.5 0.5 0.5 0.5 0.5 0.5 0.5 0.5 0.5 0.2006951527666666 0.15347484723333338 0.14583000000000002
0.70834 0.2999966666666667 0.5 0.5 0.5 0.5 0.5 0.5 0.5 0.5 0.5 0.5 0.10624981943333334 0.24792018056666665 0.14583000000000002
0.9 0.33333 0.5 0.5 0.5 0.5 0.5 0.5 0.5 0.5 0.5 0.5 0.1499985 0.3000015 0.04999999999999999
0.9666666666666667 0.33333 0.5 0.5 0.5 0.5 0.5 0.5 0.5 0.5 0.5 0.5 0.16110950000000002 0.3222238333333333 0.016666666666666663
0.8333333333333334 0.33333 0.5 0.5 0.5 0.5 0.5 0.5 0.5 0.5 0.5 0.5 0.13888750000000002 0.2777791666666667 0.08333333333333331
0.9 0.46666333333333326 0.5 0.5 0.5 0.5 0.5 0.5 0.5 0.5 0.5 0.5 0.20999849999999998 0.24000150000000003 0.04999999999999999
0.9 0.19999666666666668 0.5 0.5 0.5 0.5 0.5 0.5 0.5 0.5 0.5 0.5 0.08999850000000001 0.3600015 0.04999999999999999
0.883335 0.33333 0.5 0.5 0.5 0.5 0.5 0.5 0.5 0.5 0.5 0.5 0.147221027775 0.294446472225 0.05833250000000001
0.9611116666666667 0.33333 0.5 0.5 0.5 0.5 0.5 0.5 0.5 0.5 0.5 0.5 0.16018367592500002 0.32037215740833336 0.01944416666666665
0.8055583333333333 0.33333 0.5 0.5 0.5 0.5 0.5 0.5 0.5 0.5 0.5 0.5 0.134258379625 0.26852078704166665 0.09722083333333337
0.883335 0.46666333333333326 0.5 0.5 0.5 0.5 0.5 0.5 0.5 0.5 0.5 0.5 0.20611002777499995 0.23555747222500004 0.05833250000000001
0.883335 0.19999666666666668 0.5 0.5 0.5 0.5 0.5 0.5 0.5 0.5 0.5 0.5 0.088332027775 0.353335472225 0.05833250000000001
0.933335 0.33333 0.5 0.5 0.5 0.5 0.5 0.5 0.5 0.5 0.5 0.5 0.155554277775 0.311113222225 0.03333249999999999
0.9777783333333333 0.33333 0.5 0.5 0.5 0.5 0.5 0.5 0.5 0.5 0.5 0.5 0.16296142592500001 0.32592774074166664 0.011110833333333348
0.8888916666666667 0.33333 0.5 0.5 0.5 0.5 0.5 0.5 0.5 0.5 0.5 0.5 0.148147129625 0.29629870370833333 0.05555416666666663
0.933335 0.39999666666666667 0.5 0.5 0.5 0.5 0.5 0.5 0.5 0.5 0.5 0.5 0.18666544444166666 0.28000205555833335 0.03333249999999999
0.933335 0.26666333333333336 0.5 0.5 0.5 0.5 0.5 0.5 0.5 0.5 0.5 0.5 0.12444311110833335 0.3422243888916667 0.03333249999999999
1. 0.43333 0.5 0.5 0.5 0.5 0.5 0.5 0.5 0.5 0.5 0.5 0.216665 0.283335 0.
0.88889 0.33333 0.5 0.5 0.5 0.5 0.5 0.5 0.5 0.5 0.5 0.5 0.14814685185 0.29629814815 0.05555500000000002
0.9629633333333333 0.33333 0.5 0.5 0.5 0.5 0.5 0.5 0.5 0.5 0.5 0.5 0.16049228395 0.32098938271666666 0.01851833333333336
0.8148166666666667 0.33333 0.5 0.5 0.5 0.5 0.5 0.5 0.5 0.5 0.5 0.5 0.13580141975 0.27160691358333333 0.09259166666666663
0.88889 0.46666333333333326 0.5 0.5 0.5 0.5 0.5 0.5 0.5 0.5 0.5 0.5 0.20740618518333329 0.2370388148166667 0.05555500000000002
0.88889 0.19999666666666668 0.5 0.5 0.5 0.5 0.5 0.5 0.5 0.5 0.5 0.5 0.08888751851666667 0.3555574814833333 0.05555500000000002
0.93889 0.33333 0.5 0.5 0.5 0.5 0.5 0.5 0.5 0.5 0.5 0.5 0.15648010185 0.31296489815 0.030555
0.97963 0.33333 0.5 0.5 0.5 0.5 0.5 0.5 0.5 0.5 0.5 0.5 0.16327003395 0.32654496605 0.010185
0.89815 0.33333 0.5 0.5 0.5 0.5 0.5 0.5 0.5 0.5 0.5 0.5 0.14969016975000002 0.29938483025 0.050925
0.93889 0.39999666666666667 0.5 0.5 0.5 0.5 0.5 0.5 0.5 0.5 0.5 0.5 0.18777643518333334 0.2816685648166667 0.030555
0.93889 0.26666333333333336 0.5 0.5 0.5 0.5 0.5 0.5 0.5 0.5 0.5 0.5 0.12518376851666668 0.3442612314833333 0.030555
0.964815 0.33333 0.5 0.5 0.5 0.5 0.5 0.5 0.5 0.5 0.5 0.5 0.160800891975 0.32160660802499996 0.01759250000000001
0.9882716666666667 0.33333 0.5 0.5 0.5 0.5 0.5 0.5 0.5 0.5 0.5 0.5 0.164710297325 0.3294255360083333 0.00586416666666667
0.9413583333333333 0.33333 0.5 0.5 0.5 0.5 0.5 0.5 0.5 0.5 0.5 0.5 0.156891486625 0.31378768004166663 0.02932083333333335
0.964815 0.36666333333333334 0.5 0.5 0.5 0.5 0.5 0.5 0.5 0.5 0.5 0.5 0.176881141975 0.305526358025 0.01759250000000001
0.964815 0.2999966666666667 0.5 0.5 0.5 0.5 0.5 0.5 0.5 0.5 0.5 0.5 0.144720641975 0.337686858025 0.01759250000000001
1. 0.35333000000000003 0.5 0.5 0.5 0.5 0.5 0.5 0.5 0.5 0.5 0.5 0.17666500000000002 0.323335 0.
0.894135 0.33333 0.5 0.5 0.5 0.5 0.5 0.5 0.5 0.5 0.5 0.5 0.14902100977500002 0.298046490225 0.05293249999999999
0.9647116666666666 0.33333 0.5 0.5 0.5 0.5 0.5 0.5 0.5 0.5 0.5 0.5 0.160783669925 0.32157216340833333 0.017644166666666683
0.8235583333333334 0.33333 0.5 0.5 0.5 0.5 0.5 0.5 0.5 0.5 0.5 0.5 0.13725834962500003 0.2745208170416667 0.0882208333333333
0.894135 0.46666333333333326 0.5 0.5 0.5 0.5 0.5 0.5 0.5 0.5 0.5 0.5 0.20863000977499996 0.23843749022500005 0.05293249999999999
0.894135 0.19999666666666668 0.5 0.5 0.5 0.5 0.5 0.5 0.5 0.5 0.5 0.5 0.08941200977500001 0.357655490225 0.05293249999999999
0.944135 0.33333 0.5 0.5 0.5 0.5 0.5 0.5 0.5 0.5 0.5 0.5 0.157354259775 0.31471324022499997 0.027932500000000027
0.9813783333333334 0.33333 0.5 0.5 0.5 0.5 0.5 0.5 0.5 0.5 0.5 0.5 0.163561419925 0.32712774674166667 0.009310833333333324
0.9068916666666667 0.33333 0.5 0.5 0.5 0.5 0.5 0.5 0.5 0.5 0.5 0.5 0.151147099625 0.3022987337083333 0.046554166666666674
0.944135 0.39999666666666667 0.5 0.5 0.5 0.5 0.5 0.5 0.5 0.5 0.5 0.5 0.18882542644166667 0.2832420735583333 0.027932500000000027
0.944135 0.26666333333333336 0.5 0.5 0.5 0.5 0.5 0.5 0.5 0.5 0.5 0.5 0.12588309310833334 0.34618440689166663 0.027932500000000027
0.9691350000000001 0.33333 0.5 0.5 0.5 0.5 0.5 0.5 0.5 0.5 0.5 0.5 0.161520884775 0.323046615225 0.01543249999999996
0.9897116666666667 0.33333 0.5 0.5 0.5 0.5 0.5 0.5 0.5 0.5 0.5 0.5 0.16495029492500002 0.3299055384083333 0.005144166666666672
0.9485583333333334 0.33333 0.5 0.5 0.5 0.5 0.5 0.5 0.5 0.5 0.5 0.5 0.158091474625 0.3161876920416667 0.025720833333333304
0.9691350000000001 0.36666333333333334 0.5 0.5 0.5 0.5 0.5 0.5 0.5 0.5 0.5 0.5 0.17767313477500002 0.306894365225 0.01543249999999996
0.9691350000000001 0.2999966666666667 0.5 0.5 0.5 0.5 0.5 0.5 0.5 0.5 0.5 0.5 0.14536863477500003 0.33919886522500003 0.01543249999999996
1. 0.38333 0.5 0.5 0.5 0.5 0.5 0.5 0.5 0.5 0.5 0.5 0.191665 0.308335 0.
0.93827 0.38333 0.5 0.5 0.5 0.5 0.5 0.5 0.5 0.5 0.5 0.5 0.17983351955000001 0.28930148045000004 0.030864999999999976
0.7277733333333333 0.36667 0.5 0.5 0.5 0.5 0.5 0.5 0.5 0.5 0.5 0.5 0.13342632406666666 0.23046034259999998 0.13611333333333336
0.6611066666666667 0.36667 0.5 0.5 0.5 0.5 0.5 0.5 0.5 0.5 0.5 0.5 0.12120399073333335 0.20934934260000002 0.16944666666666663
0.69444 0.4000033333333333 0.5 0.5 0.5 0.5 0.5 0.5 0.5 0.5 0.5 0.5 0.1388891574 0.20833084259999998 0.15278000000000003
0.69444 0.33333666666666667 0.5 0.5 0.5 0.5 0.5 0.5 0.5 0.5 0.5 0.5 0.11574115739999999 0.23147884259999998 0.15278000000000003
0.69444 0.4 0.5 0.5 0.5 0.5 0.5 0.5 0.5 0.5 0.5 0.5 0.13888799999999998 0.208332 0.15278000000000003
0.8277733333333334 0.4 0.5 0.5 0.5 0.5 0.5 0.5 0.5 0.5 0.5 0.5 0.16555466666666668 0.248332 0.08611333333333332
0.5611066666666666 0.4 0.5 0.5 0.5 0.5 0.5 0.5 0.5 0.5 0.5 0.5 0.11222133333333334 0.16833199999999998 0.21944666666666668
0.69444 0.5333333333333333 0.5 0.5 0.5 0.5 0.5 0.5 0.5 0.5 0.5 0.5 0.185184 0.16203599999999999 0.15278000000000003
0.69444 0.26666666666666666 0.5 0.5 0.5 0.5 0.5 0.5 0.5 0.5 0.5 0.5 0.092592 0.25462799999999997 0.15278000000000003
0.7611066666666667 0.4 0.5 0.5 0.5 0.5 0.5 0.5 0.5 0.5 0.5 0.5 0.15222133333333335 0.228332 0.11944666666666665
0.6277733333333333 0.4 0.5 0.5 0.5 0.5 0.5 0.5 0.5 0.5 0.5 0.5 0.12555466666666668 0.18833199999999997 0.18611333333333335
0.69444 0.4666666666666667 0.5 0.5 0.5 0.5 0.5 0.5 0.5 0.5 0.5 0.5 0.16203599999999999 0.185184 0.15278000000000003
0.69444 0.3333333333333333 0.5 0.5 0.5 0.5 0.5 0.5 0.5 0.5 0.5 0.5 0.11573999999999998 0.23148 0.15278000000000003
0.7277733333333333 0.4 0.5 0.5 0.5 0.5 0.5 0.5 0.5 0.5 0.5 0.5 0.14555466666666667 0.21833199999999997 0.13611333333333336
0.6611066666666667 0.4 0.5 0.5 0.5 0.5 0.5 0.5 0.5 0.5 0.5 0.5 0.13222133333333336 0.198332 0.16944666666666663
0.69444 0.43333333333333335 0.5 0.5 0.5 0.5 0.5 0.5 0.5 0.5 0.5 0.5 0.15046199999999998 0.196758 0.15278000000000003
0.9 0.135415 0.5 0.5 0.5 0.5 0.5 0.5 0.5 0.5 0.5 0.5 0.060936750000000005 0.38906325 0.04999999999999999
0.9666666666666667 0.135415 0.5 0.5 0.5 0.5 0.5 0.5 0.5 0.5 0.5 0.5 0.06545058333333334 0.41788275 0.016666666666666663
0.8333333333333334 0.135415 0.5 0.5 0.5 0.5 0.5 0.5 0.5 0.5 0.5 0.5 0.05642291666666667 0.36024375000000003 0.08333333333333331
0.9 0.22569166666666665 0.5 0.5 0.5 0.5 0.5 0.5 0.5 0.5 0.5 0.5 0.10156124999999999 0.34843875 0.04999999999999999
0.9 0.04513833333333334 0.5 0.5 0.5 0.5 0.5 0.5 0.5 0.5 0.5 0.5 0.020312250000000004 0.42968775 0.04999999999999999
0.95 0.085415 0.5 0.5 0.5 0.5 0.5 0.5 0.5 0.5 0.5 0.5 0.040572125 0.43442787499999996 0.025000000000000022
0.9833333333333333 0.085415 0.5 0.5 0.5 0.5 0.5 0.5 0.5 0.5 0.5 0.5 0.04199570833333333 0.4496709583333333 0.00833333333333336
0.9166666666666667 0.085415 0.5 0.5 0.5 0.5 0.5 0.5 0.5 0.5 0.5 0.5 0.039148541666666675 0.4191847916666667 0.04166666666666663
0.95 0.14235833333333334 0.5 0.5 0.5 0.5 0.5 0.5 0.5 0.5 0.5 0.5 0.06762020833333333 0.40737979166666666 0.025000000000000022
0.95 0.028471666666666673 0.5 0.5 0.5 0.5 0.5 0.5 0.5 0.5 0.5 0.5 0.013524041666666669 0.4614759583333333 0.025000000000000022
0.975 0.0708315 0.5 0.5 0.5 0.5 0.5 0.5 0.5 0.5 0.5 0.5 0.034530356250000005 0.45296964375 0.012500000000000011
0.9916666666666667 0.0708315 0.5 0.5 0.5 0.5 0.5 0.5 0.5 0.5 0.5 0.5 0.035120618750000006 0.46071271458333335 0.004166666666666652
0.9583333333333333 0.0708315 0.5 0.5 0.5 0.5 0.5 0.5 0.5 0.5 0.5 0.5 0.03394009375 0.4452265729166666 0.02083333333333337
0.975 0.10416383333333333 0.5 0.5 0.5 0.5 0.5 0.5 0.5 0.5 0.5 0.5 0.05077986875 0.43672013125 0.012500000000000011
0.975 0.03749916666666667 0.5 0.5 0.5 0.5 0.5 0.5 0.5 0.5 0.5 0.5 0.01828084375 0.46921915625 0.012500000000000011
0.72777 0.4 0.5 0.5 0.5 0.5 0.5 0.5 0.5 0.5 0.5 0.5 0.14555400000000002 0.218331 0.13611499999999999
0.8611033333333333 0.4 0.5 0.5 0.5 0.5 0.5 0.5 0.5 0.5 0.5 0.5 0.1722206666666667 0.258331 0.06944833333333333
0.5944366666666666 0.4 0.5 0.5 0.5 0.5 0.5 0.5 0.5 0.5 0.5 0.5 0.11888733333333333 0.178331 0.2027816666666667
0.72777 0.5333333333333333 0.5 0.5 0.5 0.5 0.5 0.5 0.5 0.5 0.5 0.5 0.194072 0.16981300000000002 0.13611499999999999
0.72777 0.26666666666666666 0.5 0.5 0.5 0.5 0.5 0.5 0.5 0.5 0.5 0.5 0.097036 0.266849 0.13611499999999999
0.7944366666666667 0.4 0.5 0.5 0.5 0.5 0.5 0.5 0.5 0.5 0.5 0.5 0.15888733333333335 0.238331 0.10278166666666666
0.6611033333333334 0.4 0.5 0.5 0.5 0.5 0.5 0.5 0.5 0.5 0.5 0.5 0.13222066666666668 0.198331 0.1694483333333333
0.72777 0.4666666666666667 0.5 0.5 0.5 0.5 0.5 0.5 0.5 0.5 0.5 0.5 0.16981300000000002 0.194072 0.13611499999999999
0.72777 0.3333333333333333 0.5 0.5 0.5 0.5 0.5 0.5 0.5 0.5 0.5 0.5 0.121295 0.24259000000000003 0.13611499999999999
0.7611033333333332 0.4 0.5 0.5 0.5 0.5 0.5 0.5 0.5 0.5 0.5 0.5 0.15222066666666667 0.22833099999999995 0.11944833333333338
0.6944366666666667 0.4 0.5 0.5 0.5 0.5 0.5 0.5 0.5 0.5 0.5 0.5 0.13888733333333333 0.20833100000000002 0.15278166666666665
0.72777 0.43333333333333335 0.5 0.5 0.5 0.5 0.5 0.5 0.5 0.5 0.5 0.5 0.1576835 0.2062015 0.13611499999999999
0.72777 0.36666666666666664 0.5 0.5 0.5 0.5 0.5 0.5 0.5 0.5 0.5 0.5 0.1334245 0.2304605 0.13611499999999999
0.9 0.8 0.5 0.5 0.5 0.5 0.5 0.5 0.5 0.5 0.5 0.5 0.36000000000000004 0.08999999999999998 0.04999999999999999
0.9666666666666667 0.8 0.5 0.5 0.5 0.5 0.5 0.5 0.5 0.5 0.5 0.5 0.3866666666666667 0.09666666666666665 0.016666666666666663
0.8333333333333334 0.8 0.5 0.5 0.5 0.5 0.5 0.5 0.5 0.5 0.5 0.5 0.33333333333333337 0.08333333333333331 0.08333333333333331
0.9 0.9333333333333333 0.5 0.5 0.5 0.5 0.5 0.5 0.5 0.5 0.5 0.5 0.42000000000000004 0.029999999999999995 0.04999999999999999
0.9 0.6666666666666666 0.5 0.5 0.5 0.5 0.5 0.5 0.5 0.5 0.5 0.5 0.3 0.15000000000000002 0.04999999999999999
0.95 0.8 0.5 0.5 0.5 0.5 0.5 0.5 0.5 0.5 0.5 0.5 0.38 0.09499999999999997 0.025000000000000022
0.9833333333333333 0.8 0.5 0.5 0.5 0.5 0.5 0.5 0.5 0.5 0.5 0.5 0.3933333333333333 0.0983333333333333 0.00833333333333336
0.9166666666666667 0.8 0.5 0.5 0.5 0.5 0.5 0.5 0.5 0.5 0.5 0.5 0.3666666666666667 0.09166666666666666 0.04166666666666663
0.95 0.8666666666666667 0.5 0.5 0.5 0.5 0.5 0.5 0.5 0.5 0.5 0.5 0.4116666666666667 0.06333333333333331 0.025000000000000022
0.95 0.7333333333333333 0.5 0.5 0.5 0.5 0.5 0.5 0.5 0.5 0.5 0.5 0.3483333333333333 0.12666666666666668 0.025000000000000022
0.975 0.8 0.5 0.5 0.5 0.5 0.5 0.5 0.5 0.5 0.5 0.5 0.39 0.09749999999999998 0.012500000000000011
0.9916666666666667 0.8 0.5 0.5 0.5 0.5 0.5 0.5 0.5 0.5 0.5 0.5 0.3966666666666667 0.09916666666666665 0.004166666666666652
0.9583333333333333 0.8 0.5 0.5 0.5 0.5 0.5 0.5 0.5 0.5 0.5 0.5 0.3833333333333333 0.0958333333333333 0.02083333333333337
0.975 0.8333333333333333 0.5 0.5 0.5 0.5 0.5 0.5 0.5 0.5 0.5 0.5 0.40624999999999994 0.08125000000000003 0.012500000000000011
0.975 0.7666666666666667 0.5 0.5 0.5 0.5 0.5 0.5 0.5 0.5 0.5 0.5 0.37375 0.11374999999999998 0.012500000000000011
0.70834 0.6000000000000001 0.5 0.5 0.5 0.5 0.5 0.5 0.5 0.5 0.5 0.5 0.21250200000000002 0.14166799999999996 0.14583000000000002
0.8416733333333334 0.6000000000000001 0.5 0.5 0.5 0.5 0.5 0.5 0.5 0.5 0.5 0.5 0.25250200000000006 0.16833466666666663 0.07916333333333331
0.5750066666666667 0.6000000000000001 0.5 0.5 0.5 0.5 0.5 0.5 0.5 0.5 0.5 0.5 0.17250200000000002 0.1150013333333333 0.21249666666666667
0.70834 0.7333333333333334 0.5 0.5 0.5 0.5 0.5 0.5 0.5 0.5 0.5 0.5 0.25972466666666666 0.09444533333333331 0.14583000000000002
0.70834 0.4666666666666667 0.5 0.5 0.5 0.5 0.5 0.5 0.5 0.5 0.5 0.5 0.16527933333333333 0.18889066666666665 0.14583000000000002
0.7250000000000001 0.43333 0.5 0.5 0.5 0.5 0.5 0.5 0.5 0.5 0.5 0.5 0.15708212500000002 0.20541787500000003 0.13749999999999996
0.8583333333333334 0.43333 0.5 0.5 0.5 0.5 0.5 0.5 0.5 0.5 0.5 0.5 0.18597079166666666 0.24319587500000003 0.0708333333333333
0.5916666666666667 0.43333 0.5 0.5 0.5 0.5 0.5 0.5 0.5 0.5 0.5 0.5 0.12819345833333334 0.167639875 0.20416666666666666
0.7250000000000001 0.5666633333333332 0.5 0.5 0.5 0.5 0.5 0.5 0.5 0.5 0.5 0.5 0.2054154583333333 0.15708454166666674 0.13749999999999996
0.7250000000000001 0.2999966666666667 0.5 0.5 0.5 0.5 0.5 0.5 0.5 0.5 0.5 0.5 0.10874879166666669 0.25375120833333337 0.13749999999999996
0.765 0.43333 0.5 0.5 0.5 0.5 0.5 0.5 0.5 0.5 0.5 0.5 0.165748725 0.216751275 0.1175
0.7250000000000001 0.5666599999999999 0.5 0.5 0.5 0.5 0.5 0.5 0.5 0.5 0.5 0.5 0.20541425 0.15708575000000005 0.13749999999999996
0.8583333333333334 0.5666599999999999 0.5 0.5 0.5 0.5 0.5 0.5 0.5 0.5 0.5 0.5 0.24319158333333332 0.18597508333333337 0.0708333333333333
0.5916666666666667 0.5666599999999999 0.5 0.5 0.5 0.5 0.5 0.5 0.5 0.5 0.5 0.5 0.16763691666666666 0.12819641666666667 0.20416666666666666
0.7250000000000001 0.6999933333333334 0.5 0.5 0.5 0.5 0.5 0.5 0.5 0.5 0.5 0.5 0.25374758333333336 0.10875241666666667 0.13749999999999996
0.7250000000000001 0.43332666666666664 0.5 0.5 0.5 0.5 0.5 0.5 0.5 0.5 0.5 0.5 0.15708091666666668 0.20541908333333336 0.13749999999999996
0.7916666666666666 0.56666 0.5 0.5 0.5 0.5 0.5 0.5 0.5 0.5 0.5 0.5 0.22430291666666669 0.17153041666666663 0.10416666666666669
0.6583333333333333 0.56666 0.5 0.5 0.5 0.5 0.5 0.5 0.5 0.5 0.5 0.5 0.18652558333333336 0.1426410833333333 0.17083333333333334
0.725 0.6333266666666667 0.5 0.5 0.5 0.5 0.5 0.5 0.5 0.5 0.5 0.5 0.22958091666666666 0.13291908333333333 0.1375
0.725 0.49999333333333335 0.5 0.5 0.5 0.5 0.5 0.5 0.5 0.5 0.5 0.5 0.18124758333333332 0.18125241666666667 0.1375
0.825 0.66666 0.5 0.5 0.5 0.5 0.5 0.5 0.5 0.5 0.5 0.5 0.27499724999999997 0.13750274999999998 0.08750000000000002
0.7583333333333333 0.5666599999999999 0.5 0.5 0.5 0.5 0.5 0.5 0.5 0.5 0.5 0.5 0.2148585833333333 0.16430808333333335 0.12083333333333335
0.6916666666666668 0.5666599999999999 0.5 0.5 0.5 0.5 0.5 0.5 0.5 0.5 0.5 0.5 0.19596991666666666 0.14986341666666672 0.15416666666666662
0.7250000000000001 0.5999933333333333 0.5 0.5 0.5 0.5 0.5 0.5 0.5 0.5 0.5 0.5 0.21749758333333333 0.14500241666666672 0.13749999999999996
0.7250000000000001 0.5333266666666667 0.5 0.5 0.5 0.5 0.5 0.5 0.5 0.5 0.5 0.5 0.1933309166666667 0.16916908333333333 0.13749999999999996
0.9 0.875 0.5 0.5 0.5 0.5 0.5 0.5 0.5 0.5 0.5 0.5 0.39375 0.05625 0.04999999999999999
0.9666666666666667 0.875 0.5 0.5 0.5 0.5 0.5 0.5 0.5 0.5 0.5 0.5 0.42291666666666666 0.06041666666666667 0.016666666666666663
0.8333333333333334 0.875 0.5 0.5 0.5 0.5 0.5 0.5 0.5 0.5 0.5 0.5 0.36458333333333337 0.052083333333333336 0.08333333333333331
0.9 0.9583333333333333 0.5 0.5 0.5 0.5 0.5 0.5 0.5 0.5 0.5 0.5 0.43124999999999997 0.018750000000000034 0.04999999999999999
0.9 0.7916666666666666 0.5 0.5 0.5 0.5 0.5 0.5 0.5 0.5 0.5 0.5 0.35625 0.09375000000000001 0.04999999999999999
0.95 0.925 0.5 0.5 0.5 0.5 0.5 0.5 0.5 0.5 0.5 0.5 0.439375 0.035624999999999976 0.025000000000000022
0.9833333333333333 0.925 0.5 0.5 0.5 0.5 0.5 0.5 0.5 0.5 0.5 0.5 0.45479166666666665 0.03687499999999998 0.00833333333333336
0.9166666666666667 0.925 0.5 0.5 0.5 0.5 0.5 0.5 0.5 0.5 0.5 0.5 0.4239583333333334 0.03437499999999998 0.04166666666666663
0.95 0.975 0.5 0.5 0.5 0.5 0.5 0.5 0.5 0.5 0.5 0.5 0.46312499999999995 0.01187500000000001 0.025000000000000022
0.95 0.875 0.5 0.5 0.5 0.5 0.5 0.5 0.5 0.5 0.5 0.5 0.41562499999999997 0.059375 0.025000000000000022
0.975 0.95 0.5 0.5 0.5 0.5 0.5 0.5 0.5 0.5 0.5 0.5 0.46312499999999995 0.02437500000000002 0.012500000000000011
0.9916666666666667 0.95 0.5 0.5 0.5 0.5 0.5 0.5 0.5 0.5 0.5 0.5 0.47104166666666664 0.02479166666666669 0.004166666666666652
0.9583333333333333 0.95 0.5 0.5 0.5 0.5 0.5 0.5 0.5 0.5 0.5 0.5 0.45520833333333327 0.023958333333333352 0.02083333333333337
0.975 0.9833333333333333 0.5 0.5 0.5 0.5 0.5 0.5 0.5 0.5 0.5 0.5 0.47937499999999994 0.008125000000000025 0.012500000000000011
0.975 0.9166666666666667 0.5 0.5 0.5 0.5 0.5 0.5 0.5 0.5 0.5 0.5 0.446875 0.04062499999999996 0.012500000000000011
0.9 0.816665 0.5 0.5 0.5 0.5 0.5 0.5 0.5 0.5 0.5 0.5 0.36749925 0.08250075000000001 0.04999999999999999
0.9666666666666667 0.816665 0.5 0.5 0.5 0.5 0.5 0.5 0.5 0.5 0.5 0.5 0.39472141666666666 0.08861191666666668 0.016666666666666663
0.8333333333333334 0.816665 0.5 0.5 0.5 0.5 0.5 0.5 0.5 0.5 0.5 0.5 0.34027708333333334 0.07638958333333334 0.08333333333333331
0.9 0.9388883333333333 0.5 0.5 0.5 0.5 0.5 0.5 0.5 0.5 0.5 0.5 0.42249975 0.027500250000000004 0.04999999999999999
0.9 0.6944416666666666 0.5 0.5 0.5 0.5 0.5 0.5 0.5 0.5 0.5 0.5 0.31249875 0.13750125000000002 0.04999999999999999
0.95 0.83333 0.5 0.5 0.5 0.5 0.5 0.5 0.5 0.5 0.5 0.5 0.39583175 0.07916825 0.025000000000000022
0.9833333333333333 0.83333 0.5 0.5 0.5 0.5 0.5 0.5 0.5 0.5 0.5 0.5 0.40972058333333333 0.08194608333333332 0.00833333333333336
0.9166666666666667 0.83333 0.5 0.5 0.5 0.5 0.5 0.5 0.5 0.5 0.5 0.5 0.3819429166666667 0.07639041666666667 0.04166666666666663
0.95 0.8999966666666667 0.5 0.5 0.5 0.5 0.5 0.5 0.5 0.5 0.5 0.5 0.42749841666666666 0.04750158333333333 0.025000000000000022
0.95 0.7666633333333334 0.5 0.5 0.5 0.5 0.5 0.5 0.5 0.5 0.5 0.5 0.3641650833333333 0.11083491666666664 0.025000000000000022
0.975 0.8333299999999999 0.5 0.5 0.5 0.5 0.5 0.5 0.5 0.5 0.5 0.5 0.40624837499999994 0.08125162500000005 0.012500000000000011
0.9916666666666667 0.8333299999999999 0.5 0.5 0.5 0.5 0.5 0.5 0.5 0.5 0.5 0.5 0.4131927916666666 0.08264054166666672 0.004166666666666652
0.9583333333333333 0.8333299999999999 0.5 0.5 0.5 0.5 0.5 0.5 0.5 0.5 0.5 0.5 0.39930395833333326 0.07986270833333338 0.02083333333333337
0.975 0.8666633333333332 0.5 0.5 0.5 0.5 0.5 0.5 0.5 0.5 0.5 0.5 0.4224983749999999 0.06500162500000005 0.012500000000000011
0.975 0.7999966666666667 0.5 0.5 0.5 0.5 0.5 0.5 0.5 0.5 0.5 0.5 0.389998375 0.09750162499999998 0.012500000000000011
0.9 0.85625 0.5 0.5 0.5 0.5 0.5 0.5 0.5 0.5 0.5 0.5 0.3853125 0.06468750000000002 0.04999999999999999
0.9666666666666667 0.85625 0.5 0.5 0.5 0.5 0.5 0.5 0.5 0.5 0.5 0.5 0.41385416666666663 0.06947916666666669 0.016666666666666663
0.8333333333333334 0.85625 0.5 0.5 0.5 0.5 0.5 0.5 0.5 0.5 0.5 0.5 0.3567708333333333 0.059895833333333356 0.08333333333333331
0.9 0.9520833333333333 0.5 0.5 0.5 0.5 0.5 0.5 0.5 0.5 0.5 0.5 0.42843749999999997 0.021562500000000023 0.04999999999999999
0.9 0.7604166666666667 0.5 0.5 0.5 0.5 0.5 0.5 0.5 0.5 0.5 0.5 0.34218750000000003 0.10781249999999996 0.04999999999999999
0.95 0.90625 0.5 0.5 0.5 0.5 0.5 0.5 0.5 0.5 0.5 0.5 0.43046874999999996 0.044531249999999994 0.025000000000000022
0.9833333333333333 0.90625 0.5 0.5 0.5 0.5 0.5 0.5 0.5 0.5 0.5 0.5 0.44557291666666665 0.046093749999999996 0.00833333333333336
0.9166666666666667 0.90625 0.5 0.5 0.5 0.5 0.5 0.5 0.5 0.5 0.5 0.5 0.41536458333333337 0.04296875 0.04166666666666663
0.95 0.96875 0.5 0.5 0.5 0.5 0.5 0.5 0.5 0.5 0.5 0.5 0.46015625 0.01484375 0.025000000000000022
0.95 0.84375 0.5 0.5 0.5 0.5 0.5 0.5 0.5 0.5 0.5 0.5 0.40078125 0.07421875 0.025000000000000022
0.975 0.9125000000000001 0.5 0.5 0.5 0.5 0.5 0.5 0.5 0.5 0.5 0.5 0.44484375000000004 0.04265624999999996 0.012500000000000011
0.9916666666666667 0.9125000000000001 0.5 0.5 0.5 0.5 0.5 0.5 0.5 0.5 0.5 0.5 0.4524479166666667 0.04338541666666662 0.004166666666666652
0.9583333333333333 0.9125000000000001 0.5 0.5 0.5 0.5 0.5 0.5 0.5 0.5 0.5 0.5 0.43723958333333335 0.04192708333333329 0.02083333333333337
0.975 0.9458333333333333 0.5 0.5 0.5 0.5 0.5 0.5 0.5 0.5 0.5 0.5 0.46109374999999997 0.026406250000000013 0.012500000000000011
0.975 0.8791666666666668 0.5 0.5 0.5 0.5 0.5 0.5 0.5 0.5 0.5 0.5 0.42859375000000005 0.05890624999999995 0.012500000000000011
0.9 0.66667 0.5 0.5 0.5 0.5 0.5 0.5 0.5 0.5 0.5 0.5 0.3000015 0.1499985 0.04999999999999999
0.9666666666666667 0.66667 0.5 0.5 0.5 0.5 0.5 0.5 0.5 0.5 0.5 0.5 0.3222238333333333 0.16110950000000002 0.016666666666666663
0.8333333333333334 0.66667 0.5 0.5 0.5 0.5 0.5 0.5 0.5 0.5 0.5 0.5 0.2777791666666667 0.13888750000000002 0.08333333333333331
0.9 0.8000033333333333 0.5 0.5 0.5 0.5 0.5 0.5 0.5 0.5 0.5 0.5 0.3600015 0.08999850000000002 0.04999999999999999
0.9 0.5333366666666667 0.5 0.5 0.5 0.5 0.5 0.5 0.5 0.5 0.5 0.5 0.2400015 0.2099985 0.04999999999999999
0.95 0.66667 0.5 0.5 0.5 0.5 0.5 0.5 0.5 0.5 0.5 0.5 0.31666825 0.15833175 0.025000000000000022
0.9833333333333333 0.66667 0.5 0.5 0.5 0.5 0.5 0.5 0.5 0.5 0.5 0.5 0.32777941666666666 0.16388725 0.00833333333333336
0.9166666666666667 0.66667 0.5 0.5 0.5 0.5 0.5 0.5 0.5 0.5 0.5 0.5 0.30555708333333337 0.15277625000000003 0.04166666666666663
0.95 0.7333366666666666 0.5 0.5 0.5 0.5 0.5 0.5 0.5 0.5 0.5 0.5 0.34833491666666666 0.12666508333333334 0.025000000000000022
0.95 0.6000033333333333 0.5 0.5 0.5 0.5 0.5 0.5 0.5 0.5 0.5 0.5 0.2850015833333333 0.18999841666666667 0.025000000000000022
0.975 0.6666700000000001 0.5 0.5 0.5 0.5 0.5 0.5 0.5 0.5 0.5 0.5 0.325001625 0.16249837499999994 0.012500000000000011
0.9916666666666667 0.6666700000000001 0.5 0.5 0.5 0.5 0.5 0.5 0.5 0.5 0.5 0.5 0.3305572083333334 0.16527612499999997 0.004166666666666652
0.9583333333333333 0.6666700000000001 0.5 0.5 0.5 0.5 0.5 0.5 0.5 0.5 0.5 0.5 0.3194460416666667 0.15972062499999995 0.02083333333333337
0.975 0.7000033333333333 0.5 0.5 0.5 0.5 0.5 0.5 0.5 0.5 0.5 0.5 0.341251625 0.146248375 0.012500000000000011
0.975 0.6333366666666668 0.5 0.5 0.5 0.5 0.5 0.5 0.5 0.5 0.5 0.5 0.30875162500000003 0.17874837499999996 0.012500000000000011
1. 0.61667 0.5 0.5 0.5 0.5 0.5 0.5 0.5 0.5 0.5 0.5 0.308335 0.19166499999999997 0.
0.95 0.61667 0.5 0.5 0.5 0.5 0.5 0.5 0.5 0.5 0.5 0.5 0.29291825 0.18208174999999996 0.025000000000000022
0.7916666666666666 0.43333 0.5 0.5 0.5 0.5 0.5 0.5 0.5 0.5 0.5 0.5 0.17152645833333333 0.224306875 0.10416666666666669
0.6583333333333333 0.43333 0.5 0.5 0.5 0.5 0.5 0.5 0.5 0.5 0.5 0.5 0.14263779166666665 0.186528875 0.17083333333333334
0.725 0.49999666666666664 0.5 0.5 0.5 0.5 0.5 0.5 0.5 0.5 0.5 0.5 0.18124879166666666 0.18125120833333333 0.1375
0.725 0.36666333333333334 0.5 0.5 0.5 0.5 0.5 0.5 0.5 0.5 0.5 0.5 0.13291545833333332 0.22958454166666667 0.1375
0.825 0.53333 0.5 0.5 0.5 0.5 0.5 0.5 0.5 0.5 0.5 0.5 0.21999862499999998 0.192501375 0.08750000000000002
0.7583333333333333 0.43333 0.5 0.5 0.5 0.5 0.5 0.5 0.5 0.5 0.5 0.5 0.16430429166666666 0.214862375 0.12083333333333335
0.6916666666666668 0.43333 0.5 0.5 0.5 0.5 0.5 0.5 0.5 0.5 0.5 0.5 0.14985995833333335 0.19597337500000003 0.15416666666666662
0.7250000000000001 0.4666633333333333 0.5 0.5 0.5 0.5 0.5 0.5 0.5 0.5 0.5 0.5 0.16916545833333335 0.1933345416666667 0.13749999999999996
0.7250000000000001 0.39999666666666667 0.5 0.5 0.5 0.5 0.5 0.5 0.5 0.5 0.5 0.5 0.14499879166666668 0.21750120833333336 0.13749999999999996
0.9 0.111875 0.5 0.5 0.5 0.5 0.5 0.5 0.5 0.5 0.5 0.5 0.05034375 0.39965625 0.04999999999999999
0.9666666666666667 0.111875 0.5 0.5 0.5 0.5 0.5 0.5 0.5 0.5 0.5 0.5 0.054072916666666665 0.42926041666666664 0.016666666666666663
0.8333333333333334 0.111875 0.5 0.5 0.5 0.5 0.5 0.5 0.5 0.5 0.5 0.5 0.046614583333333334 0.37005208333333334 0.08333333333333331
0.9 0.1864583333333333 0.5 0.5 0.5 0.5 0.5 0.5 0.5 0.5 0.5 0.5 0.08390624999999999 0.36609375 0.04999999999999999
0.9 0.037291666666666674 0.5 0.5 0.5 0.5 0.5 0.5 0.5 0.5 0.5 0.5 0.016781250000000004 0.43321875 0.04999999999999999
0.95 0.061875 0.5 0.5 0.5 0.5 0.5 0.5 0.5 0.5 0.5 0.5 0.029390625 0.445609375 0.025000000000000022
0.9833333333333333 0.061875 0.5 0.5 0.5 0.5 0.5 0.5 0.5 0.5 0.5 0.5 0.030421874999999998 0.46124479166666665 0.00833333333333336
0.9166666666666667 0.061875 0.5 0.5 0.5 0.5 0.5 0.5 0.5 0.5 0.5 0.5 0.028359375000000003 0.42997395833333335 0.04166666666666663
0.95 0.103125 0.5 0.5 0.5 0.5 0.5 0.5 0.5 0.5 0.5 0.5 0.048984375 0.426015625 0.025000000000000022
0.95 0.020625 0.5 0.5 0.5 0.5 0.5 0.5 0.5 0.5 0.5 0.5 0.009796875 0.465203125 0.025000000000000022
0.975 0.036875 0.5 0.5 0.5 0.5 0.5 0.5 0.5 0.5 0.5 0.5 0.017976562499999998 0.4695234375 0.012500000000000011
0.9916666666666667 0.036875 0.5 0.5 0.5 0.5 0.5 0.5 0.5 0.5 0.5 0.5 0.018283854166666665 0.4775494791666667 0.004166666666666652
0.9583333333333333 0.036875 0.5 0.5 0.5 0.5 0.5 0.5 0.5 0.5 0.5 0.5 0.01766927083333333 0.4614973958333333 0.02083333333333337
0.975 0.06145833333333332 0.5 0.5 0.5 0.5 0.5 0.5 0.5 0.5 0.5 0.5 0.029960937499999993 0.4575390625 0.012500000000000011
0.975 0.012291666666666668 0.5 0.5 0.5 0.5 0.5 0.5 0.5 0.5 0.5 0.5 0.0059921875 0.48150781249999997 0.012500000000000011
0.66667 0.9 0.5 0.5 0.5 0.5 0.5 0.5 0.5 0.5 0.5 0.5 0.3000015 0.033333499999999995 0.166665
0.8000033333333333 0.9 0.5 0.5 0.5 0.5 0.5 0.5 0.5 0.5 0.5 0.5 0.3600015 0.040000166666666656 0.09999833333333336
0.5333366666666667 0.9 0.5 0.5 0.5 0.5 0.5 0.5 0.5 0.5 0.5 0.5 0.2400015 0.026666833333333327 0.23333166666666666
0.66667 0.9666666666666667 0.5 0.5 0.5 0.5 0.5 0.5 0.5 0.5 0.5 0.5 0.3222238333333333 0.011111166666666663 0.166665
0.66667 0.8333333333333334 0.5 0.5 0.5 0.5 0.5 0.5 0.5 0.5 0.5 0.5 0.2777791666666667 0.05555583333333332 0.166665
0.7750066666666666 0.6 0.5 0.5 0.5 0.5 0.5 0.5 0.5 0.5 0.5 0.5 0.232502 0.15500133333333332 0.11249666666666669
0.6416733333333333 0.6 0.5 0.5 0.5 0.5 0.5 0.5 0.5 0.5 0.5 0.5 0.19250199999999998 0.12833466666666668 0.17916333333333334
0.70834 0.6666666666666666 0.5 0.5 0.5 0.5 0.5 0.5 0.5 0.5 0.5 0.5 0.23611333333333331 0.11805666666666667 0.14583000000000002
0.70834 0.5333333333333333 0.5 0.5 0.5 0.5 0.5 0.5 0.5 0.5 0.5 0.5 0.18889066666666665 0.16527933333333333 0.14583000000000002
0.7416733333333333 0.6000000000000001 0.5 0.5 0.5 0.5 0.5 0.5 0.5 0.5 0.5 0.5 0.22250200000000003 0.14833466666666661 0.12916333333333335
0.6750066666666668 0.6000000000000001 0.5 0.5 0.5 0.5 0.5 0.5 0.5 0.5 0.5 0.5 0.20250200000000004 0.13500133333333333 0.16249666666666662
0.70834 0.6333333333333333 0.5 0.5 0.5 0.5 0.5 0.5 0.5 0.5 0.5 0.5 0.22430766666666666 0.12986233333333333 0.14583000000000002
0.70834 0.5666666666666668 0.5 0.5 0.5 0.5 0.5 0.5 0.5 0.5 0.5 0.5 0.20069633333333337 0.15347366666666662 0.14583000000000002
0.9 0.8625 0.5 0.5 0.5 0.5 0.5 0.5 0.5 0.5 0.5 0.5 0.38812500000000005 0.06187499999999998 0.04999999999999999
0.9666666666666667 0.8625 0.5 0.5 0.5 0.5 0.5 0.5 0.5 0.5 0.5 0.5 0.41687500000000005 0.06645833333333331 0.016666666666666663
0.8333333333333334 0.8625 0.5 0.5 0.5 0.5 0.5 0.5 0.5 0.5 0.5 0.5 0.35937500000000006 0.05729166666666665 0.08333333333333331
0.9 0.9541666666666666 0.5 0.5 0.5 0.5 0.5 0.5 0.5 0.5 0.5 0.5 0.429375 0.02062500000000003 0.04999999999999999
0.9 0.7708333333333334 0.5 0.5 0.5 0.5 0.5 0.5 0.5 0.5 0.5 0.5 0.34687500000000004 0.10312499999999998 0.04999999999999999
0.95 0.9125 0.5 0.5 0.5 0.5 0.5 0.5 0.5 0.5 0.5 0.5 0.4334375 0.04156250000000001 0.025000000000000022
0.9833333333333333 0.9125 0.5 0.5 0.5 0.5 0.5 0.5 0.5 0.5 0.5 0.5 0.4486458333333333 0.04302083333333334 0.00833333333333336
0.9166666666666667 0.9125 0.5 0.5 0.5 0.5 0.5 0.5 0.5 0.5 0.5 0.5 0.4182291666666667 0.04010416666666668 0.04166666666666663
0.95 0.9708333333333333 0.5 0.5 0.5 0.5 0.5 0.5 0.5 0.5 0.5 0.5 0.4611458333333333 0.01385416666666667 0.025000000000000022
0.95 0.8541666666666666 0.5 0.5 0.5 0.5 0.5 0.5 0.5 0.5 0.5 0.5 0.40572916666666664 0.06927083333333335 0.025000000000000022
0.975 0.925 0.5 0.5 0.5 0.5 0.5 0.5 0.5 0.5 0.5 0.5 0.4509375 0.03656249999999998 0.012500000000000011
0.9916666666666667 0.925 0.5 0.5 0.5 0.5 0.5 0.5 0.5 0.5 0.5 0.5 0.45864583333333336 0.03718749999999998 0.004166666666666652
0.9583333333333333 0.925 0.5 0.5 0.5 0.5 0.5 0.5 0.5 0.5 0.5 0.5 0.4432291666666667 0.035937499999999976 0.02083333333333337
0.975 0.8916666666666667 0.5 0.5 0.5 0.5 0.5 0.5 0.5 0.5 0.5 0.5 0.4346875 0.05281249999999997 0.012500000000000011
1. 0.975 0.5 0.5 0.5 0.5 0.5 0.5 0.5 0.5 0.5 0.5 0.4875 0.012500000000000011 0.
0.9 0.8875 0.5 0.5 0.5 0.5 0.5 0.5 0.5 0.5 0.5 0.5 0.399375 0.050625000000000024 0.04999999999999999
0.9666666666666667 0.8875 0.5 0.5 0.5 0.5 0.5 0.5 0.5 0.5 0.5 0.5 0.42895833333333333 0.05437500000000002 0.016666666666666663
0.8333333333333334 0.8875 0.5 0.5 0.5 0.5 0.5 0.5 0.5 0.5 0.5 0.5 0.3697916666666667 0.04687500000000002 0.08333333333333331
0.9 0.9625 0.5 0.5 0.5 0.5 0.5 0.5 0.5 0.5 0.5 0.5 0.43312500000000004 0.01687499999999999 0.04999999999999999
0.9 0.8125 0.5 0.5 0.5 0.5 0.5 0.5 0.5 0.5 0.5 0.5 0.36562500000000003 0.084375 0.04999999999999999
0.95 0.9375 0.5 0.5 0.5 0.5 0.5 0.5 0.5 0.5 0.5 0.5 0.4453125 0.0296875 0.025000000000000022
0.9833333333333333 0.9375 0.5 0.5 0.5 0.5 0.5 0.5 0.5 0.5 0.5 0.5 0.4609375 0.030729166666666665 0.00833333333333336
0.9166666666666667 0.9375 0.5 0.5 0.5 0.5 0.5 0.5 0.5 0.5 0.5 0.5 0.42968750000000006 0.028645833333333336 0.04166666666666663
0.95 0.9791666666666666 0.5 0.5 0.5 0.5 0.5 0.5 0.5 0.5 0.5 0.5 0.46510416666666665 0.00989583333333335 0.025000000000000022
0.95 0.8958333333333334 0.5 0.5 0.5 0.5 0.5 0.5 0.5 0.5 0.5 0.5 0.42552083333333335 0.049479166666666644 0.025000000000000022
1. 0.9874999999999999 0.5 0.5 0.5 0.5 0.5 0.5 0.5 0.5 0.5 0.5 0.49374999999999997 0.006250000000000033 0.
0.9 0.89375 0.5 0.5 0.5 0.5 0.5 0.5 0.5 0.5 0.5 0.5 0.40218750000000003 0.04781249999999998 0.04999999999999999
0.9666666666666667 0.89375 0.5 0.5 0.5 0.5 0.5 0.5 0.5 0.5 0.5 0.5 0.4319791666666667 0.051354166666666645 0.016666666666666663
0.8333333333333334 0.89375 0.5 0.5 0.5 0.5 0.5 0.5 0.5 0.5 0.5 0.5 0.37239583333333337 0.044270833333333315 0.08333333333333331
0.9 0.9645833333333333 0.5 0.5 0.5 0.5 0.5 0.5 0.5 0.5 0.5 0.5 0.4340625 0.015937499999999993 0.04999999999999999
0.9 0.8229166666666666 0.5 0.5 0.5 0.5 0.5 0.5 0.5 0.5 0.5 0.5 0.3703125 0.07968750000000002 0.04999999999999999
0.95 0.94375 0.5 0.5 0.5 0.5 0.5 0.5 0.5 0.5 0.5 0.5 0.44828124999999996 0.02671875000000001 0.025000000000000022
0.9833333333333333 0.94375 0.5 0.5 0.5 0.5 0.5 0.5 0.5 0.5 0.5 0.5 0.46401041666666665 0.02765625000000001 0.00833333333333336
0.9166666666666667 0.94375 0.5 0.5 0.5 0.5 0.5 0.5 0.5 0.5 0.5 0.5 0.43255208333333334 0.025781250000000012 0.04166666666666663
0.95 0.98125 0.5 0.5 0.5 0.5 0.5 0.5 0.5 0.5 0.5 0.5 0.46609375 0.00890625000000002 0.025000000000000022
0.975 0.96875 0.5 0.5 0.5 0.5 0.5 0.5 0.5 0.5 0.5 0.5 0.47226562499999997 0.015234375 0.012500000000000011
0.9916666666666667 0.96875 0.5 0.5 0.5 0.5 0.5 0.5 0.5 0.5 0.5 0.5 0.4803385416666667 0.015494791666666667 0.004166666666666652
0.9583333333333333 0.96875 0.5 0.5 0.5 0.5 0.5 0.5 0.5 0.5 0.5 0.5 0.4641927083333333 0.014973958333333332 0.02083333333333337
0.975 0.9895833333333334 0.5 0.5 0.5 0.5 0.5 0.5 0.5 0.5 0.5 0.5 0.482421875 0.005078124999999982 0.012500000000000011
0.975 0.9479166666666666 0.5 0.5 0.5 0.5 0.5 0.5 0.5 0.5 0.5 0.5 0.462109375 0.025390625000000017 0.012500000000000011
0.975 0.9625 0.5 0.5 0.5 0.5 0.5 0.5 0.5 0.5 0.5 0.5 0.46921875 0.01828124999999999 0.012500000000000011
0.9916666666666667 0.9625 0.5 0.5 0.5 0.5 0.5 0.5 0.5 0.5 0.5 0.5 0.4772395833333334 0.01859374999999999 0.004166666666666652
0.9583333333333333 0.9625 0.5 0.5 0.5 0.5 0.5 0.5 0.5 0.5 0.5 0.5 0.46119791666666665 0.017968749999999988 0.02083333333333337
0.975 0.9875 0.5 0.5 0.5 0.5 0.5 0.5 0.5 0.5 0.5 0.5 0.48140625000000004 0.0060937499999999785 0.012500000000000011
0.975 0.9375 0.5 0.5 0.5 0.5 0.5 0.5 0.5 0.5 0.5 0.5 0.45703125 0.03046875 0.012500000000000011
1. 0.9374999999999999 0.5 0.5 0.5 0.5 0.5 0.5 0.5 0.5 0.5 0.5 0.46874999999999994 0.031250000000000056 0.
0.96 1. 0.5 0.5 0.5 0.5 0.5 0.5 0.5 0.5 0.5 0.5 0.48 0. 0.020000000000000018
0.9 0.86875 0.5 0.5 0.5 0.5 0.5 0.5 0.5 0.5 0.5 0.5 0.3909375 0.05906249999999999 0.04999999999999999
0.9666666666666667 0.86875 0.5 0.5 0.5 0.5 0.5 0.5 0.5 0.5 0.5 0.5 0.41989583333333336 0.0634375 0.016666666666666663
0.8333333333333334 0.86875 0.5 0.5 0.5 0.5 0.5 0.5 0.5 0.5 0.5 0.5 0.3619791666666667 0.05468749999999999 0.08333333333333331
0.9 0.9562499999999999 0.5 0.5 0.5 0.5 0.5 0.5 0.5 0.5 0.5 0.5 0.4303125 0.01968750000000003 0.04999999999999999
0.9 0.78125 0.5 0.5 0.5 0.5 0.5 0.5 0.5 0.5 0.5 0.5 0.3515625 0.0984375 0.04999999999999999
0.95 0.91875 0.5 0.5 0.5 0.5 0.5 0.5 0.5 0.5 0.5 0.5 0.43640624999999994 0.03859375000000002 0.025000000000000022
0.9833333333333333 0.91875 0.5 0.5 0.5 0.5 0.5 0.5 0.5 0.5 0.5 0.5 0.45171874999999995 0.03994791666666669 0.00833333333333336
0.9166666666666667 0.91875 0.5 0.5 0.5 0.5 0.5 0.5 0.5 0.5 0.5 0.5 0.42109375 0.037239583333333354 0.04166666666666663
0.95 0.9729166666666667 0.5 0.5 0.5 0.5 0.5 0.5 0.5 0.5 0.5 0.5 0.46213541666666663 0.012864583333333339 0.025000000000000022
0.95 0.8645833333333334 0.5 0.5 0.5 0.5 0.5 0.5 0.5 0.5 0.5 0.5 0.41067708333333336 0.06432291666666665 0.025000000000000022
0.9916666666666667 0.9375 0.5 0.5 0.5 0.5 0.5 0.5 0.5 0.5 0.5 0.5 0.46484375 0.030989583333333334 0.004166666666666652
0.9583333333333333 0.9375 0.5 0.5 0.5 0.5 0.5 0.5 0.5 0.5 0.5 0.5 0.44921874999999994 0.029947916666666664 0.02083333333333337
0.975 0.9708333333333333 0.5 0.5 0.5 0.5 0.5 0.5 0.5 0.5 0.5 0.5 0.47328125 0.014218750000000004 0.012500000000000011
0.975 0.9041666666666667 0.5 0.5 0.5 0.5 0.5 0.5 0.5 0.5 0.5 0.5 0.44078125 0.046718749999999996 0.012500000000000011
0.7250000000000001 0.59999 0.5 0.5 0.5 0.5 0.5 0.5 0.5 0.5 0.5 0.5 0.21749637500000005 0.145003625 0.13749999999999996
0.8583333333333334 0.59999 0.5 0.5 0.5 0.5 0.5 0.5 0.5 0.5 0.5 0.5 0.25749570833333335 0.17167095833333335 0.0708333333333333
0.5916666666666667 0.59999 0.5 0.5 0.5 0.5 0.5 0.5 0.5 0.5 0.5 0.5 0.1774970416666667 0.11833629166666666 0.20416666666666666
0.7250000000000001 0.7333233333333333 0.5 0.5 0.5 0.5 0.5 0.5 0.5 0.5 0.5 0.5 0.26582970833333336 0.09667029166666669 0.13749999999999996
0.7250000000000001 0.46665666666666666 0.5 0.5 0.5 0.5 0.5 0.5 0.5 0.5 0.5 0.5 0.16916304166666668 0.19333695833333336 0.13749999999999996
0.7916666666666666 0.59999 0.5 0.5 0.5 0.5 0.5 0.5 0.5 0.5 0.5 0.5 0.23749604166666666 0.15833729166666666 0.10416666666666669
0.6583333333333333 0.59999 0.5 0.5 0.5 0.5 0.5 0.5 0.5 0.5 0.5 0.5 0.19749670833333333 0.13166995833333334 0.17083333333333334
0.725 0.6666566666666667 0.5 0.5 0.5 0.5 0.5 0.5 0.5 0.5 0.5 0.5 0.24166304166666666 0.12083695833333333 0.1375
0.725 0.5333233333333334 0.5 0.5 0.5 0.5 0.5 0.5 0.5 0.5 0.5 0.5 0.19332970833333335 0.16917029166666664 0.1375
0.7583333333333333 0.59999 0.5 0.5 0.5 0.5 0.5 0.5 0.5 0.5 0.5 0.5 0.22749620833333334 0.1516704583333333 0.12083333333333335
0.6916666666666668 0.59999 0.5 0.5 0.5 0.5 0.5 0.5 0.5 0.5 0.5 0.5 0.2074965416666667 0.13833679166666668 0.15416666666666662
0.7250000000000001 0.6333233333333332 0.5 0.5 0.5 0.5 0.5 0.5 0.5 0.5 0.5 0.5 0.22957970833333333 0.13292029166666672 0.13749999999999996
0.7250000000000001 0.5666566666666667 0.5 0.5 0.5 0.5 0.5 0.5 0.5 0.5 0.5 0.5 0.2054130416666667 0.15708695833333333 0.13749999999999996
0.775 0.55999 0.5 0.5 0.5 0.5 0.5 0.5 0.5 0.5 0.5 0.5 0.216996125 0.170503875 0.11249999999999999
0.95 0.33333 0.5 0.5 0.5 0.5 0.5 0.5 0.5 0.5 0.5 0.5 0.15833175 0.31666825 0.025000000000000022
0.9833333333333333 0.33333 0.5 0.5 0.5 0.5 0.5 0.5 0.5 0.5 0.5 0.5 0.16388725 0.32777941666666666 0.00833333333333336
0.9166666666666667 0.33333 0.5 0.5 0.5 0.5 0.5 0.5 0.5 0.5 0.5 0.5 0.15277625000000003 0.30555708333333337 0.04166666666666663
0.95 0.39999666666666667 0.5 0.5 0.5 0.5 0.5 0.5 0.5 0.5 0.5 0.5 0.18999841666666667 0.2850015833333333 0.025000000000000022
0.95 0.26666333333333336 0.5 0.5 0.5 0.5 0.5 0.5 0.5 0.5 0.5 0.5 0.12666508333333334 0.34833491666666666 0.025000000000000022
0.975 0.33333 0.5 0.5 0.5 0.5 0.5 0.5 0.5 0.5 0.5 0.5 0.162498375 0.32500162499999996 0.012500000000000011
0.9916666666666667 0.33333 0.5 0.5 0.5 0.5 0.5 0.5 0.5 0.5 0.5 0.5 0.16527612500000002 0.33055720833333335 0.004166666666666652
0.9583333333333333 0.33333 0.5 0.5 0.5 0.5 0.5 0.5 0.5 0.5 0.5 0.5 0.159720625 0.3194460416666666 0.02083333333333337
0.975 0.36666333333333334 0.5 0.5 0.5 0.5 0.5 0.5 0.5 0.5 0.5 0.5 0.178748375 0.308751625 0.012500000000000011
0.975 0.2999966666666667 0.5 0.5 0.5 0.5 0.5 0.5 0.5 0.5 0.5 0.5 0.146248375 0.341251625 0.012500000000000011
