0.000000000000000 0.200000000000000 4.000000000000000E-003 0.175008750000000 2.500000000000000E-002 0.410830000000000 0.650000000000000 0.537500000000000 0.310000000000000 0.522500000000000 0.570000000000000 0.705000000000000 1.02015914577806 4.008216311900824E-002 0.287951781127800 6.665145310775396E-003 0.344674100379180 0.000000000000000 
0.144000000000000 0.000000000000000 0.404000000000000 0.000000000000000 0.180000000000000 0.133330000000000 0.580000000000000 0.460000000000000 0.520000000000000 0.332500000000000 0.660000000000000 0.500000000000000 0.901724104906105 0.261975077531426 0.000000000000000 0.691285570489564 0.000000000000000 0.268340676778897 
0.000000000000000 0.000000000000000 4.000000000000000E-003 4.000199999999998E-002 0.000000000000000 0.413330000000000 0.580000000000000 0.580000000000000 0.480000000000000 0.452500000000000 0.500000000000000 0.660000000000000 1.04647796564398 0.000000000000000 6.584211545515394E-002 6.588303501111952E-003 0.000000000000000 0.000000000000000 
0.000000000000000 0.000000000000000 0.000000000000000 0.000000000000000 0.000000000000000 0.533330000000000 0.580000000000000 0.540000000000000 0.248000000000000 0.682500000000000 0.500000000000000 0.680000000000000 1.13832113890000 0.000000000000000 0.000000000000000 0.000000000000000 0.000000000000000 0.000000000000000 
0.240000000000000 0.000000000000000 0.164000000000000 0.000000000000000 0.200000000000000 0.373330000000000 0.620000000000000 0.660000000000000 0.390000000000000 0.332500000000000 0.260000000000000 0.560000000000000 0.989682926415689 0.321567485383388 0.000000000000000 0.274165086135727 0.000000000000000 0.426067935073458 
0.240000000000000 0.200000000000000 0.404000000000000 0.000000000000000 0.000000000000000 0.373330000000000 0.620000000000000 0.660000000000000 0.390000000000000 0.332500000000000 0.260000000000000 0.560000000000000 0.824196721748807 0.000000000000000 0.000000000000000 0.606762549314037 0.332540838933775 0.426067935073458 
0.000000000000000 0.000000000000000 4.000000000000000E-003 0.175008750000000 0.200000000000000 0.450830000000000 0.650000000000000 0.537500000000000 0.340000000000000 0.522500000000000 0.570000000000000 0.625000000000000 0.982105608758141 0.319105465558600 0.291251891373603 6.741532108049947E-003 0.000000000000000 0.000000000000000 
4.800000000000000E-002 8.000000000000002E-002 4.000000000000000E-003 0.160008000000000 0.140000000000000 0.533330000000000 0.620000000000000 0.540000000000000 0.360000000000000 0.572500000000000 0.580000000000000 0.580000000000000 0.986330725775536 0.220471044443523 0.259509741594234 6.556315867645686E-003 0.131821793872759 7.945224135594299E-002 
4.800000000000000E-002 0.100000000000000 4.000000000000000E-003 0.200010000000000 0.140000000000000 0.533330000000000 0.620000000000000 0.620000000000000 0.360000000000000 0.572500000000000 0.580000000000000 0.580000000000000 0.975860648708067 0.218130704873695 0.324918389507515 6.606273000804952E-003 0.166529822980972 8.041642449348050E-002 
0.000000000000000 0.100000000000000 4.000000000000000E-003 0.200010000000000 0.140000000000000 0.533330000000000 0.660000000000000 0.600000000000000 0.420000000000000 0.572500000000000 0.580000000000000 0.600000000000000 0.976074299787124 0.218178461549337 0.324989525857378 6.607719352143167E-003 0.166566282363182 0.000000000000000 
0.240000000000000 0.000000000000000 0.404000000000000 0.000000000000000 8.000000000000002E-002 0.213330000000000 0.980000000000000 0.620000000000000 0.440000000000000 0.332500000000000 0.500000000000000 0.660000000000000 1.02828265108620 0.129902311831835 0.000000000000000 0.763024544339963 0.000000000000000 0.509571249319507 
0.192000000000000 0.000000000000000 0.404000000000000 0.000000000000000 0.120000000000000 0.533330000000000 0.820000000000000 0.620000000000000 0.520000000000000 0.332500000000000 0.580000000000000 0.660000000000000 0.890067293083789 0.169789421655418 0.000000000000000 0.667071244991994 0.000000000000000 0.350024048060441 
0.240000000000000 0.000000000000000 0.404000000000000 0.000000000000000 0.120000000000000 0.533330000000000 0.820000000000000 0.620000000000000 0.520000000000000 0.572500000000000 0.660000000000000 0.660000000000000 0.864033934694869 0.164823292803195 0.000000000000000 0.647560242928710 0.000000000000000 0.432460638974944 
0.000000000000000 0.120000000000000 4.000000000000000E-003 0.000000000000000 0.200000000000000 0.373330000000000 0.580000000000000 0.460000000000000 0.360000000000000 0.732500000000000 0.660000000000000 0.660000000000000 1.07329490971336 0.348734666406026 0.000000000000000 7.090850694294131E-003 0.215282686608310 0.000000000000000 
0.000000000000000 7.999999999999999E-002 8.400000000000002E-002 0.200010000000000 0.000000000000000 0.373330000000000 0.580000000000000 0.540000000000000 0.440000000000000 0.652500000000000 0.580000000000000 0.740000000000000 1.04282385367106 0.000000000000000 0.338852129920233 0.145524684465480 0.139734218844125 0.000000000000000 
0.000000000000000 0.000000000000000 4.000000000000000E-003 4.000199999999998E-002 1.500000000000000E-002 0.413330000000000 0.580000000000000 0.580000000000000 0.480000000000000 0.452500000000000 0.500000000000000 0.660000000000000 1.04618749496702 2.465477546008156E-002 6.584211545515394E-002 6.588303501111952E-003 0.000000000000000 0.000000000000000 
7.200000000000001E-002 0.000000000000000 4.000000000000000E-003 4.000199999999998E-002 1.500000000000000E-002 0.413330000000000 0.580000000000000 0.580000000000000 0.480000000000000 0.612500000000000 0.500000000000000 0.580000000000000 1.03077979802598 2.429167294713249E-002 6.487242754952454E-002 6.491274446387920E-003 0.000000000000000 0.117344453943078 
7.200000000000001E-002 7.999999999999999E-002 0.404000000000000 4.000200000000000E-002 0.120000000000000 0.453330000000000 0.660000000000000 0.540000000000000 0.440000000000000 0.732500000000000 0.580000000000000 0.580000000000000 0.855949664228335 0.163281135690262 5.482560169335700E-002 0.642769879162059 0.136965143847258 0.124123330887276 
0.000000000000000 0.000000000000000 0.537330000000000 0.000000000000000 0.000000000000000 0.533330000000000 0.846670000000000 0.860000000000000 0.120000000000000 0.332500000000000 0.660000000000000 0.766666666666667 1.01000581532280 0.000000000000000 0.000000000000000 1.13598662259171 0.000000000000000 0.000000000000000 
0.200000000000000 0.200000000000000 0.000000000000000 0.200000000000000 0.000000000000000 0.333330000000000 0.620000000000000 0.580000000000000 0.320000000000000 0.442500000000000 0.460000000000000 0.700000000000000 0.968529960314770 0.000000000000000 0.314694469859004 0.000000000000000 0.330889348173335 0.347917650995358 
0.200000000000000 0.200000000000000 0.204000000000000 0.000000000000000 0.200000000000000 0.413330000000000 0.780000000000000 0.660000000000000 0.320000000000000 0.532500000000000 0.460000000000000 0.700000000000000 0.968772473943532 0.314773267315938 0.000000000000000 0.338062685953325 0.348723576056430 0.366669667966155 
0.200000000000000 0.000000000000000 0.204000000000000 0.000000000000000 0.200000000000000 0.333330000000000 0.780000000000000 0.660000000000000 0.320000000000000 0.532500000000000 0.460000000000000 0.700000000000000 1.03602635552145 0.336625378738742 0.000000000000000 0.361531589600502 0.000000000000000 0.372932577363061 
0.200833333333333 1.375000000000001E-002 3.442500000000001E-002 0.000000000000000 0.000000000000000 0.395830000000000 0.447500000000000 0.582500000000000 0.453333333333333 0.427500000000000 0.460000000000000 0.566666666666667 0.981205461581048 0.000000000000000 0.000000000000000 5.311013268338457E-002 2.122684001189181E-002 0.320777168171097 
0.000000000000000 0.000000000000000 4.080000000000000E-002 0.000000000000000 0.000000000000000 0.413330000000000 0.460000000000000 0.580000000000000 0.320000000000000 0.442500000000000 0.460000000000000 0.700000000000000 1.09057442239070 0.000000000000000 0.000000000000000 6.998911921752400E-002 0.000000000000000 0.000000000000000 
2.600000000000002E-002 0.153583333333333 1.00000000000000 0.000000000000000 0.360000000000000 0.533330000000000 0.633200000000000 0.460000000000000 0.479880000000000 0.424433333333333 0.451463333333333 0.460000000000000 3.690107097650424E-008 2.341813255627844E-008 0.000000000000000 0.999846209799237 0.246002158216298 4.207563124546450E-002 
4.000000000000001E-002 0.200000000000000 0.204000000000000 0.200000000000000 6.000000000000001E-002 0.493330000000000 0.780000000000000 0.660000000000000 0.320000000000000 0.532500000000000 0.460000000000000 0.700000000000000 1.00573655745721 9.507009817544585E-002 0.328240368916963 0.352526190361022 0.363643190639556 7.403635003046547E-002 
0.000000000000000 0.000000000000000 0.524000000000000 0.120000000000000 0.000000000000000 0.333330000000000 0.780000000000000 0.660000000000000 0.288000000000000 0.452500000000000 0.460000000000000 0.700000000000000 0.815236424151991 0.000000000000000 0.155514669558998 0.894996198095666 0.000000000000000 0.000000000000000 
8.000000000000002E-002 0.000000000000000 0.524000000000000 0.200000000000000 0.000000000000000 0.333330000000000 0.780000000000000 0.660000000000000 0.320000000000000 0.532500000000000 0.460000000000000 0.700000000000000 0.774275079602754 0.000000000000000 0.251577231148779 0.877940490620457 0.000000000000000 0.151256554524281 
0.000000000000000 0.000000000000000 1.00000000000000 0.000000000000000 0.000000000000000 0.173330000000000 0.553200000000000 0.460000000000000 0.519880000000000 0.258752000000000 0.278130000000000 0.460000000000000 5.335262061255144E-008 0.000000000000000 0.000000000000000 1.22056563770400 0.000000000000000 0.000000000000000 
0.000000000000000 0.133333333333333 0.537330000000000 0.000000000000000 0.000000000000000 0.533330000000000 0.846670000000000 0.860000000000000 0.120000000000000 0.332500000000000 0.660000000000000 0.766666666666667 0.987934763761319 0.000000000000000 0.000000000000000 1.11116258797725 0.316037908050231 0.000000000000000 
0.133333333333333 0.000000000000000 0.537330000000000 0.000000000000000 0.000000000000000 0.533330000000000 0.846670000000000 0.860000000000000 0.120000000000000 0.332500000000000 0.660000000000000 0.766666666666667 0.987934763761319 0.000000000000000 0.000000000000000 1.11116258797725 0.000000000000000 0.316037908050231 
0.200000000000000 0.200000000000000 0.737330000000000 0.200000000000000 0.200000000000000 0.333330000000000 0.646670000000000 0.660000000000000 0.320000000000000 0.532500000000000 0.460000000000000 0.700000000000000 0.377259756380006 0.122579129090192 0.128887324084473 0.952849693466173 0.337961018840903 0.355353245585681 
0.000000000000000 0.200000000000000 0.337330000000000 0.200000000000000 0.120000000000000 0.413330000000000 0.646670000000000 0.660000000000000 0.320000000000000 0.452500000000000 0.460000000000000 0.700000000000000 0.866987319398431 0.165386681082531 0.286780944076435 0.543602300535755 0.349461156592002 0.000000000000000 
0.000000000000000 0.000000000000000 1.00000000000000 0.200000000000000 0.240000000000000 0.333330000000000 0.553200000000000 0.620000000000000 0.439880000000000 0.323440000000000 0.518130000000000 0.620000000000000 4.230633960723805E-008 1.675026531361195E-008 1.478437418943084E-008 1.09452567380000 0.000000000000000 0.000000000000000 
4.000000000000001E-002 2.000000000000002E-002 0.603996666666667 4.000000000000001E-002 0.000000000000000 0.333330000000000 0.831336666666667 0.660000000000000 0.421333333333333 0.265833333333333 0.460000000000000 0.700000000000000 0.734295954950957 0.000000000000000 4.619798696040625E-002 1.02615603729253 3.968082384967939E-002 7.947932180975694E-002 
4.000000000000001E-002 2.000000000000002E-002 0.737330000000000 4.000000000000001E-002 0.000000000000000 0.333330000000000 0.831336666666667 0.660000000000000 0.421333333333333 0.265833333333333 0.460000000000000 0.566666666666667 0.491126655601857 0.000000000000000 3.089907097870084E-002 1.12421118211752 3.856620063229925E-002 7.724676994222560E-002 
0.173333333333333 2.000000000000002E-002 0.737330000000000 4.000000000000001E-002 0.000000000000000 0.333330000000000 0.831336666666667 0.660000000000000 0.421333333333333 0.265833333333333 0.460000000000000 0.700000000000000 0.487668553931817 0.000000000000000 3.068150565673071E-002 1.11629543060615 3.829464981889406E-002 0.340394777904923 
4.000000000000001E-002 0.153333333333333 0.737330000000000 4.000000000000001E-002 0.000000000000000 0.333330000000000 0.831336666666667 0.660000000000000 0.421333333333333 0.265833333333333 0.460000000000000 0.700000000000000 0.490976792912883 0.000000000000000 3.088964241722724E-002 1.12386813962776 0.301336369613396 7.947932180975694E-002 
4.000000000000001E-002 2.000000000000002E-002 0.737330000000000 0.173333333333333 0.000000000000000 0.333330000000000 0.831336666666667 0.660000000000000 0.421333333333333 0.265833333333333 0.460000000000000 0.700000000000000 0.487668553931817 0.000000000000000 0.136159510761807 1.15670263484769 3.968082384967939E-002 7.947932180975694E-002 
0.144000000000000 0.000000000000000 0.537330000000000 0.000000000000000 0.200000000000000 0.133330000000000 0.764670000000000 0.460000000000000 0.488000000000000 0.332500000000000 0.260000000000000 0.500000000000000 0.795594492068517 0.258504328377076 0.000000000000000 0.940881190161762 0.000000000000000 0.289734809184222 
6.000000000000000E-002 2.500000000000002E-003 1.00000000000000 0.000000000000000 0.200000000000000 0.373330000000000 0.619866666666667 0.526666666666667 0.453213333333333 0.256773333333333 0.478130000000000 0.660000000000000 4.629367381748891E-008 1.504172688172252E-008 0.000000000000000 1.11357816295684 4.373033820869482E-003 0.105264943197446 
6.000000000000000E-002 2.500000000000002E-003 1.00000000000000 0.000000000000000 6.666666666666668E-002 0.373330000000000 0.619866666666667 0.660000000000000 0.453213333333333 0.256773333333333 0.478130000000000 0.660000000000000 4.948655489894481E-008 5.201246654387973E-009 0.000000000000000 1.13835640301266 4.470338244923593E-003 0.107607194616137 
6.000000000000000E-002 2.500000000000002E-003 1.00000000000000 0.000000000000000 0.333333333333333 0.373330000000000 0.619866666666667 0.660000000000000 0.453213333333333 0.256773333333333 0.478130000000000 0.660000000000000 4.309267954829172E-008 2.487957097448226E-008 0.000000000000000 1.13835640301266 4.470338244923593E-003 0.107607194616137 
0.193333333333333 2.500000000000002E-003 1.00000000000000 0.000000000000000 0.200000000000000 0.373330000000000 0.619866666666667 0.660000000000000 0.453213333333333 0.256773333333333 0.478130000000000 0.660000000000000 4.535954253797216E-008 1.473820922111169E-008 0.000000000000000 1.09110796112525 4.284793088570642E-003 0.341935155043180 
2.600000000000002E-002 2.025000000000002E-002 1.00000000000000 0.000000000000000 0.226666666666667 0.533330000000000 0.633200000000000 0.460000000000000 0.479880000000000 0.424433333333333 0.451463333333333 0.460000000000000 4.216392089531335E-008 1.568062209674224E-008 0.000000000000000 1.02914389606833 3.274669879948056E-002 4.207563124546450E-002 
6.000000000000000E-002 2.500000000000002E-003 0.866666666666667 0.000000000000000 0.200000000000000 0.373330000000000 0.619866666666667 0.660000000000000 0.453213333333333 0.256773333333333 0.478130000000000 0.660000000000000 0.225093737267207 7.313739091237201E-002 0.000000000000000 1.11348059335291 4.470338244923593E-003 0.107607194616137 
0.226000000000000 2.025000000000000E-002 1.00000000000000 0.000000000000000 0.360000000000000 0.533330000000000 0.633200000000000 0.460000000000000 0.479880000000000 0.491100000000000 0.338130000000000 0.460000000000000 3.627376176627947E-008 2.302003001209560E-008 0.000000000000000 0.982849067992302 3.127362705822920E-002 0.364531569567961 
0.000000000000000 0.000000000000000 1.00000000000000 0.140000000000000 8.000000000000002E-002 0.173330000000000 0.553200000000000 0.620000000000000 0.439880000000000 0.194064000000000 0.518130000000000 0.620000000000000 5.230543334342893E-008 6.607713069456215E-009 1.178457478497523E-008 1.23588347629600 0.000000000000000 0.000000000000000 
0.000000000000000 0.000000000000000 1.00000000000000 0.200000000000000 0.310000000000000 0.495830000000000 0.503200000000000 0.382500000000000 0.434880000000000 0.483599925000000 0.510630000000000 0.547500000000000 3.750088919439987E-008 1.985569939913984E-008 1.378734085207786E-008 1.02071270266000 0.000000000000000 0.000000000000000 
0.104000000000000 4.050000000000001E-002 1.00000000000000 0.200000000000000 0.280000000000000 0.402080000000000 0.553200000000000 0.608750000000000 0.519880000000000 0.323440000000000 0.516880000000000 0.608750000000000 3.955550190758909E-008 1.861340691446244E-008 1.420421956379384E-008 1.05157531794473 6.698872870195620E-002 0.173684343960937 
0.000000000000000 0.202500000000000 1.00000000000000 0.000000000000000 0.000000000000000 0.173330000000000 0.553200000000000 0.460000000000000 0.519880000000000 0.323440000000000 0.678130000000000 0.460000000000000 4.882768138213430E-008 0.000000000000000 0.000000000000000 1.11704709870937 0.367806578851705 0.000000000000000 
0.000000000000000 0.121500000000000 1.00000000000000 0.140000000000000 0.000000000000000 0.173330000000000 0.633200000000000 0.460000000000000 0.519880000000000 0.258752000000000 0.598130000000000 0.460000000000000 5.008842275887917E-008 0.000000000000000 1.119608929499366E-008 1.17416724924677 0.226852923243009 0.000000000000000 
0.260000000000000 8.100000000000001E-002 0.960000000000000 0.120000000000000 0.000000000000000 0.173330000000000 0.553200000000000 0.460000000000000 0.519880000000000 0.323440000000000 0.278130000000000 0.460000000000000 6.701475849042643E-002 0.000000000000000 1.278374924557066E-002 1.08437709800618 0.138993825069449 0.474011299710025 
0.260000000000000 0.121500000000000 1.00000000000000 0.100000000000000 0.000000000000000 0.333330000000000 0.553200000000000 0.460000000000000 0.519880000000000 0.258752000000000 0.278130000000000 0.460000000000000 4.441288885493819E-008 0.000000000000000 7.034310743490129E-009 1.02871359456514 0.198750805097512 0.453396449844412 
0.260000000000000 0.000000000000000 1.00000000000000 0.000000000000000 0.400000000000000 0.173330000000000 0.553200000000000 0.460000000000000 0.519880000000000 0.323440000000000 0.278130000000000 0.460000000000000 3.873604344685479E-008 2.814338396559899E-008 0.000000000000000 1.09537544987463 0.000000000000000 0.474011299710025 
0.000000000000000 2.025000000000000E-002 1.00000000000000 0.120000000000000 0.000000000000000 0.173330000000000 0.553200000000000 0.460000000000000 0.519880000000000 0.323440000000000 0.278130000000000 0.460000000000000 5.122120637095764E-008 0.000000000000000 9.770967963653735E-009 1.19293472032615 3.795841779094536E-002 0.000000000000000 
0.159333333333333 2.025000000000002E-002 1.00000000000000 0.000000000000000 0.360000000000000 0.533330000000000 0.633200000000000 0.460000000000000 0.479880000000000 0.424433333333333 0.451463333333333 0.460000000000000 3.682965018506984E-008 2.337280754221178E-008 0.000000000000000 0.997911040826444 3.175288937481090E-002 0.255235523496855 
2.600000000000002E-002 2.025000000000002E-002 1.00000000000000 0.000000000000000 0.360000000000000 0.533330000000000 0.499866666666667 0.460000000000000 0.479880000000000 0.424433333333333 0.451463333333333 0.460000000000000 3.732842254415297E-008 2.368933811737729E-008 0.000000000000000 1.01142543592623 3.218290876032221E-002 4.135122778932530E-002 
0.260000000000000 0.141750000000000 1.00000000000000 0.160000000000000 0.400000000000000 0.493330000000000 0.633200000000000 0.540000000000000 0.479880000000000 0.291096000000000 0.558130000000000 0.540000000000000 3.275657705658993E-008 2.379904717855726E-008 1.039590010181404E-008 0.956333443066100 0.216527768640199 0.424317393204056 
0.260000000000000 0.121500000000000 1.00000000000000 0.200000000000000 0.400000000000000 0.573330000000000 0.633200000000000 0.540000000000000 0.479880000000000 0.291096000000000 0.398130000000000 0.540000000000000 3.275288311320148E-008 2.379636337149083E-008 1.315430622303354E-008 0.973847502617328 0.188150498068623 0.429214703401669 
2.600000000000002E-002 2.025000000000002E-002 1.00000000000000 0.000000000000000 0.493333333333333 0.533330000000000 0.633200000000000 0.460000000000000 0.479880000000000 0.424433333333333 0.451463333333333 0.460000000000000 3.214077445046703E-008 3.147457310800719E-008 0.000000000000000 1.02914389606833 3.274669879948056E-002 4.207563124546450E-002 
2.600000000000002E-002 2.025000000000002E-002 0.866666666666667 0.000000000000000 0.360000000000000 0.533330000000000 0.633200000000000 0.460000000000000 0.479880000000000 0.424433333333333 0.451463333333333 0.460000000000000 0.180661696672543 0.114651403023333 0.000000000000000 1.00665464085499 3.274669879948056E-002 4.207563124546450E-002 
0.159333333333333 2.025000000000002E-002 1.00000000000000 0.000000000000000 0.493333333333333 0.533330000000000 0.633200000000000 0.460000000000000 0.479880000000000 0.424433333333333 0.318130000000000 0.460000000000000 3.209442227233684E-008 3.142918169961028E-008 0.000000000000000 1.02765970466325 3.269947278075881E-002 0.262844333778612 
0.159333333333333 2.025000000000002E-002 1.00000000000000 0.000000000000000 0.226666666666667 0.533330000000000 0.633200000000000 0.460000000000000 0.479880000000000 0.424433333333333 0.318130000000000 0.460000000000000 4.210311372419125E-008 1.565800811182595E-008 0.000000000000000 1.02765970466325 3.269947278075881E-002 0.262844333778612 
0.226000000000000 2.025000000000000E-002 0.920000000000000 0.000000000000000 0.560000000000000 0.533330000000000 0.633200000000000 0.460000000000000 0.479880000000000 0.491100000000000 0.338130000000000 0.460000000000000 7.852018748161973E-002 9.491460671101171E-002 0.000000000000000 0.975099014482163 3.127362705822920E-002 0.364531569567961 
0.226000000000000 0.108350000000000 0.920000000000000 0.000000000000000 0.560000000000000 0.533330000000000 0.633200000000000 0.540000000000000 0.479880000000000 0.491100000000000 0.338130000000000 0.460000000000000 7.742486381693864E-002 9.359058777793408E-002 0.000000000000000 0.961496792426598 0.166554617763629 0.364531569567961 
0.000000000000000 0.000000000000000 1.00000000000000 0.200000000000000 0.160000000000000 0.733330000000000 0.513200000000000 0.660000000000000 0.279880000000000 0.491100000000000 0.518130000000000 0.660000000000000 4.649419043629541E-008 1.193767946127588E-008 1.559688348500425E-008 1.15467785020000 0.000000000000000 0.000000000000000 
6.780000000000000E-002 4.405000000000000E-002 1.00000000000000 0.200000000000000 0.240000000000000 0.573330000000000 0.513200000000000 0.460000000000000 0.359880000000000 0.491100000000000 0.518130000000000 0.620000000000000 3.993645264242335E-008 1.581196065779802E-008 1.395619344867773E-008 1.03321329955361 7.160604102743291E-002 0.110720073784519 
0.000000000000000 0.000000000000000 1.00000000000000 0.160000000000000 0.310000000000000 0.495830000000000 0.503200000000000 0.382500000000000 0.594880000000000 0.483599925000000 0.518130000000000 0.547500000000000 3.837821380014890E-008 2.032021888178248E-008 1.114984619684139E-008 1.02569000266000 0.000000000000000 0.000000000000000 
9.039999999999999E-002 0.132150000000000 1.00000000000000 0.200000000000000 0.390000000000000 0.415830000000000 0.503200000000000 0.622500000000000 0.674880000000000 0.483599925000000 0.438130000000000 0.467500000000000 3.485253753011101E-008 2.449477452138036E-008 1.384132529606698E-008 1.02470931145621 0.215818718238611 0.149708567571537 
0.113000000000000 0.132150000000000 1.00000000000000 0.200000000000000 0.390000000000000 0.415830000000000 0.503200000000000 0.622500000000000 0.679880000000000 0.491100000000000 0.518130000000000 0.467500000000000 3.459099486763160E-008 2.431095925284733E-008 1.373745632907858E-008 1.01701962167813 0.214199157478301 0.186443520015682 
0.158200000000000 0.132150000000000 1.00000000000000 0.200000000000000 0.390000000000000 0.435830000000000 0.503200000000000 0.622500000000000 0.679880000000000 0.491100000000000 0.518130000000000 0.467500000000000 3.396793749999518E-008 2.387306718484645E-008 1.349001553094111E-008 0.998700935825285 0.210340975205167 0.258974658712358 
0.180800000000000 0.220250000000000 1.00000000000000 0.200000000000000 0.390000000000000 0.333330000000000 0.503200000000000 0.660000000000000 0.679880000000000 0.491100000000000 0.518130000000000 0.467500000000000 3.339377342532372E-008 2.346953789992125E-008 1.326199219909685E-008 0.981819775504858 0.353912476231428 0.304633697368201 
0.000000000000000 6.056874999999999E-002 1.00000000000000 0.200000000000000 0.240000000000000 0.453330000000000 0.443200000000000 0.540000000000000 0.469880000000000 0.491100000000000 0.478130000000000 0.580000000000000 3.904999218785737E-008 1.546098612438637E-008 1.364641096250409E-008 1.01027929639148 9.641022941883504E-002 0.000000000000000 
0.000000000000000 1.651874999999998E-002 1.00000000000000 0.120000000000000 0.160000000000000 0.533330000000000 0.443200000000000 0.620000000000000 0.389880000000000 0.491100000000000 0.518130000000000 0.580000000000000 4.314035245392828E-008 1.107656020265779E-008 8.496392398151396E-009 1.03732214934823 2.692205474581719E-002 0.000000000000000 
0.000000000000000 0.000000000000000 1.00000000000000 0.000000000000000 0.560000000000000 0.533330000000000 0.743240000000000 0.860000000000000 0.479880000000000 0.291100000000000 0.318130000000000 0.460000000000000 3.534653071594309E-008 4.272661807242577E-008 0.000000000000000 1.26859730780000 0.000000000000000 0.000000000000000 
0.000000000000000 0.000000000000000 0.960000000000000 0.000000000000000 0.560000000000000 0.333330000000000 0.673200000000000 0.500000000000000 0.679880000000000 0.491100000000000 0.518130000000000 0.260000000000000 4.595340805992695E-002 5.554813090658491E-002 0.000000000000000 1.14587625755190 0.000000000000000 0.000000000000000 
2.260000000000000E-002 0.000000000000000 1.00000000000000 0.200000000000000 0.400000000000000 0.493330000000000 0.673200000000000 0.660000000000000 0.519880000000000 0.491100000000000 0.518130000000000 0.580000000000000 3.572359395348156E-008 2.595471121472049E-008 1.434741157373101E-008 1.06217619486729 0.000000000000000 3.772310094096364E-002 
0.000000000000000 0.000000000000000 1.00000000000000 0.200000000000000 0.400000000000000 0.453330000000000 0.433200000000000 0.580000000000000 0.599880000000000 0.351098600000000 0.358130000000000 0.420000000000000 3.604440965321815E-008 2.618779747280120E-008 1.447625848900580E-008 1.07171506712196 0.000000000000000 0.000000000000000 
1.412500000000000E-002 0.000000000000000 1.00000000000000 0.200000000000000 0.400000000000000 0.448330000000000 0.433200000000000 0.555000000000000 0.599880000000000 0.351098600000000 0.358130000000000 0.425000000000000 3.591253062467206E-008 2.609198174648741E-008 1.442329285786134E-008 1.06779388369046 0.000000000000000 2.369556389388011E-002 
0.226000000000000 4.405000000000000E-002 1.00000000000000 0.200000000000000 0.160000000000000 0.448330000000000 0.593200000000000 0.555000000000000 0.519880000000000 0.351098600000000 0.278130000000000 0.580000000000000 4.115166772046388E-008 1.056595273374920E-008 1.380468743786619E-008 1.02199691552251 7.082869828953172E-002 0.379768233036066 
0.226000000000000 0.176200000000000 1.00000000000000 0.200000000000000 0.560000000000000 0.333330000000000 0.433200000000000 0.435000000000000 0.639880000000000 9.109600000000000E-002 0.518130000000000 0.460000000000000 2.928272071018546E-008 3.539673055781040E-008 1.492653780779404E-008 1.10505041621960 0.313906309142143 0.425855082120121 
0.135600000000000 0.206484375000000 1.00000000000000 0.120000000000000 0.560000000000000 0.338330000000000 0.438200000000000 0.430000000000000 0.644880000000000 0.216097250000000 0.518130000000000 0.455000000000000 2.887528615331550E-008 3.490422675762729E-008 8.641431502845535E-009 1.05502993269562 0.354720527205667 0.240734626939518 
0.000000000000000 0.000000000000000 1.00000000000000 0.000000000000000 0.800000000000000 0.533330000000000 0.773780000000000 0.855000000000000 0.479880000000000 0.291100000000000 0.358130000000000 0.455000000000000 1.713147063187041E-008 5.272525140487631E-008 0.000000000000000 1.26828749860000 0.000000000000000 0.000000000000000 
0.000000000000000 0.000000000000000 1.00000000000000 0.000000000000000 0.360000000000000 0.533330000000000 0.935810000000000 0.460000000000000 0.479880000000000 0.291100000000000 0.318130000000000 0.460000000000000 4.692183427357737E-008 2.977750254191833E-008 0.000000000000000 1.27136196630000 0.000000000000000 0.000000000000000 
0.160000000000000 0.000000000000000 1.00000000000000 0.120000000000000 0.760000000000000 0.453330000000000 0.706560000000000 0.540000000000000 0.559880000000000 0.291100000000000 0.302223500000000 0.380000000000000 1.756298907785701E-008 4.435905112101450E-008 9.101049360084865E-009 1.11114454713528 0.000000000000000 0.285293438048352 
0.000000000000000 0.000000000000000 1.00000000000000 7.999999999999999E-002 0.600000000000000 0.533330000000000 0.633200000000000 0.470000000000000 0.479880000000000 0.291100000000000 0.318130000000000 0.460000000000000 2.800044247952052E-008 3.853930491956528E-008 6.017978008166522E-009 1.09847385020000 0.000000000000000 0.000000000000000 
8.000000000000002E-002 0.000000000000000 1.00000000000000 7.999999999999999E-002 0.360000000000000 0.533330000000000 0.633200000000000 0.460000000000000 0.479880000000000 0.291100000000000 0.318130000000000 0.460000000000000 3.992968865465951E-008 2.534015184657187E-008 5.974329154781891E-009 1.09050653560211 0.000000000000000 0.137763016708297 
0.000000000000000 0.000000000000000 1.00000000000000 5.999999999999997E-002 0.360000000000000 0.533330000000000 0.633200000000000 0.470000000000000 0.479880000000000 0.291100000000000 0.310176750000000 0.460000000000000 4.046979189720131E-008 2.568291179887714E-008 4.530848365978119E-009 1.10143001954056 0.000000000000000 0.000000000000000 
0.000000000000000 0.000000000000000 1.00000000000000 1.999999999999998E-002 0.602500000000000 0.533330000000000 0.633200000000000 0.460000000000000 0.479880000000000 0.291100000000000 0.318130000000000 0.460000000000000 2.807425349156017E-008 3.896173578084543E-008 1.509174466097960E-009 1.09917385020000 0.000000000000000 0.000000000000000 
0.000000000000000 3.966700000000001E-002 1.00000000000000 0.000000000000000 0.976000000000000 0.573330000000000 0.615320000000000 0.561670000000000 0.674880000000000 0.491100000000000 0.398130000000000 0.335000000000000 1.793500766267505E-009 4.755159933033268E-008 0.000000000000000 1.08862724309377 6.791895356598757E-002 0.000000000000000 
0.000000000000000 0.463330000000000 1.00000000000000 0.000000000000000 0.960000000000000 0.533330000000000 0.509382499999996 0.521670000000000 0.479880000000000 0.291100000000000 0.318130000000000 0.375000000000000 2.242757661620995E-009 3.564763609699249E-008 0.000000000000000 0.817135248897659 0.728033304680949 0.000000000000000 
0.200000000000000 0.400000000000000 1.00000000000000 0.000000000000000 0.560000000000000 0.533330000000000 0.743240000000000 0.860000000000000 0.479880000000000 0.291100000000000 0.318130000000000 0.460000000000000 2.719635849744428E-008 3.287475174917089E-008 0.000000000000000 0.976085247208140 0.709167469130506 0.392018137676132 
0.000000000000000 0.000000000000000 1.00000000000000 7.999999999999999E-002 1.00000000000000 0.493330000000000 0.884596000000000 0.521670000000000 0.679880000000000 0.491100000000000 0.518130000000000 0.415000000000000 2.252787860257507E-015 5.153777677080321E-008 6.510735489049076E-009 1.18841788231600 0.000000000000000 0.000000000000000 
2.500000000000002E-003 0.329996666666667 1.00000000000000 0.000000000000000 0.960000000000000 0.533330000000000 0.681986666666667 0.588336666666667 0.479880000000000 0.291100000000000 0.318130000000000 0.455000000000000 2.672987531853171E-009 4.248594864165147E-008 0.000000000000000 0.973886911420699 0.555488547276436 4.402848929310673E-003 
2.500000000000002E-003 0.210000000000000 1.00000000000000 0.000000000000000 1.00000000000000 0.533330000000000 0.815316666666667 0.721666666666667 0.479880000000000 0.424433333333333 0.318130000000000 0.455000000000000 2.152718695909439E-015 4.924846123213459E-008 0.000000000000000 1.12667341921719 0.385746542456944 4.676596049553913E-003 
0.000000000000000 0.520361250000000 1.00000000000000 7.999999999999999E-002 0.960000000000000 0.533330000000000 0.615320000000000 0.391982500000000 0.479880000000000 0.291100000000000 0.318130000000000 0.455000000000000 2.058927175634484E-009 3.272573223723974E-008 4.142395589530570E-009 0.756119950273708 0.806102168395137 0.000000000000000 
0.000000000000000 0.000000000000000 1.00000000000000 0.160000000000000 0.760000000000000 0.653330000000000 0.778809000000000 0.601670000000000 0.679880000000000 0.491100000000000 0.518130000000000 0.415000000000000 1.794803963953792E-008 4.533157792007249E-008 1.251824639361164E-008 1.15157105758100 0.000000000000000 0.000000000000000 
0.000000000000000 0.569990000000000 1.00000000000000 0.180000000000000 1.00000000000000 0.333330000000000 0.628660000000000 0.548340000000000 0.439880000000000 0.504430000000000 0.358130000000000 0.415000000000000 1.236318097627071E-015 2.828366010722591E-008 8.217163109146957E-009 0.673809174951257 0.841024300931720 0.000000000000000 
0.000000000000000 0.370000000000000 1.00000000000000 0.000000000000000 1.00000000000000 0.333330000000000 0.798920000000000 0.655000000000000 0.679880000000000 0.491100000000000 0.198130000000000 0.255000000000000 2.115569239811888E-015 4.839858077543973E-008 0.000000000000000 1.10723042148460 0.727314469457331 0.000000000000000 
0.000000000000000 0.000000000000000 1.00000000000000 2.000000000000000E-002 0.920000000000000 0.333330000000000 0.773780000000000 0.455000000000000 0.719880000000000 0.291100000000000 0.286504000000000 0.215000000000000 7.247482336868430E-009 5.736974858840060E-008 1.817246554894282E-009 1.32355134371600 0.000000000000000 0.000000000000000 
0.000000000000000 0.000000000000000 1.00000000000000 0.200000000000000 0.930000000000000 0.533330000000000 0.773780000000000 0.535000000000000 0.639880000000000 0.291100000000000 0.358130000000000 0.295000000000000 5.486332860375663E-009 4.969459989372244E-008 1.624485813160841E-008 1.20264909860000 0.000000000000000 0.000000000000000 
2.500000000000002E-003 0.596656666666667 1.00000000000000 0.000000000000000 0.960000000000000 0.533330000000000 0.548660000000000 0.455006666666667 0.479880000000000 0.424430000000000 0.451463333333333 0.455000000000000 1.650894075242278E-009 2.624022748243890E-008 0.000000000000000 0.601493315199178 0.818807011396509 3.989810688018714E-003 
2.500000000000002E-003 0.463326666666667 1.00000000000000 0.000000000000000 0.960000000000000 0.533330000000000 0.548656666666667 0.588340000000000 0.479880000000000 0.424433333333333 0.318130000000000 0.455000000000000 2.156855488100486E-009 3.428225923349909E-008 0.000000000000000 0.785837309248755 0.700140769639583 4.133143981512823E-003 
0.202500000000000 0.463330000000000 1.00000000000000 0.000000000000000 1.00000000000000 0.533330000000000 0.815320000000000 0.721670000000000 0.479880000000000 0.291100000000000 0.318130000000000 0.455000000000000 1.665093078929738E-015 3.809288789166374E-008 0.000000000000000 0.871463659472753 0.776437644528492 0.384313000483557 
0.000000000000000 0.661767499999996 1.00000000000000 0.200000000000000 0.957500000000000 0.533330000000000 0.549382499999996 0.561670000000000 0.479880000000000 0.291100000000000 0.318130000000000 0.455000000000000 1.526594583797793E-009 2.283333412276942E-008 7.435563232351942E-009 0.550474085185868 0.936726812263866 0.000000000000000 
0.000000000000000 0.661767499999996 1.00000000000000 0.000000000000000 0.960000000000000 0.533330000000000 0.549382499999996 0.641670000000000 0.399880000000000 0.291100000000000 0.318130000000000 0.455000000000000 1.546860810207071E-009 2.458666497882155E-008 0.000000000000000 0.563589421536081 0.959044824213428 0.000000000000000 
0.000000000000000 0.263330000000000 1.00000000000000 0.000000000000000 1.00000000000000 0.333330000000000 0.615320000000000 0.521670000000000 0.679880000000000 0.491100000000000 0.118130000000000 0.255000000000000 2.239128272089289E-015 5.122528183143761E-008 0.000000000000000 1.17189780121966 0.514419866702707 0.000000000000000 
0.000000000000000 0.263330000000000 1.00000000000000 2.000000000000000E-002 1.00000000000000 0.493330000000000 0.615320000000000 0.521670000000000 0.519880000000000 0.491100000000000 0.118130000000000 0.335000000000000 2.076277116356106E-015 4.749968180530613E-008 1.492737678954631E-009 1.08720247974873 0.477241747641409 0.000000000000000 
0.000000000000000 0.383330000000000 1.00000000000000 2.000000000000000E-002 0.904000000000000 0.493330000000000 0.615320000000000 0.521670000000000 0.519880000000000 0.491100000000000 0.278130000000000 0.335000000000000 5.899836620974752E-009 3.882750838267999E-008 1.234209762315384E-009 0.898909388459378 0.617796398495533 0.000000000000000 
0.000000000000000 0.383330000000000 1.00000000000000 6.000000000000001E-002 1.00000000000000 0.413330000000000 0.615320000000000 0.521670000000000 0.519880000000000 0.491100000000000 0.278130000000000 0.415000000000000 1.690263553654524E-015 3.866872120933479E-008 3.655270452716743E-009 0.888580742713224 0.610697796316902 0.000000000000000 
0.000000000000000 0.383330000000000 1.00000000000000 0.200000000000000 1.00000000000000 0.413330000000000 0.615320000000000 0.521670000000000 0.519880000000000 0.491100000000000 0.438130000000000 0.415000000000000 1.546714407514565E-015 3.538469967321247E-008 1.149718621111391E-008 0.851166598145197 0.584984054683239 0.000000000000000 
2.000000000000000E-002 1.00000000000000 1.00000000000000 7.000000000000001E-002 1.00000000000000 0.493330000000000 0.468660000000000 0.495000000000000 0.506546666666667 0.491093333333333 0.518126666666667 0.455000000000000 8.326607255144316E-023 1.904905621804645E-015 2.103035444390314E-016 4.384393464468310E-008 1.00303226785547 3.152155977743669E-002 
2.500000000000002E-003 0.196670000000000 1.00000000000000 0.000000000000000 0.960000000000000 0.533330000000000 0.681986666666667 0.588336666666667 0.479880000000000 0.424433333333333 0.318130000000000 0.455000000000000 2.832381348986318E-009 4.501944251239192E-008 0.000000000000000 1.03196108887851 0.329346757411069 4.253902909623848E-003 
2.500000000000002E-003 0.330003333333333 1.00000000000000 0.000000000000000 0.960000000000000 0.533330000000000 0.681986666666667 0.588336666666667 0.479880000000000 0.291100000000000 0.318130000000000 0.455000000000000 2.672971565852987E-009 4.248569486917563E-008 0.000000000000000 0.973881094304674 0.555498745766149 4.402848929310673E-003 
0.121500000000000 0.000000000000000 1.00000000000000 0.000000000000000 0.952000000000000 0.333330000000000 0.615320000000000 0.921670000000000 0.679880000000000 0.491100000000000 0.118130000000000 0.255000000000000 4.710813138674848E-009 6.236069375564874E-008 0.000000000000000 1.43071111001921 0.000000000000000 0.276418029741771 
0.000000000000000 0.000000000000000 1.00000000000000 3.999999999999998E-002 0.760000000000000 0.573330000000000 0.884596000000000 0.521670000000000 0.679880000000000 0.491100000000000 0.518130000000000 0.255000000000000 2.001895844926520E-008 5.056212227336727E-008 3.421358997203318E-009 1.24655068231600 0.000000000000000 0.000000000000000 
8.606250000000001E-002 1.983350000000000E-002 1.00000000000000 0.127500000000000 1.00000000000000 0.423330000000000 0.884596000000000 0.611670000000000 0.594880000000000 0.491100000000000 0.518130000000000 0.345000000000000 2.224850673513503E-015 5.089864846253358E-008 1.033232140693553E-008 1.18817501750823 3.702884845593839E-002 0.161689582551675 
0.000000000000000 5.950050000000001E-002 1.00000000000000 0.000000000000000 0.976000000000000 0.573330000000000 0.615320000000000 0.561670000000000 0.674880000000000 0.491100000000000 0.408130000000000 0.335000000000000 1.785967063080214E-009 4.735185610068173E-008 0.000000000000000 1.08405440170707 0.101615214649169 0.000000000000000 
0.141750000000000 3.966700000000001E-002 1.00000000000000 3.000000000000000E-002 0.988000000000000 0.553330000000000 0.673022000000000 0.541670000000000 0.674880000000000 0.491100000000000 0.468130000000000 0.275000000000000 8.946855659472911E-010 4.745903059687626E-008 2.238508794983627E-009 1.08713578824678 6.782590238327916E-002 0.246621903231304 
0.144281250000000 6.941725000000002E-002 1.00000000000000 8.500000000000002E-002 1.00000000000000 0.528330000000000 0.701873000000000 0.526670000000000 0.594880000000000 0.491100000000000 0.488130000000000 0.370000000000000 1.959740731327396E-015 4.483364018494711E-008 6.021910888761417E-009 1.03488482742988 0.113293587698379 0.240068352832748 
0.000000000000000 0.148751250000000 1.00000000000000 0.200000000000000 1.00000000000000 0.333330000000000 0.701873000000000 0.521670000000000 0.679880000000000 0.491100000000000 0.518130000000000 0.255000000000000 2.053802519125165E-015 4.698552297324922E-008 1.526652230593804E-008 1.13022035288007 0.268998264038315 0.000000000000000 
0.000000000000000 0.000000000000000 0.960000000000000 0.160000000000000 1.00000000000000 0.653330000000000 0.778809000000000 0.601670000000000 0.679880000000000 0.491100000000000 0.518130000000000 0.415000000000000 3.061371669379984E-009 7.003601736868914E-002 1.798219343634578E-002 1.14929869818449 0.000000000000000 0.000000000000000 
0.000000000000000 7.933400000000002E-002 1.00000000000000 0.160000000000000 0.760000000000000 0.653330000000000 0.778809000000000 0.601670000000000 0.679880000000000 0.491100000000000 0.518130000000000 0.415000000000000 1.780885753441088E-008 4.498004401607179E-008 1.242117083992701E-008 1.14264094113283 0.143134832606568 0.000000000000000 
3.037500000000001E-002 7.933400000000002E-002 1.00000000000000 0.160000000000000 0.760000000000000 0.493330000000000 0.778809000000000 0.601670000000000 0.679880000000000 0.491100000000000 0.518130000000000 0.415000000000000 1.742611156062053E-008 4.401333794215327E-008 1.215421642583514E-008 1.11808342985724 0.140058594797182 5.380480764899363E-002 
7.087500000000002E-002 0.119001000000000 1.00000000000000 0.160000000000000 0.760000000000000 0.493330000000000 0.778809000000000 0.601670000000000 0.679880000000000 0.491100000000000 0.518130000000000 0.415000000000000 1.716907689039937E-008 4.336414240797234E-008 1.197494206506089E-008 1.10159172976262 0.208348851382790 0.125332918541381 
0.141750000000000 0.000000000000000 1.00000000000000 0.200000000000000 1.00000000000000 0.413330000000000 0.932681000000000 0.601670000000000 0.599880000000000 0.491100000000000 0.438130000000000 0.335000000000000 2.208598934587457E-015 5.052685202857546E-008 1.641716990108315E-008 1.21540578705847 0.000000000000000 0.275185506658022 
0.200000000000000 0.200000000000000 0.000000000000000 0.000000000000000 0.200000000000000 0.493330000000000 0.700000000000000 0.580000000000000 0.320000000000000 0.377500000000000 0.460000000000000 0.700000000000000 0.976758659556185 0.317368136396449 0.000000000000000 0.000000000000000 0.333700607545653 0.350873584036283 
0.000000000000000 0.000000000000000 3.570000000000000E-002 0.000000000000000 0.000000000000000 0.393330000000000 0.450000000000000 0.580000000000000 0.320000000000000 0.437500000000000 0.460000000000000 0.700000000000000 1.09645847254468 0.000000000000000 0.000000000000000 6.155110671511046E-002 0.000000000000000 0.000000000000000 
8.000000000000002E-002 1.000000000000000E-002 3.570000000000000E-002 0.000000000000000 0.000000000000000 0.393330000000000 0.450000000000000 0.580000000000000 0.320000000000000 0.437500000000000 0.460000000000000 0.700000000000000 1.08767836876725 0.000000000000000 0.000000000000000 6.105822429584286E-002 1.711351888471357E-002 0.137639048187281 
6.750000000000000E-002 1.375000000000001E-002 3.442500000000001E-002 0.000000000000000 0.000000000000000 0.529163333333333 0.447500000000000 0.582500000000000 0.453333333333333 0.427500000000000 0.460000000000000 0.566666666666667 1.01641620131076 0.000000000000000 0.000000000000000 5.501599963189483E-002 2.198856909739711E-002 0.108358641735221 
7.250000000000001E-002 8.750000000000000E-003 2.932500000000001E-002 0.000000000000000 0.000000000000000 0.385830000000000 0.437500000000000 0.602500000000000 0.320000000000000 0.417500000000000 0.460000000000000 0.700000000000000 1.09980283420979 0.000000000000000 0.000000000000000 5.069674388425603E-002 1.513320947232586E-002 0.125938312197220 
0.175000000000000 2.875000000000000E-002 8.925000000000002E-003 2.000000000000000E-002 2.000000000000000E-002 0.380830000000000 0.517500000000000 0.580000000000000 0.320000000000000 0.377500000000000 0.500000000000000 0.700000000000000 1.06445904723691 3.345197414221789E-002 3.346848882202079E-002 1.493874889236492E-002 4.815633872942748E-002 0.300841255898505 
0.200000000000000 0.000000000000000 0.000000000000000 0.000000000000000 0.200000000000000 0.333330000000000 0.780000000000000 0.580000000000000 0.320000000000000 0.457500000000000 0.460000000000000 0.700000000000000 1.07490444995975 0.349257637749515 0.000000000000000 0.000000000000000 0.000000000000000 0.367231213663442 
0.000000000000000 0.180000000000000 0.204000000000000 0.200000000000000 0.000000000000000 0.333330000000000 0.740000000000000 0.580000000000000 0.320000000000000 0.442500000000000 0.460000000000000 0.700000000000000 1.01336696975637 0.000000000000000 0.329262897780119 0.353624374005684 0.326164364788922 0.000000000000000 
0.000000000000000 0.200000000000000 0.000000000000000 0.200000000000000 0.000000000000000 0.573330000000000 0.740000000000000 0.580000000000000 0.320000000000000 0.442500000000000 0.460000000000000 0.700000000000000 1.03718499862773 0.000000000000000 0.337001844716074 0.000000000000000 0.354344710224092 0.000000000000000 
0.000000000000000 0.000000000000000 0.000000000000000 0.200000000000000 8.000000000000002E-002 0.595830000000000 0.487500000000000 0.462500000000000 0.280000000000000 0.467500000000000 0.500000000000000 0.500000000000000 1.00036130701442 0.126375025690670 0.327620487207714 0.000000000000000 0.000000000000000 0.000000000000000 
0.200000000000000 0.200000000000000 0.000000000000000 0.000000000000000 8.000000000000002E-002 0.413330000000000 0.620000000000000 0.580000000000000 0.320000000000000 0.442500000000000 0.460000000000000 0.760000000000000 1.01692277608475 0.128467225843318 0.000000000000000 0.000000000000000 0.333044404074202 0.350183610872679 
0.200000000000000 0.200000000000000 0.000000000000000 0.100000000000000 0.200000000000000 0.413330000000000 0.620000000000000 0.580000000000000 0.320000000000000 0.442500000000000 0.460000000000000 0.700000000000000 0.939385768253531 0.305224947545827 0.156440854182965 0.000000000000000 0.324932967397361 0.341654741598453 
7.999999999999997E-002 0.000000000000000 0.000000000000000 8.000000000000002E-002 0.200000000000000 0.333330000000000 0.380000000000000 0.580000000000000 0.320000000000000 0.722500000000000 0.500000000000000 0.700000000000000 1.09571094096041 0.356018076686220 0.145543912525081 0.000000000000000 0.000000000000000 0.146700691358108 
0.000000000000000 0.200000000000000 0.204000000000000 0.000000000000000 0.200000000000000 0.333330000000000 0.780000000000000 0.580000000000000 0.320000000000000 0.722500000000000 0.460000000000000 0.700000000000000 1.06113647199239 0.344784150397548 0.000000000000000 0.370294011786397 0.381971324691724 0.000000000000000 
0.120000000000000 0.333333333333333 0.000000000000000 0.000000000000000 0.000000000000000 0.493330000000000 0.646666666666667 0.740000000000000 0.181333333333333 0.482500000000000 0.620000000000000 0.746666666666667 1.06867794814188 0.000000000000000 0.000000000000000 0.000000000000000 0.617001521798241 0.235398670902427 
0.253333333333333 0.200000000000000 0.000000000000000 0.000000000000000 0.000000000000000 0.493330000000000 0.646666666666667 0.740000000000000 0.181333333333333 0.482500000000000 0.620000000000000 0.746666666666667 1.10141374309372 0.000000000000000 0.000000000000000 0.000000000000000 0.357871029478173 0.486818304702292 
0.120000000000000 0.200000000000000 0.000000000000000 0.000000000000000 0.000000000000000 0.493330000000000 0.646666666666667 0.606666666666667 0.181333333333333 0.482500000000000 0.620000000000000 0.746666666666667 1.13042530880767 0.000000000000000 0.000000000000000 0.000000000000000 0.367297458877594 0.226737489901195 
0.000000000000000 0.000000000000000 0.000000000000000 0.200000000000000 0.180000000000000 0.595830000000000 0.487500000000000 0.662500000000000 0.450000000000000 0.627500000000000 0.340000000000000 0.500000000000000 0.986450330449145 0.286590322244102 0.333769925561232 0.000000000000000 0.000000000000000 0.000000000000000 
0.000000000000000 0.000000000000000 0.000000000000000 0.200000000000000 2.000000000000000E-002 0.453330000000000 0.580000000000000 0.660000000000000 0.248000000000000 0.442500000000000 0.700000000000000 0.680000000000000 1.11540796444039 3.505310841346004E-002 0.362596947477511 0.000000000000000 0.000000000000000 0.000000000000000 
0.000000000000000 0.000000000000000 0.000000000000000 0.160000000000000 2.000000000000000E-002 0.493330000000000 0.580000000000000 0.540000000000000 0.248000000000000 0.462500000000000 0.720000000000000 0.680000000000000 1.11695598768573 3.510175700516422E-002 0.286927143648606 0.000000000000000 0.000000000000000 0.000000000000000 
0.000000000000000 0.000000000000000 0.200000000000000 0.000000000000000 0.200000000000000 0.293330000000000 0.580000000000000 0.540000000000000 0.247999999999999 0.682500000000000 0.420000000000000 0.680000000000000 1.07303899164575 0.348651513582765 0.000000000000000 0.366593896997096 0.000000000000000 0.000000000000000 
2.500000000000002E-003 7.666666666666666E-002 1.00000000000000 0.000000000000000 1.00000000000000 0.533330000000000 0.815316666666667 0.721666666666667 0.479880000000000 0.291100000000000 0.318130000000000 0.455000000000000 2.330860689493852E-015 5.332387483890441E-008 0.000000000000000 1.21990801108435 0.147625094319514 4.825542069240739E-003 
2.500000000000002E-003 0.343333333333333 1.00000000000000 0.000000000000000 1.00000000000000 0.533330000000000 0.815316666666667 0.721666666666667 0.479880000000000 0.291100000000000 0.318130000000000 0.455000000000000 2.014620951324838E-015 4.608915322159738E-008 0.000000000000000 1.05439687961498 0.631043535929820 4.825542069240739E-003 
0.202500000000000 1.000000000000000E-002 0.840000000000000 0.000000000000000 1.00000000000000 0.333330000000000 0.798920000000000 0.655000000000000 0.679880000000000 0.491100000000000 0.118130000000000 0.255000000000000 1.424135349253933E-008 0.325804178085678 0.000000000000000 1.26892368813127 2.058041825417282E-002 0.431419901649936 
0.000000000000000 1.000000000000000E-002 1.00000000000000 1.999999999999998E-002 0.960000000000000 0.333330000000000 0.748650000000000 0.655000000000000 0.679880000000000 0.291100000000000 0.358130000000000 0.255000000000000 3.482960544739032E-009 5.536010963810563E-008 1.743201387269520E-009 1.26962218322785 1.994481959602167E-002 0.000000000000000 
0.000000000000000 3.000000000000000E-002 1.00000000000000 1.999999999999998E-002 0.960000000000000 0.353330000000000 0.748650000000000 0.655000000000000 0.679880000000000 0.291100000000000 0.358130000000000 0.255000000000000 3.462350625874846E-009 5.503252413913201E-008 1.732886243387161E-009 1.26210937627860 5.951956894447961E-002 0.000000000000000 
0.000000000000000 1.000000000000000E-002 1.00000000000000 1.999999999999998E-002 0.920000000000000 0.393330000000000 0.748650000000000 0.655000000000000 0.679880000000000 0.311100000000000 0.358130000000000 0.255000000000000 6.818823907854928E-009 5.397656663089488E-008 1.709763981340638E-009 1.24526878801664 1.956224588200283E-002 0.000000000000000 
0.000000000000000 3.000000000000000E-002 1.00000000000000 5.999999999999997E-002 0.920000000000000 0.393330000000000 0.748650000000000 0.655000000000000 0.679880000000000 0.311100000000000 0.358130000000000 0.255000000000000 6.785210324989298E-009 5.371048763842232E-008 5.117488953289338E-009 1.24403985799760 5.866743207002715E-002 0.000000000000000 
0.000000000000000 1.00000000000000 1.00000000000000 0.136000000000000 0.940000000000000 0.513330000000000 0.528660000000000 0.515000000000000 0.539880000000000 0.497760000000000 0.511460000000000 0.435000000000000 1.769848412687787E-016 1.872304872319636E-015 4.079857314844301E-016 4.402505629675558E-008 1.00717584810000 0.000000000000000 
0.000000000000000 0.529996666666667 0.706666666666667 0.000000000000000 0.760000000000000 0.333330000000000 0.615320000000000 0.521670000000000 0.279880000000000 0.224433333333333 0.251463333333333 0.255000000000000 0.141856686415980 0.358289125882210 0.000000000000000 0.776282064811553 0.952442449494924 0.000000000000000 
0.000000000000000 0.529996666666667 0.840000000000000 0.000000000000000 0.760000000000000 0.333330000000000 0.615320000000000 0.521670000000000 0.279880000000000 0.224433333333333 0.251463333333333 0.388333333333333 7.641208967180285E-002 0.192994926831022 0.000000000000000 0.808437004391129 0.917269048706385 0.000000000000000 
0.000000000000000 0.463330000000000 1.00000000000000 4.812499999999999E-002 0.960000000000000 0.533330000000000 0.566570000000000 0.428232500000000 0.479880000000000 0.291100000000000 0.318130000000000 0.455000000000000 2.227002899481445E-009 3.539722115597765E-008 2.686247328279252E-009 0.813719004018737 0.724989573484483 0.000000000000000 
0.000000000000000 0.486455000000000 1.00000000000000 0.155781250000000 0.958750000000000 0.533330000000000 0.479382499999996 0.482607500000000 0.479880000000000 0.291100000000000 0.318130000000000 0.455000000000000 2.143140470272618E-009 3.302924960684781E-008 8.264899363675596E-009 0.780460100974438 0.747936395045082 0.000000000000000 
0.000000000000000 0.463330000000000 1.00000000000000 0.140000000000000 0.960000000000000 0.533330000000000 0.481569999999996 0.502295000000000 0.479880000000000 0.291100000000000 0.318130000000000 0.455000000000000 2.161120471377343E-009 3.435004924684510E-008 7.693326919233193E-009 0.806822120501609 0.718844738947302 0.000000000000000 
0.000000000000000 0.490517500000000 1.00000000000000 0.155156250000000 0.958125000000000 0.533330000000000 0.479382499999996 0.483232500000000 0.479880000000000 0.291100000000000 0.318130000000000 0.455000000000000 2.162703393184420E-009 3.283186591631876E-008 8.181727235637812E-009 0.775656071069338 0.752886659524676 0.000000000000000 
0.000000000000000 0.527705000000000 1.00000000000000 0.200000000000000 0.894687500000000 0.533330000000000 0.566570000000000 0.433545000000000 0.479880000000000 0.291100000000000 0.318130000000000 0.455000000000000 5.037616529927650E-009 3.017438251223996E-008 9.939946172229712E-009 0.735880067853875 0.802887919694762 0.000000000000000 
0.000000000000000 0.514111250000000 1.00000000000000 6.812499999999999E-002 0.960000000000000 0.533330000000000 0.606570000000000 0.388232500000000 0.479880000000000 0.291100000000000 0.316141687500000 0.455000000000000 2.084181353138641E-009 3.312713616286332E-008 3.565580986960371E-009 0.763727571331915 0.798358317387765 0.000000000000000 
0.000000000000000 0.503330000000000 1.00000000000000 0.200000000000000 0.880000000000000 0.533330000000000 0.566570000000000 0.428232500000000 0.479880000000000 0.291100000000000 0.318130000000000 0.455000000000000 5.971600723910459E-009 3.130423380992283E-008 1.035477388178028E-008 0.766590842113859 0.774652812522889 0.000000000000000 
0.000000000000000 0.518330000000000 1.00000000000000 0.200000000000000 0.880000000000000 0.533330000000000 0.566570000000000 0.428232500000000 0.479880000000000 0.291100000000000 0.318130000000000 0.455000000000000 5.827774092374766E-009 3.055026804599302E-008 1.010537806370975E-008 0.748127421050579 0.792498492764919 0.000000000000000 
0.000000000000000 0.520361250000000 1.00000000000000 0.200000000000000 0.879687500000000 0.533330000000000 0.566570000000000 0.428545000000000 0.479880000000000 0.291100000000000 0.318130000000000 0.455000000000000 5.822752792828150E-009 3.044275037099983E-008 1.007075773729679E-008 0.745564388242508 0.794848846169080 0.000000000000000 
0.000000000000000 0.522392500000000 1.00000000000000 0.200000000000000 0.879375000000000 0.533330000000000 0.566570000000000 0.428857500000000 0.479880000000000 0.291100000000000 0.318130000000000 0.455000000000000 5.817570590588091E-009 3.033494906278567E-008 1.003603949874336E-008 0.742994106744018 0.797191055152028 0.000000000000000 
0.000000000000000 0.547705000000000 1.00000000000000 0.200000000000000 0.894687500000000 0.533330000000000 0.566570000000000 0.433545000000000 0.479880000000000 0.291100000000000 0.318130000000000 0.455000000000000 4.862486792649319E-009 2.912538808193537E-008 9.594389865718162E-009 0.710297635728288 0.825606295116026 0.000000000000000 
0.000000000000000 0.593330000000000 1.00000000000000 0.200000000000000 0.960000000000000 0.533330000000000 0.526569999999996 0.501670000000000 0.479880000000000 0.291100000000000 0.318130000000000 0.455000000000000 1.682362753096266E-009 2.674040812869815E-008 8.705664161437054E-009 0.644502960361031 0.867814526413057 0.000000000000000 
0.000000000000000 0.588330000000000 1.00000000000000 0.200000000000000 0.949375000000000 0.533330000000000 0.521569999999996 0.502295000000000 0.479880000000000 0.291100000000000 0.318130000000000 0.455000000000000 2.150365951230625E-009 2.698428342135146E-008 8.795520777760398E-009 0.651155279374778 0.862535771935300 0.000000000000000 
0.000000000000000 0.478330000000000 1.00000000000000 0.157031250000000 0.960000000000000 0.533330000000000 0.479382499999996 0.481357500000000 0.479880000000000 0.291100000000000 0.318130000000000 0.455000000000000 2.102585063280223E-009 3.341965495487915E-008 8.431424253368137E-009 0.789974898700861 0.737945705903106 0.000000000000000 
0.000000000000000 0.488486250000000 1.00000000000000 0.155468750000000 0.958437500000000 0.533330000000000 0.479382499999996 0.482920000000000 0.479880000000000 0.291100000000000 0.318130000000000 0.455000000000000 2.152981889192355E-009 3.293073864704418E-008 8.223305145721508E-009 0.778061952589477 0.750415303783558 0.000000000000000 
4.687500000000001E-003 0.490517500000000 1.00000000000000 0.155156250000000 0.958125000000000 0.533330000000000 0.479382499999996 0.483232500000000 0.479880000000000 0.291100000000000 0.318130000000000 0.455000000000000 2.162644767578608E-009 3.283097592463736E-008 8.181505448999255E-009 0.775635044928069 0.752866250606532 7.959174206020773E-003 
3.585937500000000E-002 0.510517500000000 1.00000000000000 0.165156250000000 0.938125000000000 0.533330000000000 0.479382499999996 0.503232500000000 0.479880000000000 0.291100000000000 0.318130000000000 0.455000000000000 3.075862962415307E-009 3.154725216222356E-008 8.412593739620226E-009 0.750244593571698 0.775452738417835 6.084080021068206E-002 
3.765625000000001E-002 0.511767500000000 1.00000000000000 0.165781250000000 0.936875000000000 0.533330000000000 0.479382499999996 0.504482500000000 0.479880000000000 0.291100000000000 0.318130000000000 0.455000000000000 3.130125534902511E-009 3.146400942546602E-008 8.425255972561793E-009 0.748605085874727 0.776804530522543 6.388656649378284E-002 
2.500000000000002E-003 0.729990000000000 1.00000000000000 0.000000000000000 0.960000000000000 0.533330000000000 0.548660000000000 0.455006666666667 0.479880000000000 0.557763333333333 0.451463333333333 0.455000000000000 1.144886863515910E-009 1.819746777872748E-008 0.000000000000000 0.417132634607773 0.923807766365057 3.980487162858567E-003 
0.000000000000000 0.715830000000000 1.00000000000000 0.170000000000000 0.902500000000000 0.533330000000000 0.566882499999996 0.611670000000000 0.469880000000000 0.291100000000000 0.318130000000000 0.455000000000000 3.047976020987825E-009 1.974571637461941E-008 5.465793755474008E-009 0.473874756635540 0.990148182380334 0.000000000000000 
2.000000000000002E-002 0.866666666666667 1.00000000000000 7.000000000000001E-002 1.00000000000000 0.493330000000000 0.468660000000000 0.495000000000000 0.439880000000000 0.557760000000000 0.451460000000000 0.455000000000000 3.995471864808056E-016 9.140573806135691E-009 1.009128771332925E-009 0.210382454639117 0.989771814974672 3.179973346757096E-002 
0.000000000000000 0.603330000000000 0.800000000000000 0.270000000000000 0.691250000000000 0.693330000000000 0.535320000000000 0.561670000000000 0.639880000000000 0.381100000000000 0.518130000000000 0.655000000000000 8.431752213321813E-002 0.160007027032324 8.166311347752130E-002 0.610752062532621 0.893681989755082 0.000000000000000 
0.153333333333333 1.00000000000000 1.00000000000000 7.000000000000001E-002 1.00000000000000 0.493330000000000 0.468660000000000 0.495000000000000 0.439880000000000 0.557760000000000 0.451460000000000 0.455000000000000 8.161641148757434E-023 1.867165777251577E-015 2.061370266938797E-016 4.297530196328148E-008 0.983160269244479 0.241487330860165 
0.153333333333333 0.866666666666667 1.00000000000000 7.000000000000001E-002 1.00000000000000 0.493330000000000 0.468660000000000 0.495000000000000 0.439880000000000 0.557760000000000 0.451460000000000 0.455000000000000 3.882055245969206E-016 8.881106836922365E-009 9.804833504439257E-010 0.204410477492100 0.961675866242015 0.241487330860165 
0.153333333333333 0.866666666666667 0.866666666666667 7.000000000000001E-002 1.00000000000000 0.493330000000000 0.468660000000000 0.495000000000000 0.439880000000000 0.557760000000000 0.451460000000000 0.455000000000000 1.846485609705030E-009 4.224266511832166E-002 4.663633777571550E-003 0.199943619733760 0.961675866242015 0.241487330860165 
0.220000000000000 1.00000000000000 0.880000000000000 0.270000000000000 0.920000000000000 0.433330000000000 0.541990000000000 0.561670000000000 0.539880000000000 0.624430000000000 0.431460000000000 0.595000000000000 9.162255163058378E-010 7.252674111856575E-009 3.300735297796582E-009 4.204728993209569E-008 0.979275483558440 0.352560878702427 
2.000000000000002E-002 0.866666666666667 0.866666666666667 7.000000000000001E-002 1.00000000000000 0.493330000000000 0.468660000000000 0.495000000000000 0.439880000000000 0.557760000000000 0.451460000000000 0.455000000000000 1.900431816370889E-009 4.347681042149231E-002 4.799884691337916E-003 0.205785094898790 0.989771814974672 3.179973346757096E-002 
2.000000000000002E-002 0.866666666666667 0.866666666666667 0.203333333333333 1.00000000000000 0.493330000000000 0.468660000000000 0.495000000000000 0.439880000000000 0.557760000000000 0.451460000000000 0.455000000000000 1.815280942764379E-009 4.152878557938864E-002 1.373433310276422E-002 0.205785094898790 0.989771814974672 3.179973346757096E-002 
2.000000000000002E-002 0.866666666666667 0.866666666666667 7.000000000000001E-002 0.866666666666667 0.493330000000000 0.468660000000000 0.495000000000000 0.439880000000000 0.557760000000000 0.451460000000000 0.455000000000000 9.039335555046538E-003 4.252673814378030E-002 4.799884691337916E-003 0.205785094898790 0.989771814974672 3.179973346757096E-002 
0.153333333333333 0.866666666666667 0.866666666666667 0.203333333333333 1.00000000000000 0.493330000000000 0.468660000000000 0.495000000000000 0.439880000000000 0.557760000000000 0.451460000000000 0.455000000000000 1.763751853400905E-009 4.034993747226421E-002 1.334446635479831E-002 0.199943619733760 0.961675866242015 0.241487330860165 
0.153333333333333 0.866666666666667 0.866666666666667 7.000000000000001E-002 0.866666666666667 0.493330000000000 0.468660000000000 0.495000000000000 0.439880000000000 0.557760000000000 0.451460000000000 0.455000000000000 8.782742364081237E-003 4.131956186680645E-002 4.663633777571550E-003 0.199943619733760 0.961675866242015 0.241487330860165 
8.666666666666666E-002 1.00000000000000 1.00000000000000 7.000000000000001E-002 1.00000000000000 0.493330000000000 0.468660000000000 0.495000000000000 0.506546666666667 0.491093333333333 0.451460000000000 0.455000000000000 8.270316717911044E-023 1.892027848475800E-015 2.088818249876641E-016 4.354753557601744E-008 0.996251447830005 0.136469476709413 
2.000000000000000E-002 0.933333333333333 1.00000000000000 7.000000000000001E-002 1.00000000000000 0.493330000000000 0.468660000000000 0.495000000000000 0.506546666666667 0.491093333333333 0.451460000000000 0.455000000000000 1.995190812646998E-016 4.564464347992563E-009 5.039215695836041E-010 0.105057213475900 0.999553009827677 3.158524683828143E-002 
8.666666666666666E-002 0.933333333333333 1.00000000000000 7.000000000000001E-002 1.00000000000000 0.493330000000000 0.468660000000000 0.495000000000000 0.506546666666667 0.557760000000000 0.451460000000000 0.455000000000000 1.984112455393246E-016 4.539120021826593E-009 5.011235298470880E-010 0.104473880124727 0.994002961548213 0.136911487261547 
0.120000000000000 1.00000000000000 0.995000000000000 5.100000000000001E-002 0.990000000000000 0.513330000000000 0.488660000000000 0.495000000000000 0.539880000000000 0.457760000000000 0.491460000000000 0.480000000000000 5.301917238398844E-012 3.375037032624071E-010 2.709896107104658E-011 4.311523905606096E-008 0.986392078953059 0.188164357810145 
0.000000000000000 1.00000000000000 0.910000000000000 1.700000000000000E-002 0.900000000000000 0.493330000000000 0.508660000000000 0.495000000000000 0.539880000000000 0.457760000000000 0.551460000000000 0.475000000000000 9.696759423798598E-010 6.122294508775570E-009 1.655641652667243E-010 4.356924710374580E-008 1.00679224810000 0.000000000000000 
1.200000000000000E-002 1.00000000000000 0.930000000000000 8.500000000000000E-002 0.920000000000000 0.493330000000000 0.508660000000000 0.495000000000000 0.539880000000000 0.457760000000000 0.551460000000000 0.475000000000000 5.997677019332485E-010 4.747651759882848E-009 6.427577046837667E-010 4.373475003351605E-008 1.00661339384415 1.897646352225877E-002 
1.800000000000000E-002 1.00000000000000 0.930000000000000 8.500000000000000E-002 0.930000000000000 0.493330000000000 0.508660000000000 0.495000000000000 0.539880000000000 0.457760000000000 0.531460000000000 0.475000000000000 5.241394211846428E-010 4.747597254336952E-009 6.415564354591280E-010 4.365301284253460E-008 1.00473210376809 2.841570435630100E-002 
0.202500000000000 0.396660000000000 0.800000000000000 0.200000000000000 0.880000000000000 0.493330000000000 0.481990000000000 0.388340000000000 0.359880000000000 0.411100000000000 0.358130000000000 0.415000000000000 4.535518928539052E-002 0.237760278278187 7.864603665397449E-002 0.783282599234939 0.591797871275094 0.333930580862693 
2.025000000000000E-002 0.716660000000000 1.00000000000000 0.200000000000000 1.00000000000000 0.493330000000000 0.481990000000000 0.628340000000000 0.439880000000000 0.371100000000000 0.318130000000000 0.495000000000000 8.368025233569920E-016 1.914380950414383E-008 6.220200953856268E-009 0.460497654683145 0.965427469917739 3.403493996056062E-002 
0.135833333333333 0.729986666666667 1.00000000000000 0.000000000000000 0.960000000000000 0.533330000000000 0.548660000000000 0.455010000000000 0.479880000000000 0.557763333333333 0.451460000000000 0.455000000000000 1.118946570904629E-009 1.778515835846310E-008 0.000000000000000 0.407681445198358 0.902863972795717 0.214636441759079 
2.500000000000002E-003 0.863320000000000 1.00000000000000 0.000000000000000 0.960000000000000 0.533330000000000 0.548660000000000 0.455010000000000 0.479880000000000 0.557763333333333 0.451460000000000 0.455000000000000 5.927147107605367E-010 9.420936858266922E-009 0.000000000000000 0.215952035741819 0.990345995217155 3.980487255709847E-003 
2.500000000000002E-003 0.729986666666667 0.866666666666667 0.000000000000000 0.960000000000000 0.533330000000000 0.548660000000000 0.455010000000000 0.479880000000000 0.557763333333333 0.451460000000000 0.455000000000000 5.445676446063253E-003 8.655660643732604E-002 0.000000000000000 0.408022029872289 0.923805603800220 3.980487255709847E-003 
0.135833333333333 0.596656666666667 1.00000000000000 0.000000000000000 0.960000000000000 0.533330000000000 0.548660000000000 0.588340000000000 0.479880000000000 0.424430000000000 0.451463333333333 0.455000000000000 1.622648460831539E-009 2.579127599691716E-008 0.000000000000000 0.591202195673984 0.804797810280852 0.216363009472711 
2.500000000000002E-003 0.596656666666667 0.866666666666667 0.000000000000000 0.960000000000000 0.533330000000000 0.548660000000000 0.588340000000000 0.479880000000000 0.424430000000000 0.451463333333333 0.455000000000000 7.897087075611809E-003 0.125520688710613 0.000000000000000 0.591696097001633 0.823464829105344 4.012506891909124E-003 
0.135833333333333 0.863320000000000 1.00000000000000 0.000000000000000 0.960000000000000 0.533330000000000 0.548660000000000 0.455010000000000 0.479880000000000 0.557763333333333 0.451460000000000 0.455000000000000 5.792785368375522E-010 9.207374846312286E-009 0.000000000000000 0.211056646680990 0.967895968595419 0.214636441759079 
2.500000000000002E-003 0.863320000000000 0.866666666666667 0.000000000000000 0.960000000000000 0.533330000000000 0.548660000000000 0.455010000000000 0.479880000000000 0.557763333333333 0.451460000000000 0.455000000000000 2.819226195238159E-003 4.481034719119909E-002 0.000000000000000 0.211232967335357 0.990345995217155 3.980487255709847E-003 
4.050000000000001E-002 0.689990000000000 1.00000000000000 0.160000000000000 1.00000000000000 0.613330000000000 0.748660000000000 0.588340000000000 0.559880000000000 0.544430000000000 0.518130000000000 0.455000000000000 9.423739408598744E-016 2.155900191734286E-008 5.535411026177617E-009 0.509210230341360 0.961694309636347 6.932101222565594E-002 
6.074999999999998E-002 0.609990000000000 0.880000000000000 0.120000000000000 0.928000000000000 0.613330000000000 0.468660000000000 0.508340000000000 0.399880000000000 0.624430000000000 0.358130000000000 0.535000000000000 1.261265862315870E-002 0.111044535150928 2.131907946542959E-002 0.596423121845853 0.863897978948931 0.101069864160977 
2.500000000000002E-003 0.729986666666667 1.00000000000000 0.000000000000000 0.960000000000000 0.533330000000000 0.548660000000000 0.455010000000000 0.479880000000000 0.557763333333333 0.451460000000000 0.455000000000000 1.144900166249761E-009 1.819767921976881E-008 0.000000000000000 0.417137481378747 0.923805603800220 3.980487255709847E-003 
0.135833333333333 0.729986666666667 0.866666666666667 0.000000000000000 0.960000000000000 0.533330000000000 0.548660000000000 0.455010000000000 0.479880000000000 0.424430000000000 0.451460000000000 0.455000000000000 5.334695400797733E-003 8.479261205532506E-002 0.000000000000000 0.399706678819929 0.904978757852365 0.215139186306786 
0.135833333333333 0.863320000000000 0.866666666666667 0.000000000000000 0.960000000000000 0.533330000000000 0.548660000000000 0.455010000000000 0.479880000000000 0.424430000000000 0.451460000000000 0.455000000000000 2.761771318312144E-003 4.389712746188790E-002 0.000000000000000 0.206928110860390 0.970163078583690 0.215139186306786 
6.750000000000000E-002 0.147083333333333 3.442500000000001E-002 0.000000000000000 0.000000000000000 0.395830000000000 0.447500000000000 0.582500000000000 0.453333333333333 0.427500000000000 0.460000000000000 0.566666666666667 0.999306406390076 0.000000000000000 0.000000000000000 5.408989035712708E-002 0.235419447217514 0.109417037830445 
6.750000000000000E-002 1.375000000000001E-002 0.167758333333333 0.000000000000000 0.000000000000000 0.395830000000000 0.447500000000000 0.582500000000000 0.453333333333333 0.427500000000000 0.460000000000000 0.566666666666667 0.992365798122167 0.000000000000000 0.000000000000000 0.267728333377844 2.220334306742448E-002 0.109417037830445 
6.750000000000000E-002 1.375000000000001E-002 3.442500000000001E-002 0.133333333333333 0.000000000000000 0.395830000000000 0.447500000000000 0.582500000000000 0.453333333333333 0.427500000000000 0.460000000000000 0.566666666666667 1.00391599351850 0.000000000000000 0.213388937903194 5.555336996298039E-002 2.220334306742448E-002 0.109417037830445 
6.750000000000000E-002 1.375000000000001E-002 3.442500000000001E-002 0.000000000000000 0.133333333333333 0.395830000000000 0.447500000000000 0.582500000000000 0.453333333333333 0.427500000000000 0.460000000000000 0.566666666666667 1.00391599351850 0.213388937903194 0.000000000000000 5.555336996298039E-002 2.220334306742448E-002 0.109417037830445 
0.200833333333333 1.375000000000001E-002 0.167758333333333 0.000000000000000 0.000000000000000 0.395830000000000 0.447500000000000 0.582500000000000 0.320000000000000 0.427500000000000 0.460000000000000 0.566666666666667 0.976454100917452 0.000000000000000 0.000000000000000 0.263435549223158 2.184733233782275E-002 0.330153965238985 
0.267500000000000 0.213750000000000 0.234420000000000 0.200000000000000 0.200000000000000 0.395830000000000 0.647500000000000 0.582500000000000 0.320000000000000 0.427500000000000 0.460000000000000 0.700000000000000 0.813773922561411 0.264411183586222 0.278018371996764 0.347120382889764 0.336522320528096 0.456341496054447 
0.267500000000000 0.213750000000000 0.234420000000000 3.999999999999998E-002 0.000000000000000 0.395830000000000 0.647500000000000 0.622500000000000 0.320000000000000 0.427500000000000 0.460000000000000 0.700000000000000 0.904492807354175 0.000000000000000 5.690586559573281E-002 0.349664821183697 0.338989073623913 0.459686539546290 
0.000000000000000 0.171000000000000 0.234420000000000 0.000000000000000 0.200000000000000 0.195830000000000 0.447500000000000 0.382500000000000 0.520000000000000 0.627500000000000 0.339999999999999 0.500000000000000 0.984955354811952 0.320031404208289 0.000000000000000 0.399575836545159 0.305551158208715 0.000000000000000 
0.000000000000000 8.550000000000001E-002 0.000000000000000 0.120000000000000 0.200000000000000 0.595830000000000 0.487500000000000 0.662500000000000 0.450000000000000 0.627500000000000 0.340000000000000 0.500000000000000 0.999956416371450 0.324905544718361 0.200568410926503 0.000000000000000 0.144625362103628 0.000000000000000 
0.000000000000000 0.117562500000000 0.000000000000000 0.120000000000000 0.200000000000000 0.595830000000000 0.487500000000000 0.662500000000000 0.450000000000000 0.627500000000000 0.340000000000000 0.500000000000000 0.991886704870869 0.322283536430909 0.198949811169746 0.000000000000000 0.198327229441332 0.000000000000000 
0.000000000000000 0.117562500000000 0.000000000000000 0.120625000000000 0.200000000000000 0.595830000000000 0.487500000000000 0.661250000000000 0.451250000000000 0.627500000000000 0.338750000000000 0.500000000000000 0.991584264031329 0.322185267442274 0.199950178476988 0.000000000000000 0.198303990166941 0.000000000000000 
0.000000000000000 0.122906250000000 0.000000000000000 0.121250000000000 0.200000000000000 0.594580000000000 0.487500000000000 0.665000000000000 0.452500000000000 0.627500000000000 0.337500000000000 0.500000000000000 0.990971511985238 0.321986172227670 0.200887392478033 0.000000000000000 0.207451649445404 0.000000000000000 
0.000000000000000 0.122906250000000 0.000000000000000 0.121250000000000 7.999999999999999E-002 0.595830000000000 0.487500000000000 0.665000000000000 0.452500000000000 0.627500000000000 0.337500000000000 0.500000000000000 1.03398043303936 0.130622109104742 0.200931613439848 0.000000000000000 0.207497315384692 0.000000000000000 
5.350000000000001E-002 0.213750000000000 0.187536000000000 0.160000000000000 4.000000000000001E-002 0.555830000000000 0.527500000000000 0.702500000000000 0.412500000000000 0.587500000000000 0.340000000000000 0.780000000000000 1.01319199900115 6.374463925975118E-002 0.260657846317167 0.318009673803629 0.382229725239256 9.772079005389308E-002 
0.267500000000000 8.550000000000001E-002 0.234420000000000 0.000000000000000 0.200000000000000 0.595830000000000 0.647500000000000 0.382500000000000 0.520000000000000 0.627500000000000 0.340000000000000 0.500000000000000 0.872672298686042 0.283548426634515 0.000000000000000 0.354024943439021 0.132888267061653 0.443423101261803 
0.267500000000000 0.213750000000000 9.376799999999998E-002 0.000000000000000 0.200000000000000 0.595830000000000 0.567500000000000 0.382500000000000 0.520000000000000 0.547500000000000 0.260000000000000 0.500000000000000 0.882167051433726 0.286633458904868 0.000000000000000 0.137618126991954 0.327236499240083 0.443749446968324 
0.267500000000000 0.213750000000000 0.234420000000000 0.000000000000000 0.200000000000000 0.595830000000000 0.487500000000000 0.382500000000000 0.520000000000000 0.467500000000000 0.260000000000000 0.500000000000000 0.827758762753849 0.268955133748582 0.000000000000000 0.335804459023528 0.325551887369769 0.441465027022675 
0.267500000000000 0.171000000000000 0.000000000000000 0.200000000000000 0.200000000000000 0.435830000000000 0.327500000009143 0.422500000000000 0.480000000000057 0.547500000000000 0.260000000000000 0.820000000000000 0.957477151365724 0.311103194425932 0.327113257707898 0.000000000000000 0.291377444757765 0.490553295504902 
5.000000000000004E-003 7.500000000000001E-002 1.166600000000001E-002 0.210010000000000 7.000000000000001E-002 0.479996666666667 0.470000000000000 0.470000000000000 0.540000000000000 0.552500000000000 0.520000000000000 0.480000000000000 0.940531449093104 0.103835641585892 0.323988989308294 1.833016988395873E-002 0.118398399092111 7.911677414555923E-003 
0.138333333333333 7.500000000000001E-002 1.166600000000001E-002 0.210010000000000 7.000000000000001E-002 0.479996666666667 0.470000000000000 0.470000000000000 0.540000000000000 0.552500000000000 0.520000000000000 0.480000000000000 0.918442721193912 0.101397023254267 0.316379988424735 1.789967908505655E-002 0.115617769030493 0.217173503271746 
5.000000000000004E-003 0.208333333333333 1.166600000000001E-002 0.210010000000000 7.000000000000001E-002 0.479996666666667 0.470000000000000 0.470000000000000 0.540000000000000 0.552500000000000 0.520000000000000 0.480000000000000 0.896834008007192 9.901139904175116E-002 0.308936340312416 1.747854337070244E-002 0.323794119036848 7.911677414555923E-003 
5.000000000000004E-003 7.500000000000001E-002 0.144999333333333 0.210010000000000 7.000000000000001E-002 0.479996666666667 0.470000000000000 0.470000000000000 0.540000000000000 0.552500000000000 0.520000000000000 0.480000000000000 0.916394787817802 0.101170929298303 0.315674527841427 0.225877701234737 0.118398399092111 7.911677414555923E-003 
5.000000000000004E-003 7.500000000000001E-002 1.166600000000001E-002 0.343343333333333 7.000000000000001E-002 0.479996666666667 0.470000000000000 0.470000000000000 0.540000000000000 0.552500000000000 0.520000000000000 0.480000000000000 0.853024275493637 9.417475940823595E-002 0.513644636396306 1.833016988395873E-002 0.118398399092111 7.911677414555923E-003 
5.000000000000004E-003 7.500000000000001E-002 1.166600000000001E-002 7.667666666666667E-002 7.000000000000001E-002 0.479996666666667 0.470000000000000 0.470000000000000 0.540000000000000 0.552500000000000 0.520000000000000 0.480000000000000 0.986932882917207 0.108958407715910 0.120173467930665 1.833016988395873E-002 0.118398399092111 7.911677414555923E-003 
5.000000000000004E-003 7.500000000000001E-002 1.166600000000001E-002 0.210010000000000 0.203333333333333 0.479996666666667 0.470000000000000 0.470000000000000 0.540000000000000 0.552500000000000 0.520000000000000 0.480000000000000 0.898389934804204 0.297114072772103 0.323988989308294 1.833016988395873E-002 0.118398399092111 7.911677414555923E-003 
