350
 0. 0. 0. 0.86667 0. 0.5 0.48 0.5 0.46 0.46 0.38 0.38 0.21464270383347084 4.43901570453652E-34 1.0098407150095785 4.154133233005391E-34 9.475748832568898E-35 1.1278650223559109E-35
 0.020000000000000004 0. 0. 0.86667 0. 0.5 0.48 0.5 0.46 0.46 0.38 0.38 0.2141136059244396 0.0000010384382888016994 1.007348158744682 1.1289182774489093E-9 0.00005055270025102947 0.03222509847666243
 0.08000000000000002 0. 0. 0.86667 0. 0.5 0.48 0.5 0.46 0.46 0.38 0.38 0.21222725927125335 0.000006794537079456376 0.9984560962081569 0.0000017086648149439802 0.00040597987981713315 0.12893877231916817
 0.2 0. 0. 0.86667 0. 0.5 0.48 0.5 0.46 0.46 0.38 0.38 0.2076215192930887 0.000002245491901399135 0.9767557341239584 -0.000007685608376970616 -0.0006779590512041028 0.32175132722885164
 0.16 0. 0. 0.86667 0. 0.5 0.48 0.5 0.46 0.46 0.38 0.38 0.2089344140652613 0.000001019609538208531 0.9829786550138276 -5.830016765591329E-7 -0.000292147342387106 0.2574705117230701
 0.2 0.12000000000000002 0. 0.86667 0. 0.42 0.56 0.58 0.46 0.54 0.46 0.46 114.00580572314077 -0.00011135928599581448 544.0634581858081 -0.029078032630595916 0.9238445042586806 1.4448926155959276
 0.2 0. 0.04000000000000001 0.86667 0. 0.58 0.39999999999999997 0.42 0.46 0.38 0.3 0.3 0.21356593214382466 0. 1.0047710248896728 0.06101243243363551 0.007580760099801978 0.2221873990144008
 0.2 0. 0.12000000000000002 0.86667 0. 0.42 0.56 0.58 0.46 0.54 0.46 0.46 -23.436330374628717 0. -110.10854276101206 0.3008388728671756 -0.000006794248036219978 0.24897969980740897
 0.2 0. 0.2 0.86667 0. 0.3 0.68 0.7 0.46 0.66 0.58 0.58 0.13831821658451518 0. 0.9787674590744144 0.17445289752973414 0.031323262168723914 0.19338275084609552
 0.12 0.08000000000000002 0.04000000000000001 0.733338 0. 0.3 0.68 0.7 0.3 0.66 0.58 0.58 0.41063698047640046 0.009709151624539095 0.9043218678648458 0.1368165346432286 0.11428160838479634 0.1225165017027977
 0.16 0.04000000000000001 0.2 0.800004 0. 0.58 0.6400000000000001 0.6599999999999999 0.38 0.6200000000000001 0.54 0.54 0.33715271265076036 0. 0.9132127898280342 0.15490461339176909 0.061097383795848795 0.1787434137017623
 0.2 0.04000000000000001 0.08000000000000002 0.800004 0. 0.58 0.6400000000000001 0.6599999999999999 0.38 0.6200000000000001 0.54 0.54 0.3203356358613138 0. 0.912153056447231 0.15391650848618552 0.0763138134483123 0.21084665536361263
 0.16 0. 0.08000000000000002 0.800004 0. 0.58 0.6400000000000001 0.6599999999999999 0.38 0.6200000000000001 0.54 0.54 0.32626205830987914 0. 0.9259800657060349 0.1563023532930131 0. 0.1791245744457948
 0.16 0.04000000000000001 0.08000000000000002 1. 0. 0.58 0.6400000000000001 0.6599999999999999 0.38 0.6200000000000001 0.54 0.54 0.029435666854922455 0. 0.9662468453681095 0.1219758649216451 0.1288275796172409 0.2186175293314622
 0.16 0.04000000000000001 0.08000000000000002 0.800004 0. 0.58 0.6400000000000001 0.6599999999999999 0.66 0.6200000000000001 0.54 0.54 0.3393180183012133 0. 0.9185299345034117 0.15581649864387906 0.030728092167505335 0.1791003069050903
 0.2 0. 0.12000000000000002 0.86667 0.2 0.42 0.56 0.58 0.46 0.54 0.46 0.46 -23.83611038291465 -4.967123067705877 -114.42704014926096 0.30664767901061846 -0.0000060097379733922625 0.48198805040550796
 0.16 0.04000000000000001 0.14 0.933336 0.16 0.5 0.6000000000000001 0.49999999999999994 0.5800000000000001 0.46 0.38 0.38 0.06649405315672582 0.007216655003020539 0.982889323244009 0.1676999533844195 0.06031831531747917 0.2196640539773015
 0.2 0. 0. 1. 0.2 0.3 0.4 0.3 0.6200000000000001 0.38 0.30000000000000004 0.18 -0.0017965975404736502 -0.0030857358063666887 1.241884661239203 -0.0028954958181658845 -0.0052927483803047294 0.4219783755021714
 0.2 0.2 0.12000000000000002 0.86667 0.2 0.42 0.56 0.58 0.46 0.54 0.46 0.46 0.1815540235365651 0.060687338382114826 0.8991000867399244 0.1775444888450016 0.30243291823655166 0.3143032700691444
 0.03999999999999998 0. 0.2 1. 0.2 0.3 0.4 0.3 0.6200000000000001 0.38 0.30000000000000004 0.18 -0.005083495143904301 -0.013101529578473676 1.2161148866556577 0.3943606408973064 -0.03807049078408152 0.10222903576740079
 0.03999999999999998 0. 0. 0.66667 0.2 0.3 0.4 0.3 0.6200000000000001 0.38 0.30000000000000004 0.18 0.5892742108313397 0.181495313441247 1.17894277211494 -0.1569487806506122 -0.03984203282080209 -0.012354637115706352
 0.2 0. 0.20000000000000004 0.733338 0.2 0.58 0.6400000000000001 0.7 0.38 0.6200000000000001 0.54 0.58 0.35301503588999733 0.027252093804812878 0.9019735083779756 0.16198829402762746 0.05073224590017433 0.1823852806661753
 0.03999999999999998 0. 0. 1. 0.2 0.7 0.4 0.3 0.6200000000000001 0.38 0.30000000000000004 0.18 0.020105399797797727 0.022315478453083796 1.2593647248859756 3.045681530049315E-17 0.011317876882393635 0.06572350766874983
 0.12 0. 0.04000000000000001 1. 0.2 0.3 0.68 0.41999999999999993 0.54 0.46 0.38 0.30000000000000004 0.0004856864304586987 0.0012832016153286412 1.0175226220422147 0.08231757756225647 -0.0067885764585278825 0.2246275869791183
 0.03999999999999998 0. 0. 1. 0.2 0.3 0.4 0.7 0.6200000000000001 0.38 0.30000000000000004 0.18 0.005596043577193814 0.00026390685826266266 1.0559102273207528 0. 0. 0.005613301582674985
 0.12 0. 0.04000000000000001 1. 0.2 0.3 0.48000000000000004 0.41999999999999993 0.26 0.46 0.38 0.30000000000000004 -0.0029077492486533287 0.000023942792661037765 1.08075246953144 0.08073672494406785 -0.007205525799916235 0.22469653559420788
 0.12 0. 0.04000000000000001 1. 0.2 0.3 0.48000000000000004 0.41999999999999993 0.54 0.66 0.38 0.30000000000000004 0.00167753411444877 0.004391511232915665 1.0769247544461706 0.06995422894657562 -0.0014129560071667279 0.20362528916742484
 0.12 0. 0.04000000000000001 1. 0.2 0.3 0.48000000000000004 0.41999999999999993 0.54 0.46 0.58 0.30000000000000004 -0.016776116775055677 -0.0027683378524799135 0.9854711936577143 0.08118582406242329 -0.03595873891973145 0.21586821433183215
 0.03999999999999998 0. 0. 1. 0.2 0.3 0.4 0.3 0.6200000000000001 0.38 0.30000000000000004 0.58 0.011753803982026708 0.003017859178654616 1.0453418179406746 0.09821298702414406 0. 0.06889033255912096
 0.2 0. 0.20000000000000004 0.733338 0.16 0.58 0.28 0.7 0.38 0.6200000000000001 0.54 0.58 0.43645153172375367 0.039165067250487275 0.9372013694280381 0.1850972886601963 0.06723462885307319 0.0680257181751091
 0.2 0. 0.20000000000000004 0.733338 0.16 0.58 0.6400000000000001 0.7 0.38 0.26 0.54 0.58 0.3569179888493813 0.010657635680068323 0.9061519016003721 0.16198613855275912 0.04965792655232406 0.18215783018479026
 0.2 0. 0.20000000000000004 0.733338 0.16 0.58 0.6400000000000001 0.7 0.38 0.6200000000000001 0.18 0.58 0.296004236250947 0.010782805877775112 0.9414306821252012 0.1853165116966532 0.03442469207340505 0.20194419806032823
 0.2 0. 0.20000000000000004 0.733338 0.16 0.58 0.6400000000000001 0.7 0.66 0.6200000000000001 0.54 0.58 0.37148436648789895 0.017106365491882325 0.9028184938681488 0.1624296901811305 0.03439807417214702 0.16781689545778308
 0.2 0. 0.2 0.66667 0.12 0.7 0.68 0.3 0.3 0.66 0.58 0.58 0.3938684574648648 0.014038216411783811 0.9022467319318803 0.15365870013264354 0.07418032509507767 0.14149278228107887
 0.2 0. 0.2 0.66667 0.12 0.7 0.68 0.7 0.3 0.66 0.58 0.18 0.31381903671998956 0.008048531226619731 0.9377745884691217 0.18527546395408653 0.0197135182257436 0.18458586638514893
 0. 0. 0.2 0.66667 0.12 0.7 0.68 0.7 0.3 0.66 0.58 0.58 0.41012673123799215 0.01042010837100398 0.9158208479910005 0.1665756767657977 0.014144210731026766 0.014144210731026766
 0.2 0. 0. 0.66667 0.12 0.7 0.68 0.7 0.3 0.66 0.58 0.58 0.4017546048868452 0.006158059892869589 0.903842876705992 0.15669653453386448 0.030474417781086463 0.11223836462997401
 0.2 0. 0.2 1. 0.12 0.7 0.68 0.7 0.3 0.66 0.58 0.58 0.07736806310584797 6.543062690086746E-10 0.969036666174069 0.15476624046878143 0.06201314114731185 0.21167790664424474
 0.2 0. 0.2 0.66667 0.12 0.3 0.68 0.7 0.3 0.66 0.58 0.58 0.4128637963441512 0.016730588571496088 0.9086384150713759 0.16355960856618154 0.06321005055367596 0.14510628286022476
 0.12 0. 0.04000000000000001 1. 0. 0.3 0.48000000000000004 0.41999999999999993 0.54 0.46 0.38 0.30000000000000004 -0.00012893066175291844 -0.00035165769917937435 1.0377795572643476 0.06641311248434886 0.0003955609896760637 0.19893340666880446
 0.03999999999999998 0.16000000000000003 0.14 0.733338 0.16 0.62 0.6000000000000001 0.62 0.33999999999999997 0.5800000000000001 0.46 0.46 0.3687892331236394 0.03434634583489841 0.8952243666039092 0.16391771635808566 0.1654752145834891 0.08610120914113278
 0. 0. 0.12000000000000002 0.86667 0.2 0.42 0.56 0.58 0.46 0.54 0.46 0.46 0.1970319600325868 0.06407314251557389 0.97263002107852 0.1885780157623542 0.0010235822126569516 0.0003090501410831899
 0.2 0. 0.08000000000000002 1. 0.2 0.33999999999999997 0.56 0.49999999999999994 0.54 0.54 0.38 0.30000000000000004 0.029065840760200017 0.007874316307266854 1.0013582642760057 0.09658850795273874 0.025012475978285532 0.2140830512084724
 0.2 0.04000000000000001 0.2 1. 0.2 0.33999999999999997 0.56 0.49999999999999994 0.54 0.54 0.38 0.30000000000000004 0.04193467057248814 0.0072143763665209505 0.9893932133889096 0.18834399268106633 0.05727809214644468 0.20253650132711232
 0.2 0.08000000000000002 0.04000000000000001 0.66667 0.2 0.3 0.56 0.41999999999999993 0.6200000000000001 0.54 0.30000000000000004 0.18 0.27509960270711836 0.04975153290397332 0.9457662837211597 0.04542712970578297 0.24299277742239989 0.21190582133704497
 0.2 0. 0.16000000000000003 0.733338 0.2 0.5 0.56 0.6599999999999999 0.38 0.54 0.54 0.58 0.33653090698890575 0.03166253720909988 0.9011989478322557 0.16081740065614705 0.06525118967189475 0.19961212433958211
 0.2 0.04000000000000001 0.08000000000000002 1. 0.2 0.7 0.56 0.49999999999999994 0.54 0.54 0.38 0.30000000000000004 4.128205087910823E-8 1.4797342542530739E-8 0.9811151118943049 0.1201852292287107 0.05947145115232469 0.33132953487186473
 0.2 0. 0.12000000000000002 0.86667 0.2 0.42 0.68 0.58 0.46 0.54 0.46 0.46 0.20649692401814906 0.15642170299287195 0.9643195664622447 0.18641681602042304 0.0032463133029497215 0.3165200781770438
 0.2 0. 0.12000000000000002 0.86667 0.2 0.42 0.28 0.58 0.46 0.54 0.46 0.46 0.19806910037639314 0.02841306966809392 0.9678540556980526 0.11462688191744612 0.06773335587958275 0.21808095419255827
 0.2 0.04000000000000001 0.08000000000000002 1. 0.2 0.33999999999999997 0.56 0.7 0.54 0.54 0.38 0.30000000000000004 0.033071776176631054 0.009344840713407182 1.0067761527900443 0.07606242228390321 0.08147387987722446 0.19466951392966364
 0.2 0. 0.12000000000000002 0.86667 0.2 0.42 0.56 0.58 0.46 0.54 0.46 0.46 -23.83611038291465 -4.967123067705877 -114.42704014926096 0.30664767901061846 -0.0000060097379733922625 0.48198805040550796
 0.18 0. 0.12000000000000002 0.86667 0.2 0.42 0.56 0.58 0.46 0.54 0.46 0.46 -23.82301785627246 -4.964472742104397 -114.36414235443732 0.30709854041187334 -0.000006353067772099918 0.4505742634548401
 0.2 0.020000000000000004 0.12000000000000002 0.86667 0.2 0.42 0.56 0.58 0.46 0.54 0.46 0.46 -20.539962924763433 -4.273361774004292 -98.60257488389723 0.2892817234288105 0.03052358977820227 0.45895020152857097
 0.2 0. 0.14 0.86667 0.2 0.42 0.56 0.58 0.46 0.54 0.46 0.46 -47.51517890022432 -9.92361271277526 -228.1133057761285 0.4591541484701344 -0.00003683396335017323 0.6478058074185197
 0.2 0. 0.2 0.86667 0.2 0.42 0.56 0.58 0.46 0.54 0.46 0.46 -1.3039885828818496 -0.2413602136119854 -6.227567377371559 0.30284962689033673 -0.006172157953700843 0.32124696432758304
 0.2 0. 0.16000000000000003 0.86667 0.2 0.42 0.56 0.58 0.46 0.54 0.46 0.46 -69.78074116972851 -14.583985579573325 -335.0129640210592 0.6042729736407724 -0.00013737427455685412 0.8036921029542847
 0.18 0. 0.16000000000000003 0.86667 0.2 0.42 0.56 0.58 0.46 0.54 0.46 0.46 -69.95531476222827 -14.6205236052721 -335.85121823603004 0.6057013976497485 -0.00010866151515167672 0.7735975914479523
 0.11999999999999994 0. 0.16000000000000003 0.86667 0.2 0.42 0.56 0.58 0.46 0.54 0.46 0.46 -65.89212536361926 -13.768646868692665 -316.34161407412904 0.5863871844028459 0.00014081795786409683 0.6514370722223086
 0.15999999999999998 0. 0.16000000000000003 0.86667 0.2 0.42 0.56 0.58 0.46 0.54 0.46 0.46 -70.43245812557926 -14.720418243170185 -338.14214589738856 0.6087112068892337 -0.00007092979204109333 0.7456332587402292
 0.09999999999999992 0. 0.16000000000000003 0.86667 0.2 0.42 0.56 0.58 0.46 0.54 0.46 0.46 -58.07064951249021 -12.129641767704786 -278.78678638456586 0.5466335299155333 0.0005182863715607694 0.5655853460010046
 0.15999999999999998 0. 0.2 0.86667 0.2 0.33999999999999997 0.6400000000000001 0.7 0.38 0.6200000000000001 0.54 0.58 0.16985169483648377 0.01634485880854699 0.9618984941613979 0.1651788727865706 0.04695606207697762 0.18831248874716253
 0.15999999999999998 0. 0.20000000000000004 0.86667 0.2 0.5 0.48000000000000004 0.41999999999999993 0.54 0.46 0.38 0.30000000000000004 0.1950963054421104 0.06388571643212106 0.9490665220269355 0.3136611791014716 -0.00003512248641420896 0.25713409763037137
 0.15999999999999998 0.04000000000000001 0.20000000000000004 0.86667 0.2 0.3 0.48000000000000004 0.41999999999999993 0.54 0.46 0.38 0.30000000000000004 0.2089804111566172 -0.005746115042280431 0.9482815907017691 0.26170061922175075 -0.10186855793903275 0.36596389408993296
 0.15999999999999998 0.04000000000000001 0.20000000000000004 0.86667 0.2 0.5 0.68 0.41999999999999993 0.54 0.46 0.38 0.30000000000000004 0.14336933585240313 0.010441162539985773 0.9823009003934386 0.21202189887613904 0.060966663125220664 0.15507864267484106
 0.15999999999999998 0.04000000000000001 0.20000000000000004 0.86667 0.2 0.5 0.48000000000000004 0.41999999999999993 0.54 0.66 0.38 0.30000000000000004 4.23117035731744E-8 1.4528077763520939E-8 1.0015360971635843 0.31575273519457714 0.06127762269485075 0.263762133796951
 0.15999999999999998 0.04000000000000001 0.20000000000000004 0.86667 0.2 0.5 0.48000000000000004 0.41999999999999993 0.54 0.46 0.58 0.30000000000000004 0.16779436920059523 0.026334893320669874 0.9467291650690727 0.16838983896967658 0.10510556850882313 0.20858530807603837
 0.15999999999999998 0.04000000000000001 0.20000000000000004 0.86667 0.2 0.5 0.48000000000000004 0.41999999999999993 0.26 0.46 0.38 0.30000000000000004 0.22659559467850865 0.06569552482726307 0.9565037102751163 0.4081939979836866 0.05167594932923496 0.3058166946933053
 0.15999999999999998 0.08000000000000002 0.2 0.86667 0.2 0.58 0.4 0.7 0.6200000000000001 0.38 0.30000000000000004 0.18 0.11397916566784122 0.006685307961237424 0.9910723744615307 0.21322093703838552 0.09708286410079695 0.17104900418208682
 0.15999999999999998 0.08000000000000002 0.2 0.86667 0.2 0.58 0.4 0.3 0.6200000000000001 0.38 0.30000000000000004 0.58 0.12898696361876566 0.011649122875774087 0.9566111850761176 0.1991308557684396 0.11403466577217737 0.2179444599367954
 0. 0. 0.16000000000000003 0.86667 0.2 0.42 0.56 0.58 0.46 0.54 0.46 0.46 0.1922539130233583 0.060251089793075675 0.9667496894448149 0.25077310925305946 0.0016421526049937992 0.0005057353372399186
 0.15999999999999998 0. 0.16000000000000003 1. 0.2 0.42 0.56 0.58 0.46 0.54 0.46 0.46 -0.00037365004047999105 0.0038162301005811123 0.9511254599857346 0.2438443634974821 0.0006358180741635916 0.249845082464202
 0.15999999999999998 0. 0.16000000000000003 0.66667 0.2 0.42 0.56 0.58 0.46 0.54 0.46 0.46 -48.063287586729416 462.0679237659986 0.8619700310657129 0.24610438221397823 0.03502573855020234 0.25274878359367364
 0.15999999999999998 0. 0.16000000000000003 0.86667 0. 0.42 0.56 0.58 0.46 0.54 0.46 0.46 -70.97896509435185 2.5255971299746993E-17 -333.5319291924457 0.5924750998341751 -0.0002989148750450515 0.05085887282813184
 0.15999999999999998 0. 0.12000000000000002 0.86667 0.2 0.7 0.6400000000000001 0.7 0.38 0.6200000000000001 0.54 0.58 0.29713649751076726 0.014729675124228432 0.9278565329006029 0.1629120165471721 0.03511617790778791 0.11781981629384697
 0.15999999999999998 0. 0.12000000000000002 0.86667 0.2 0.33999999999999997 0.28 0.7 0.38 0.6200000000000001 0.54 0.58 0.394644120212469 0.046666669125909714 0.9638136955644309 0.1549765563847178 0.06377422241446311 0.05231181188980164
 0.15999999999999998 0. 0.12000000000000002 0.86667 0.2 0.33999999999999997 0.6400000000000001 0.7 0.38 0.26 0.54 0.58 0.146088951762051 0.003587030781293257 0.9802932554420918 0.1448204666536813 0.026448911417980468 0.1761996052973115
 0.15999999999999998 0. 0.12000000000000002 0.86667 0.2 0.33999999999999997 0.6400000000000001 0.7 0.38 0.6200000000000001 0.18 0.58 0.16783649931950395 0.003629240769254993 0.9846870549227945 0.15036670391577112 0.02601281798459482 0.16544152331646259
 0.15999999999999998 0.2 0.12000000000000002 0.86667 0.2 0.33999999999999997 0.6400000000000001 0.7 0.38 0.6200000000000001 0.54 0.58 0.20400153703379514 0.028265265927996216 0.9297912347087102 0.15629836111625253 0.21844743691196794 0.1993792208899832
 0.15999999999999998 0. 0.12000000000000002 0.86667 0.2 0.33999999999999997 0.6400000000000001 0.7 0.66 0.6200000000000001 0.54 0.58 0.14132146356675182 0.009694311035967657 0.9681128127642197 0.14515367512557167 0.042081375631323394 0.2160013214963302
 0.15999999999999998 0. 0.08000000000000002 0.86667 0.2 0.3 0.68 0.29999999999999993 0.3 0.66 0.58 0.58 0.14616980859065237 0.02225295231327459 0.9712328738846959 0.15882221738928362 0.08088200524653703 0.2236302026770579
 0.15999999999999998 0. 0.08000000000000002 0.86667 0.2 0.3 0.68 0.7 0.3 0.66 0.58 0.18 0.19268785884896744 0.054301995318086424 0.9840573464681448 0.0644238340364111 0.21126172542692126 0.15823541149551537
 0.15999999999999998 0.04000000000000001 0. 0.86667 0.2 0.5 0.48000000000000004 0.41999999999999993 0.54 0.46 0.38 0.30000000000000004 0.20124483547285732 0.06407054806477643 0.9844947548969931 0.000017184593189666658 0.06369225937763258 0.25787863390820975
 0.11999999999999997 0.04000000000000001 0.2 0.86667 0.2 0.5 0.6400000000000001 0.6599999999999999 0.46 0.54 0.54 0.54 0.2001276626431396 0.030805346780176563 0.9369310399861749 0.1617483565845602 0.09724410613922765 0.1824810024513593
 0.19999999999999998 0. 0.20000000000000004 0.86667 0.2 0.33999999999999997 0.68 0.49999999999999994 0.46 0.54 0.38 0.38 0.16560119081562932 0.02694988237677805 0.961221949301547 0.17683173801552737 0.05916287517389385 0.23585411290122488
 0.19999999999999998 0. 0.20000000000000004 0.86667 0.2 0.33999999999999997 0.48000000000000004 0.7 0.46 0.54 0.38 0.38 0.13738901751260318 0.023938443698444403 0.9849679930273587 0.1490727290771271 0.06096836067399614 0.20297298258236773
 0.19999999999999998 0. 0.20000000000000004 0.86667 0.2 0.33999999999999997 0.48000000000000004 0.49999999999999994 0.46 0.54 0.58 0.38 0.15138604847275747 0.031158764706321465 0.9634894840702267 0.14861774843547135 0.07893627171939473 0.2010690051247985
 0.19999999999999998 0. 0.20000000000000004 0.86667 0.2 0.33999999999999997 0.48000000000000004 0.49999999999999994 0.46 0.54 0.38 0.58 0.16653022735351478 0.02686449892874075 0.9518054250091719 0.17636036991369305 0.055002041789314476 0.20481638569546212
 0.03999999999999995 0. 0.20000000000000004 0.86667 0.2 0.33999999999999997 0.48000000000000004 0.49999999999999994 0.46 0.54 0.38 0.38 0.20159361727356226 0.0749515080950156 1.0026042039544851 0.3097805783237863 0.008115073544441548 0.06913216452184329
 0.19999999999999998 0.12000000000000002 0.20000000000000004 0.86667 0.2 0.33999999999999997 0.48000000000000004 0.49999999999999994 0.46 0.54 0.38 0.38 0.1867774066640094 0.08542944396177761 0.9127259859775211 0.3091764258047546 0.18156314958875833 0.3235087513891072
 0.19999999999999998 0. 0.20000000000000004 0.86667 0.2 0.6599999999999999 0.48000000000000004 0.49999999999999994 0.46 0.54 0.38 0.38 0.14588887432649564 0.015200332952747196 0.9736730716667857 0.1849987594828783 0.043501825698939386 0.20364126172001903
 0.15999999999999998 0. 0.16000000000000003 0.86667 0.03999999999999998 0.42 0.56 0.58 0.46 0.54 0.46 0.46 -72.56308487235097 -0.6488562364711539 -341.244493441513 0.6046041150508956 -0.000020950924446165405 0.07475258673762712
 0.15999999999999998 0. 0.16000000000000003 0.86667 0.2 0.42 0.56 0.58 0.66 0.54 0.46 0.46 0.18775821390759811 0.025033996452372358 0.9471618159530184 0.16122075307254505 0.0485408342471086 0.18373893978651615
 0.15999999999999998 0. 0.16000000000000003 0.86667 0.2 0.42 0.56 0.58 0.26 0.54 0.46 0.46 0.18793056949129242 0.015605761376951828 0.9604361493954455 0.168857224498353 0.03040351598876424 0.18216265628330613
 0.15999999999999998 0. 0.16000000000000003 0.86667 0.2 0.42 0.56 0.58 0.46 0.66 0.46 0.46 0.20627549948715018 0.07155533815217864 1.0124734656276657 0.24772607291016233 -0.0019215333729189577 0.25149869775915085
 0.15999999999999998 0. 0.16000000000000003 0.86667 0.2 0.42 0.56 0.58 0.46 0.26 0.46 0.46 0.21826904673208347 0.07218304466339916 0.9522915131367873 0.3203486196666836 -0.0339521206244205 0.3013190427232426
 0.11999999999999997 0.04000000000000001 0.12000000000000002 0.86667 0.2 0.5 0.32 0.6599999999999999 0.46 0.54 0.54 0.54 0.25226767545110834 0.04592001254749176 0.9507332558094053 0.1459928576801803 0.12206871793733211 0.12591338240991412
 0.11999999999999997 0.04000000000000001 0.12000000000000002 0.86667 0.2 0.5 0.6400000000000001 0.33999999999999997 0.46 0.54 0.54 0.54 0.20284102732457884 0.11924054518243697 0.9652271760472967 0.1859229920977199 0.06910723273298656 0.19100180535874614
 0.11999999999999997 0.04000000000000001 0.12000000000000002 0.86667 0.2 0.5 0.6400000000000001 0.6599999999999999 0.46 0.54 0.22000000000000003 0.54 0.1764616083378564 0.010211862734327165 0.9788288195637468 0.17538936410738198 0.016217138035962288 0.16732362108056317
 0.11999999999999997 0.04000000000000001 0.12000000000000002 0.86667 0.2 0.5 0.6400000000000001 0.6599999999999999 0.46 0.54 0.54 0.22000000000000003 0.19788090333436734 0.028073668787320174 0.9808616476181875 0.13880201029743675 0.09128941952972652 0.15781136087713318
 0.11999999999999997 0.04000000000000001 0.12000000000000002 0.86667 0.2 0.3 0.6400000000000001 0.6599999999999999 0.46 0.54 0.54 0.54 0.11934580383080653 0.018922715707726242 0.9756815895346302 0.1674271585048347 0.040479144496061735 0.16432322588742498
 0.15999999999999998 0. 0.16000000000000003 0.86667 0.2 0.42 0.56 0.58 0.46 0.54 0.46 0.46 -70.43245812557926 -14.720418243170185 -338.14214589738856 0.6087112068892337 -0.00007092979204109333 0.7456332587402292
 0.18 0. 0.16000000000000003 0.86667 0.2 0.42 0.56 0.58 0.46 0.54 0.46 0.46 -69.95531476222827 -14.6205236052721 -335.85121823603004 0.6057013976497485 -0.00010866151515167672 0.7735975914479523
 0.13999999999999996 0. 0.16000000000000003 0.86667 0.2 0.42 0.56 0.58 0.46 0.54 0.46 0.46 -69.32157520863814 -14.487485626552322 -332.8081758251074 0.6035255631208846 -0.000012593770057039308 0.7066164519243566
 0.15999999999999998 0.020000000000000004 0.16000000000000003 0.86667 0.2 0.42 0.56 0.58 0.46 0.54 0.46 0.46 -57.83028473815349 -12.080586439699424 -277.63621929789457 0.5425951610261168 0.030269412420163413 0.657195171624984
 0.15999999999999998 0. 0.18000000000000005 0.86667 0.2 0.42 0.56 0.58 0.46 0.54 0.46 0.46 -92.0231312735315 -19.239460601192466 -441.8015804048966 0.7502678846405373 -0.00018118514333920817 0.8967688700563098
 0.15999999999999998 0. 0.2 0.86667 0.2 0.42 0.56 0.58 0.46 0.54 0.46 0.46 -108.66634925861125 -22.72248394617975 -521.70695597889 0.8658999344521044 -0.0004994866251446494 1.0131354427586656
 0.2 0. 0.2 0.86667 0.2 0.42 0.56 0.58 0.46 0.54 0.46 0.46 -1.3039885828818496 -0.2413602136119854 -6.227567377371559 0.30284962689033673 -0.006172157953700843 0.32124696432758304
 0.07999999999999996 0. 0.2 0.86667 0.2 0.42 0.56 0.58 0.46 0.54 0.46 0.46 -11.021624059043562 -2.2681280419156344 -52.88143897377861 0.36636619159660355 0.0035732690981431954 0.2065376446779133
 0.15999999999999998 0.08000000000000002 0.2 0.86667 0.2 0.42 0.56 0.58 0.46 0.54 0.46 0.46 0.18336425141870796 0.07445281061041678 0.9091023606884474 0.2952165964982185 0.11855369696680006 0.24868227133642407
 0.15999999999999998 0. 0.2 1. 0.2 0.42 0.56 0.58 0.46 0.54 0.46 0.46 -0.00048744824492466115 0.005365440732540893 0.93884645326534 0.30399752566992405 0.0010263627451634874 0.2488666984492155
 0.15999999999999998 0. 0.2 0.733338 0.2 0.42 0.56 0.58 0.46 0.54 0.46 0.46 -77.88612592307578 744.9243711889727 0.8868459642143662 0.3055784432355968 0.05526744589984882 0.2520432460304262
 0.15999999999999998 0. 0.2 0.86667 0.12 0.42 0.56 0.58 0.46 0.54 0.46 0.46 -119.4011652111446 -24.996178126745292 -573.2602433880568 0.9221427676361548 -0.00006735880262231692 1.0886416349040668
 0.15999999999999998 0. 0.2 0.86667 0. 0.42 0.56 0.58 0.46 0.54 0.46 0.46 -124.93572938716022 0. -586.9197727265945 0.9463587437206705 -0.00003596817234578565 -0.12050853975739712
 0.13999999999999996 0.020000000000000004 0.18 0.86667 0.04000000000000001 0.42 0.56 0.58 0.46 0.54 0.46 0.46 -99.54383849918133 -0.4751373494490444 -467.9321297473366 0.7748340025008218 0.027984221831514586 -0.051750101341793
 0.2 0.04000000000000001 0.16 0.800004 0. 0.58 0.6400000000000001 0.6599999999999999 0.38 0.6200000000000001 0.54 0.54 0.32035022818612163 0. 0.912134446764859 0.15391440804318815 0.0764098304256317 0.21084594629021464
 0. 0. 0.2 0.933336 0. 0.3 0.48000000000000004 0.49999999999999994 0.54 0.46 0.38 0.38 0.10581931425069513 0.000001117668916516052 1.0112884656704806 0.3287981175545388 0.00023758942161391424 0.00016756177169719667
 0.19999999999999998 0.2 0.2 0.933336 0. 0.3 0.48000000000000004 0.49999999999999994 0.54 0.46 0.38 0.38 0.10343281591006022 -0.00010832927787746988 0.9435383829340852 0.3109765921786947 0.3182053161040142 0.32825104703752334
 0.11999999999999997 0. 0.16 0.800004 0. 0.58 0.6400000000000001 0.6599999999999999 0.38 0.6200000000000001 0.54 0.54 0.357909960649991 0. 0.9197169198627602 0.15691122130348056 0. 0.1434095114223373
 0.11999999999999997 0.04000000000000001 0.2 0.800004 0. 0.58 0.6400000000000001 0.6599999999999999 0.38 0.6200000000000001 0.54 0.54 0.3427673013919203 0. 0.9212834848831056 0.15640327718191055 0.030443128191218038 0.14402370096301406
 0.19999999999999998 0. 0. 0.933336 0. 0.3 0.48000000000000004 0.49999999999999994 0.54 0.46 0.38 0.38 0.10607428159213043 0.0000026634251506521944 1.0108415740151637 -0.0005964704251396808 -0.0001424505375558927 0.3282650090675091
 0.11999999999999997 0.04000000000000001 0.16 1. 0. 0.58 0.6400000000000001 0.6599999999999999 0.38 0.6200000000000001 0.54 0.54 0.02931195686151998 0. 0.9758871392749409 0.16212633447232563 0.07073983588613239 0.1848052563019419
 0.19999999999999998 0. 0.2 0.66667 0. 0.3 0.48000000000000004 0.49999999999999994 0.54 0.46 0.38 0.38 0.36938999689207025 0. 0.9068782692601983 0.16514491491647143 0.042964901756901354 0.2126687128334835
 0.2 0. 0.2 1. 0. 0.6599999999999999 0.4 0.41999999999999993 0.6200000000000001 0.38 0.30000000000000004 0.30000000000000004 0.03160482028111895 0. 0.9979778297777699 0.21283279396611637 0.03949420048514347 0.22066173914625895
 0.07999999999999996 0.08000000000000002 0.12 0.733338 0. 0.3 0.68 0.7 0.3 0.66 0.58 0.58 0.412615176831027 0.009893578562374772 0.9084229929819752 0.14083265220298563 0.1149119624845957 0.07592228921989665
 0.19999999999999998 0. 0.2 0.933336 0. 0.3 0.68 0.49999999999999994 0.54 0.46 0.38 0.38 0.0493243701832657 0. 0.9951112817681644 0.1987438972775826 0.042929613551950865 0.21048025672763104
 0.11999999999999997 0.04000000000000001 0.16 0.800004 0. 0.58 0.28 0.6599999999999999 0.38 0.6200000000000001 0.54 0.54 0.40252666139743043 0.02228628077627308 0.9471009619545518 0.17237725612080312 0.09061212404460643 0.04422543462588081
 0.19999999999999998 0. 0.2 0.933336 0. 0.3 0.48000000000000004 0.7 0.54 0.46 0.38 0.38 0.055010984789967875 0.00020842709281551524 1.0021729500497956 0.18228689752024133 0.036626359186925715 0.19634126636759974
 0.11999999999999997 0.04000000000000001 0.16 0.800004 0. 0.58 0.6400000000000001 0.3 0.38 0.6200000000000001 0.54 0.54 0.34284812793867325 0. 0.9244591349621762 0.15688822994314505 0.0324023639354751 0.11435674192749218
 0.11999999999999997 0.04000000000000001 0.16 0.800004 0. 0.58 0.6400000000000001 0.6599999999999999 0.66 0.6200000000000001 0.54 0.54 0.3438563943966584 0. 0.924363637414715 0.1569233848942086 0. 0.14357280128038136
 0.19999999999999998 0. 0.2 0.933336 0. 0.3 0.48000000000000004 0.49999999999999994 0.26 0.46 0.38 0.38 0.054091985765437126 0. 1.0017130427636298 0.19916446167432086 0.03890801615142623 0.19492447561119491
 0.19999999999999998 0. 0.2 0.933336 0. 0.3 0.48000000000000004 0.49999999999999994 0.54 0.66 0.38 0.38 0.06112643936952218 0. 0.9962814728931879 0.19172025258657674 0.015972793214765153 0.21055525106879758
 0.11999999999999997 0.04000000000000001 0.16 0.800004 0. 0.58 0.6400000000000001 0.6599999999999999 0.38 0.26 0.54 0.54 0.32914976381120287 0. 0.9348328794719989 0.16166604088010422 0.0479447424422952 0.1002335240983113
 0.19999999999999998 0. 0.2 0.933336 0. 0.3 0.48000000000000004 0.49999999999999994 0.54 0.46 0.58 0.38 0.10354542312794515 -6.097652654505006E-26 0.9691559390712016 0.3188085947778948 0.0017079940430721095 0.32685785660043293
 0.11999999999999997 0.04000000000000001 0.16 0.800004 0. 0.58 0.6400000000000001 0.6599999999999999 0.38 0.6200000000000001 0.18 0.54 0.2536016604236149 0. 0.966578783191151 0.19306666513688037 0.046646569509060556 0.1505420067053665
 0.19999999999999998 0. 0.2 0.933336 0. 0.3 0.48000000000000004 0.49999999999999994 0.54 0.46 0.38 0.58 0.1035454231279452 1.0421905243580576E-24 0.9691559390712015 0.3188085947778947 0.0017079940430721875 0.326857856600433
 0.11999999999999997 0.04000000000000001 0.16 0.800004 0. 0.58 0.6400000000000001 0.6599999999999999 0.38 0.6200000000000001 0.54 0.18 0.25360166042361487 0. 0.9665787831911508 0.19306666513688034 0.04664656950906055 0.1505420067053665
 0.2 0. 0.16 0.933336 0. 0.33999999999999997 0.56 0.49999999999999994 0.54 0.54 0.38 0.38 0.10193251037081778 -3.699954538872399E-18 0.9733692616374261 0.25332142686879305 -0.0000670104548532716 0.3256876359566691
 0.03999999999999995 0. 0.2 0.800004 0. 0.5 0.56 0.6599999999999999 0.38 0.54 0.54 0.54 0.3289332559268294 0.0017565471154045865 0.9429508220836127 0.16259182585917883 0.013663623428117768 0.04669376331586078
 0.15999999999999998 0.16000000000000003 0.2 0.86667 0. 0.42 0.56 0.58 0.46 0.54 0.46 0.46 -118.16846415696746 -0.00006732517100535682 -563.9494165640267 0.3312498676188943 -0.5208647714230008 -0.9189614862600681
 0.11999999999999997 0. 0.2 0.933336 0. 0.33999999999999997 0.56 0.49999999999999994 0.54 0.54 0.38 0.38 0.10263018534546471 -4.0062669236814375E-18 0.9800128538233288 0.31998614610932014 0.0000743534670604608 0.19478771477138604
 0.19999999999999998 0. 0.07999999999999999 0.800004 0. 0.5 0.56 0.6599999999999999 0.38 0.54 0.54 0.54 0.3064314833888879 0. 0.9215110663058429 0.15464989872012483 0.030911727118105466 0.21082852249328968
 0.19999999999999998 0. 0.2 1. 0. 0.5 0.56 0.6599999999999999 0.38 0.54 0.54 0.54 0.043975682469889844 0. 0.9757446845928419 0.16379820122901614 0.05327929830441683 0.20405857534258434
 0.11999999999999997 0. 0.16 0.666672 0. 0.33999999999999997 0.56 0.49999999999999994 0.54 0.54 0.38 0.38 0.38817537606936986 0. 0.905355890801902 0.16400387638805647 0.02937585616817728 0.18045573057761552
 0.11999999999999997 0. 0.16 0.933336 0. 0.6599999999999999 0.56 0.49999999999999994 0.54 0.54 0.38 0.38 0.10457948383858331 -2.628646208183359E-19 0.9948356575460765 0.2573690977799649 0.00008409701349388214 0.19729040718413274
 0.19999999999999998 0. 0.2 0.800004 0. 0.3 0.56 0.6599999999999999 0.38 0.54 0.54 0.54 0.26399910848149777 0. 0.9401593005588734 0.16339532028062956 0.03813284296862565 0.2023052181964519
 0.15999999999999998 0. 0.2 0.86667 0. 0.42 0.68 0.58 0.46 0.54 0.46 0.46 -124.96620958312072 0. -587.0547971139888 0.951292240672778 -0.000035977602420231576 -0.1194151719432964
 0.059999999999999956 0.16000000000000003 0.16 0.733338 0.04000000000000001 0.38 0.36 0.41999999999999993 0.5800000000000001 0.33999999999999997 0.26 0.26 0.44303130714088484 0.053718274303165586 1.0818634176635165 0.20956870052170865 0.37690989077398507 0.12138233279609183
 0.2 0. 0.2 0.86667 0. 0.42 0.68 0.58 0.46 0.54 0.46 0.46 -124.96761668153457 0. -587.0614167444849 0.9502448560759049 -0.00003597762364226598 -0.05567238201539346
 0.16 0.16000000000000003 0.03999999999999998 0.7666710000000001 0.04000000000000001 0.38 0.6000000000000001 0.41999999999999993 0.5800000000000001 0.5800000000000001 0.26 0.46 0.3464576973385727 0.02786860610044312 0.9219208070412652 0.06745389703073001 0.25290114307611744 0.2646001637252269
 0.2 0. 0.2 0.733338 0.08000000000000002 0.3 0.68 0.41999999999999993 0.6200000000000001 0.54 0.38 0.30000000000000004 0.3255271324213968 0.007714587790808273 0.9256754990123192 0.17170424092585462 0.049914749682354945 0.21753906191384403
 0.2 0. 0.2 0.86667 0. 0.42 0.68 0.58 0.46 0.54 0.46 0.46 -124.96761668153457 0. -587.0614167444849 0.9502448560759049 -0.00003597762364226598 -0.05567238201539346
 0.18 0. 0.2 0.86667 0. 0.42 0.68 0.58 0.46 0.54 0.46 0.46 -124.96691313232765 0. -587.0581069292368 0.9507685483743414 -0.000035977613031248775 -0.08754377697934493
 0.2 0.020000000000000004 0.2 0.86667 0. 0.42 0.68 0.58 0.46 0.54 0.46 0.46 -124.96830881518845 0. -587.0646732145808 0.9497320544540205 0.03114717898026294 -0.05567231892115923
 0.2 0.08000000000000002 0.2 0.86667 0. 0.42 0.68 0.58 0.46 0.54 0.46 0.46 -120.54028045748497 -2.2204604177562383E-15 -575.2667604296855 0.33540215150089936 -0.6586175339496764 -0.875758441054425
 0.2 0.2 0.2 0.86667 0. 0.42 0.68 0.58 0.46 0.54 0.46 0.46 -51.976560174571084 -0.0137731802579483 -248.05758491248258 0.3127336591791927 -0.030704307116432517 -0.19637018737296635
 0.18 0.14 0.2 0.86667 0. 0.42 0.68 0.58 0.46 0.54 0.46 0.46 -119.92469111440285 0.000013425202965165487 -572.3301398583768 0.3342137172395773 -0.5606306121802624 -0.9013301848145019
 0.03999999999999998 0.2 0.2 0.86667 0. 0.42 0.68 0.58 0.46 0.54 0.46 0.46 0.2007437284070933 4.758145413973576E-23 0.9228245641816842 0.28538014193835926 0.3187569929389438 0.10295847252528423
 0. 0.2 0.2 0.86667 0. 0.42 0.68 0.58 0.46 0.54 0.46 0.46 0.20135637325030387 5.034698388379049E-23 0.9233308514811671 0.2729127966264298 0.3181549320365587 0.056081259108566525
 0.04000000000000001 0.12 0.2 0.86667 0. 0.42 0.68 0.58 0.46 0.54 0.46 0.46 -30.91435893020049 -5.720459784247942E-16 -147.5460437441221 0.304354115056955 -0.01202540440855771 -0.21460180151151317
 0. 0.03999999999999998 0.2 1. 0. 0.3 0.52 0.3 0.6200000000000001 0.38 0.30000000000000004 0.18 0.010741784145729264 0.027943694475577433 1.1787393201913348 0.46908153661570967 0.1867343399299428 -0.13581278256788934
 0. 0. 0.03999999999999998 0.733338 0. 0.7 0.68 0.7 0.3 0.66 0.58 0.58 0.38048850714542776 0. 0.9229436475904546 0.15851111407766533 0.01406746596214201 0.01406746596214201
 0. 0. 0. 0.66667 0. 0.7 0.68 0.7 0.26 0.66 0.58 0.58 0.41276033282650587 0.0038639882426466324 0.9199402660750786 0.13681440629712235 0.014191811711987226 0.014191811711987226
 0.04000000000000001 0.16000000000000003 0.04000000000000001 0.900001 0. 0.62 0.56 0.41999999999999993 0.54 0.5800000000000001 0.49999999999999994 0.29999999999999993 0.11004068235254057 0. 0.9795222304330654 0.02970971706871811 0.27190394283496727 0.033158837031405985
 0.16000000000000003 0.2 0.16000000000000003 1. 0. 0.3800000000000001 0.28 0.3 0.66 0.3400000000000002 0.2599999999999999 0.18 0.014811142886791332 0.03847963117643351 1.2122631707905256 0.19604653523462376 0.5141073380308395 0.35751112291903364
 0.04000000000000001 0.14 0.04000000000000001 0.900001 0. 0.58 0.6000000000000001 0.41999999999999993 0.33999999999999997 0.42000000000000004 0.33999999999999997 0.29999999999999993 0.1773112877531458 0.0416774074171524 1.0571304106238475 0.07771510078588717 0.2170228974459979 0.0731061937518891
 0.2 0.16000000000000003 0. 0.66667 0. 0.7 0.68 0.7 0.26 0.66 0.58 0.58 0.3826381690860174 0. 0.8943133841740223 0.1542806229593632 0.11330865882961913 0.16274028500359602
 0. 0.16000000000000003 0.2 0.66667 0. 0.7 0.68 0.7 0.26 0.66 0.58 0.58 0.4059895391154095 0.0038510937679267694 0.9047568005912167 0.1648769861161856 0.12515925029491143 0.030176969392099663
 0.2 0.16000000000000003 0.2 0.66667 0.2 0.7 0.68 0.7 0.26 0.66 0.58 0.58 0.37227215999358276 0.031229623552204735 0.8877290817183465 0.15858176139310112 0.16077774098164122 0.18081905142643934
 0.2 0.16000000000000003 0.2 0.66667 0. 0.7 0.28 0.7 0.26 0.66 0.58 0.58 0.4364408408372755 0.025791825948571236 0.9324474125439922 0.16614250222579427 0.1382962579648618 0.06412256577070118
 0.04000000000000001 0. 0.04000000000000001 0.900001 0. 0.62 0.56 0.41999999999999993 0.54 0.5800000000000001 0.49999999999999994 0.29999999999999993 0.228117849353579 0. 0.988859144496353 0.09692094208493694 0. 0.047675677673447645
 0.2 0.16000000000000003 0.2 1. 0. 0.7 0.68 0.7 0.26 0.66 0.58 0.58 4.135309356119361E-8 0. 0.9460484683609861 0.11686594730756796 0.29419891435071394 0.15602922212642503
 0.2 0.16000000000000003 0.2 0.66667 0. 0.7 0.68 0.3 0.26 0.66 0.58 0.58 0.38844454519454513 0.014396415292896954 0.8913359153220324 0.15166306294725446 0.1422643632117271 0.17713623202910314
 0.2 0.16000000000000003 0.2 0.66667 0. 0.7 0.68 0.7 0.26 0.66 0.58 0.18 0.34747063139274154 0.013751230849592195 0.913087004252536 0.16914325306699282 0.10889088612665568 0.19290635053583693
 0.2 0.16000000000000003 0.2 0.66667 0. 0.7 0.68 0.7 0.66 0.66 0.58 0.58 0.38075911398262613 0. 0.8903296897129035 0.1535847916034173 0.14415944545229334 0.14832733116714697
 0.2 0.16000000000000003 0.2 0.66667 0. 0.7 0.68 0.7 0.26 0.26 0.58 0.58 0.398046164912183 0. 0.8940574682492695 0.15500012583364692 0.09832330639458076 0.14703627306110462
 0.2 0.16000000000000003 0.2 0.66667 0. 0.7 0.68 0.7 0.26 0.66 0.18 0.58 0.3474706313927415 0.013751230849592193 0.9130870042525359 0.16914325306699277 0.10889088612665565 0.19290635053583688
 0.2 0.16000000000000003 0.2 0.66667 0. 0.3 0.68 0.7 0.26 0.66 0.58 0.58 0.39320867083799105 0.008542590141642731 0.9025391280761768 0.15746107732516934 0.14923428501037403 0.14640542528082123
 0. 0.16000000000000003 0. 1. 0.2 0.7 0.28 0.3 0.66 0.26 0.18 0.18 0.024141357886603 0.0275716309073322 1.3198025191061238 4.81967956797992E-17 0.27784721627864606 0.000031415784813003
 0.04000000000000001 0.08000000000000002 0.04000000000000001 0.900001 0.03999999999999998 0.62 0.36000000000000004 0.42 0.5800000000000001 0.5800000000000001 0.5 0.3 4.6744506284115504E-8 3.6015998775521624E-9 1.075003709165528 0.07282452632278777 0.12643122919638047 0.06799535132507323
 0.2 0.2 0. 1. 0.2 0.7 0.28 0.3 0.66 0.26 0.18 0.18 0.008824002825488507 0.013896105149812906 1.2367094576422104 -0.022409795075392397 0.39787800095489423 0.39624990491266093
 0.03999999999999998 0.09999999999999999 0.04000000000000001 0.900001 0.03999999999999998 0.62 0.6000000000000001 0.42 0.5800000000000001 0.5800000000000001 0.5 0.3 0.15990595786661374 0. 0.9772802368130217 0.05415055957787365 0.2304732221299871 0.025452239881129293
 0.2 0.2 0.2 1. 0. 0.7 0.36000000000000004 0.7 0.26 0.42000000000000004 0.5800000000000001 0.58 4.151378709772479E-8 0. 0.9497247078153784 0.10631951501684883 0.30456634626283563 0.1288178242618288
 0.2 0.2 0. 0.66667 0. 0.7 0.68 0.7 0.26 0.66 0.58 0.58 0.3806068085752215 0. 0.8903594696338475 0.15358180702905974 0.14565642756665415 0.1482282777526449
 0.2 0.2 0. 1. 0.2 0.7 0.68 0.7 0.26 0.66 0.58 0.58 4.154183232255154E-8 1.3208195111164555E-9 0.9535422243334076 0. 0.30982156725540594 0.136162154295645
 0.2 0.2 0. 1. 0. 0.3 0.68 0.7 0.26 0.66 0.58 0.58 0.015235888988445627 0. 0.964275400229475 0.10409779514881518 0.239624128170942 0.1976247832970767
 0.2 0.2 0. 1. 0. 0.7 0.28 0.7 0.26 0.42000000000000004 0.5800000000000001 0.58 4.204821447711002E-8 0. 0.961950980632656 0. 0.31255326682306767 0.12159882727334931
 0.2 0.2 0. 1. 0. 0.7 0.68 0.3 0.26 0.66 0.58 0.58 4.186284631727929E-8 0. 0.9577102516184836 0. 0.3111754153367425 0.12142048513690319
 0.2 0.2 0. 1. 0. 0.7 0.68 0.7 0.66 0.66 0.58 0.58 0.019888298406949948 0.0002296592901389479 0.9576075053872628 0.05646555817507694 0.25717231781189714 0.19315607805632282
 0.2 0.2 0. 1. 0. 0.7 0.44000000000000006 0.7 0.26 0.26 0.58 0.58 4.20991858652237E-8 0. 0.9631170700228932 0. 0.3129321476134502 0.12173511099140737
 0.2 0.2 0. 1. 0. 0.7 0.6800000000000002 0.7 0.26 0.66 0.18 0.58 4.384721180560055E-8 0. 1.003107240555157 0. 0.3259288985246985 0.0651319699815977
 0.2 0.2 0. 1. 0. 0.7 0.68 0.7 0.26 0.66 0.58 0.18 4.277009377911378E-8 0. 0.9784656533981063 0. 0.3179223578134849 0.14868765879430432
 0.2 0. 0. 1. 0. 0.7 0.68 0.7 0.26 0.66 0.58 0.58 0.04516711937974315 0. 0.9595125066316488 0.09411922652783403 0.15044807642051367 0.22412134961596672
 0.2 0. 0.2 0.66667 0.2 0.3 0.28 0.3 0.66 0.26 0.18 0.18 0.5878504515723884 0.18002328430709907 1.2471936535957875 0.212972508766746 -0.03838207452265172 0.26579422703364863
 0. 0.2 0. 1. 0. 0.7 0.68 0.7 0.26 0.66 0.58 0.58 4.220581314952457E-8 0. 0.96555641785183 0.04312446859089971 0.31519761867049056 0.032055133820719076
 0. 0. 0.2 0.66667 0.2 0.3 0.28 0.7 0.66 0.26 0.18 0.18 0.22962156856416246 0.011760808052924619 1.0386875576965469 0.18740343353251726 0.00605118287304546 0.
 0. 0. 0.2 0.66667 0.2 0.3 0.28 0.3 0.26 0.26 0.18 0.18 0.1968261200143763 0.011710243652118184 1.077501506580966 0.1869313739182838 0.006025165634580621 0.
 0. 0. 0.20000000000000004 0.66667 0.2 0.3 0.28 0.3 0.66 0.26 0.58 0.18 0.30191157158996856 0.023147454779104085 0.9825696104220646 0.13712577672999376 0.08257754783290998 0.07646073897391747
 0. 0. 0.2 0.66667 0.2 0.3 0.28 0.3 0.66 0.26 0.18 0.58 0.29394303881846223 0.010162515780520595 0.992272400790558 0.16181192347929857 0.037766816504026045 0.047863289802805874
 0. 0. 0.08000000000000002 0.66667 0.2 0.3 0.28 0.3 0.66 0.66 0.18 0.18 0.12415793876911586 0.039650374230435485 1.0618438283442462 0.0957689198984337 0.17685824768784672 0.07970284361596645
 0. 0. 0.04000000000000001 0.66667 0.2 0.3 0.68 0.3 0.66 0.26 0.18 0.18 0.26336559031669 0.008437688301679905 1.1007053852088744 0.06999973279394486 0.03166682890524118 0.03771186933281042
 0.2 0.2 0. 1. 0.2 0.7 0.28 0.3 0.66 0.26 0.18 0.18 0.008824002825488507 0.013896105149812906 1.2367094576422104 -0.022409795075392397 0.39787800095489423 0.39624990491266093
 0.18 0.2 0. 1. 0.2 0.7 0.28 0.3 0.66 0.26 0.18 0.18 0.021858772606098933 0.03836859842402017 1.3262144003551228 -0.006914798945467006 0.36535068366393947 0.31613941986072847
 0.12 0.2 0. 1. 0.2 0.7 0.28 0.3 0.66 0.26 0.18 0.18 0.026228723240952146 0.04234038389314547 1.3474780073004609 -0.00031163616272422175 0.3489726992591295 0.1979092458189014
 0. 0.2 0. 1. 0.2 0.7 0.28 0.3 0.66 0.26 0.18 0.18 0.02388377497249676 0.02896689156825286 1.3131546160544936 8.487462672664914E-17 0.34349298200433065 0.000005949164952660348
 0.06000000000000001 0.2 0. 1. 0.2 0.7 0.28 0.3 0.66 0.26 0.18 0.18 0.02518596680214387 0.03587820382143559 1.3311551164509638 1.2170185744473585E-16 0.3458735557114783 0.09851844863299612
 0. 0.2 0. 1. 0.2 0.62 0.36000000000000004 0.38 0.66 0.34 0.26 0.26 0.013329821914526207 0.022224146553416948 1.1920854899092939 0.000015262698262088796 0.33799130711840963 -0.00008712290476701494
 0. 0.19999999999999993 0. 1. 0.2 0.37999999999999995 0.6000000000000001 0.62 0.66 0.5800000000000001 0.5 0.5 0.03298005570670305 0.009258571001158058 0.9861209077124696 0.07440221262290563 0.24588317392610892 0.058376431681999144
 0. 0.1999999999999996 0. 1. 0.2 0.3 0.68 0.7 0.66 0.66 0.58 0.58 0.018181562718097108 0.004368782249198511 0.9961888047691337 0.1866337441114269 0.24787620094759283 0.06244635361786899
 0.06000000000000001 0.19999999999999993 0. 1. 0.2 0.41999999999999993 0.56 0.58 0.66 0.54 0.46 0.46 0.034429116480571086 0.01118669139274576 0.9676611747975943 0.03609697746439133 0.2905187148071754 0.073543855102024
 0. 0.2 0. 0.866668 0.2 0.3 0.68 0.7 0.5 0.66 0.58 0.58 0.14479009271285823 0.025461385207073143 0.9797585160679748 0.11699313469427111 0.23971398990608894 0.07394536431294634
 0. 0.20000000000000018 0. 0.66667 0.2 0.3 0.68 0.7 0.26 0.66 0.58 0.58 0.4173384561550936 0.04147577455438952 0.9438134011131597 0.10751246770549892 0.18793048170207735 0.
 0.04000000000000001 0.20000000000000018 0. 0.733336 0.2 0.42 0.6000000000000001 0.62 0.34 0.5800000000000001 0.49999999999999994 0.49999999999999994 0.38136024291087806 0.13073608308055812 0.9067475716273747 0.00533068379199253 0.31722014647746977 0.06873923231545431
 0. 0. 0. 0.66667 0.2 0.3 0.68 0.7 0.26 0.66 0.58 0.58 0.4256039442069426 0.04170877873268306 0.9566358051897556 0.0769101972269864 0.09876432084554058 0.
 0.04000000000000001 0.06000000000000001 0. 0.733336 0.2 0.42 0.36 0.41999999999999993 0.34 0.33999999999999997 0.29999999999999993 0.29999999999999993 0.30484275624528545 0.033808907557818034 0.9744930569621081 0. 0.07875469978044339 0.04753573423986323
 0.16000000000000003 0.2 0. 0.933334 0.2 0.7 0.28 0.3 0.5800000000000001 0.26 0.18 0.18 0.13513356053803474 0.06397399597079174 1.3461595722212492 -0.000028022847695378743 0.3487494747666872 0.2626908399597431
 0.04000000000000001 0.06000000000000001 0. 0.733336 0.2 0.42 0.6000000000000001 0.41999999999999993 0.34 0.5800000000000001 0.29999999999999993 0.29999999999999993 0.41270989055786744 0.15720336461699935 0.9873479015385195 0.020227304078728914 0.11767871518122702 0.08162486401873903
 0.2 0. 0. 1. 0.2 0.3 0.28 0.3 0.66 0.26 0.18 0.18 5.6000664943003896E-8 1.819571958338061E-8 1.3470764458540319 0. 0. 0.4376916826091923
 0.03999999999999998 0.16000000000000003 0. 0.733336 0.2 0.42 0.36000000000000004 0.42 0.33999999999999997 0.34 0.3 0.3 0.25408020207837934 0.0646209958026614 0.9593184994670595 0.014509654702238547 0.2661038431466983 0.10332321469394753
 0. 0. 0.2 1. 0.2 0.3 0.28 0.3 0.66 0.26 0.18 0.18 -0.00003174618461902959 -0.0000821939604285639 1.3702585923233759 0.42891165684830257 -0.00006302838067954322 0.0015275349040483022
 0.16000000000000003 0.06000000000000001 0.03999999999999998 0.733336 0.2 0.42 0.36000000000000004 0.62 0.5800000000000001 0.34 0.3 0.3 0.25667976849299085 0.03468940021521215 0.9693882711863621 0.01695989505113913 0.10871111863563417 0.19433186131740962
 0. 0.2 0.2 0.66667 0.2 0.3 0.68 0.3 0.66 0.26 0.18 0.18 0.1703363206253695 0.004782846964616629 1.0545061227537422 0.22685729590552864 0.20795335264868733 0.014707248736406983
 0. 0. 0.2 1. 0. 0.7 0.28 0.7 0.26 0.66 0.58 0.58 0.14411625336485948 0.009067025423828255 0.9716629188910461 0.18609197460974242 0.15303307491743237 0.01204887127915173
 0. 0. 0. 0.66667 0. 0.7 0.28 0.7 0.26 0.66 0.58 0.58 0.4455084189699512 0.02461888349137998 0.9549915642516187 0.09023981844427666 0.06952377911706527 0.
 0. 0.2 0. 1. 0. 0.7 0.28 0.7 0.26 0.6600000000000001 0.58 0.58 0.03232786866906412 0.002033894688839964 0.9663525318939231 0.028791582960668676 0.30877121760112175 0.029756989364643865
 0. 0. 0. 1. 0. 0.7 0.68 0.7 0.26 0.42000000000000004 0.58 0.58 4.2523928238994026E-8 0. 0.972834042504258 0.05548120556735566 0.27562070192690163 0.02967644018419001
 0. 0. 0. 1. 0.2 0.7 0.28 0.7 0.26 0.66 0.58 0.58 0.24829813929490047 0.02922498261572238 0.9845070630484228 0.06649341311110464 0.12869959116492016 0.03183631305253215
 0. 0. 0. 1. 0. 0.3 0.28 0.7 0.26 0.66 0.58 0.58 0.32077210621267416 0.02018127052639332 1.0038560312688996 0.08993705521117888 0.06939074980112062 0.
 0. 0. 0. 1. 0. 0.7 0.28 0.3 0.26 0.66 0.58 0.58 0.034747720252690455 0.0021861388395508796 0.9754048330217555 0.012003256266743301 0.25136629725668924 0.02717064023623017
 0. 0. 0. 1. 0. 0.7 0.28 0.7 0.66 0.66 0.58 0.58 0.16341212797088256 0.0019530207287360068 0.990618482046559 0.13857949987596738 0.013389947740288684 0.03738937119255132
 0. 0. 0. 1. 0. 0.7 0.28 0.7 0.26 0.26 0.58 0.58 4.291055169730003E-8 7.311165049829316E-10 0.9832600279917156 0.03134817821095778 0.2741132318261902 0.029479861657577256
 0. 0. 0. 1. 0. 0.7 0.28 0.7 0.26 0.66 0.18 0.58 4.583236199198504E-8 8.274653451633438E-10 1.0503116120688596 0.019271551961565363 0.12674091159282141 0.012889238076025164
 0. 0. 0. 1. 0. 0.7 0.28 0.7 0.26 0.66 0.58 0.18 4.4724918177125004E-8 0. 1.0231868209914463 0. 0.12998769757818612 0.014830204947308022
 0.2 0.2 0.2 0.66667 0.2 0.7 0.68 0.3 0.66 0.26 0.18 0.18 0.2261551426573189 0.005208658148432676 0.9864594882333032 0.19474667286197214 0.1889942275999648 0.049226106774984915
 0.2 0.2 0.2 0.66667 0.2 0.3 0.68 0.7 0.66 0.26 0.18 0.18 0.23700017209725188 0.006568865409261175 0.9663047424705874 0.21211613966593962 0.18383217505721847 0.06604559020489534
 0.2 0.2 0.2 0.66667 0.2 0.3 0.68 0.3 0.26 0.26 0.18 0.18 0.13701930299093 0.028002132101716294 1.1524645369872946 0.08281827205406017 0.13721904444568214 0.11301358377852505
 0.2 0.2 0.2 0.66667 0.2 0.3 0.68 0.3 0.66 0.26 0.58 0.18 0.3216245062807549 0.021165234671534364 0.9383615852394259 0.11597225732244255 0.19151703821356478 0.19032472056622074
 0.2 0.2 0.2 0.66667 0.2 0.3 0.68 0.3 0.66 0.26 0.18 0.58 0.3571604471604656 0.020627427184263816 0.8964239954304418 0.1411080139716623 0.20303447772557184 0.19237224919285403
 0.2 0.2 0.2 0.66667 0. 0.3 0.68 0.3 0.66 0.26 0.18 0.18 0.22768309094728334 3.578064158340882E-10 0.9912599756297988 0.20448727628267405 0.22233354493717591 0.07866807403562605
 0.2 0.20000000000000004 0.2 0.66667 0.2 0.3 0.44000000000000006 0.3 0.66 0.66 0.18 0.18 0.19931814808419726 0.05605885525626583 0.9939996310572045 0.0814919993749509 0.29471362687443653 0.1583771541483311
 0.2 0. 0.2 0.66667 0.2 0.3 0.68 0.3 0.66 0.26 0.18 0.18 0.1534985508545578 0.0031561231309404627 1.0943440239760642 0.2192469143508199 0.02919901685365218 0.18840331556738507
 0.2 0. 0. 1. 0. 0.7 0.28 0.7 0.26 0.66 0.58 0.58 0.12345854172811438 0.00534805194703303 0.9648060430260202 0.0515666534885394 0.14626436617169783 0.1735702466023905
 0.2 0.2 0.2 1. 0.2 0.3 0.68 0.3 0.66 0.26 0.18 0.18 0.007445117315909611 0.01936773579115403 1.0684602169312174 0.6195039306388106 0.35791264763964403 0.010971666431435613
 0.2 0.2 0.2 0.66667 0.2 0.3 0.28 0.3 0.66 0.26 0.18 0.18 0.5856772232925547 0.17772645641085094 1.2371479961229528 0.23908145760488472 0.3777391833744757 0.2568907749949593
 0.2 0.2 0. 0.66667 0.2 0.3 0.68 0.3 0.66 0.26 0.18 0.18 0.17180590162153112 0.0032214194326255097 1.056326273434811 0.07134143722202678 0.1998550519411441 0.19720453903313925
 0.04000000000000001 0.06000000000000001 0.16 0.733336 0.16 0.62 0.36000000000000004 0.42 0.5800000000000001 0.34 0.33999999999999997 0.3 0.4886598215608903 0.47092456802730637 1.4312486084513794 0.30274309626681656 0.09445465787938608 0.06545614509502352
 0. 0. 0.2 0.66667 0. 0.3 0.68 0.3 0.66 0.66 0.18 0.18 0.2778964870696736 8.543835954528677E-10 0.9918702072356583 0.13852639017118618 0. 0.
 0. 0.2 0.2 1. 0. 0.3 0.68 0.3 0.66 0.5 0.18 0.18 -0.015614926612645658 -0.04062101738594757 1.0909363771167868 0.6278636946973513 0.2710058242158889 -0.21023987030784605
 0. 0.2 0.2 0.66667 0.2 0.3 0.68 0.3 0.66 0.66 0.18 0.18 0.20965533606373682 0.02353074801320776 0.9882289783745754 0.17355004780547115 0.23779471383933778 0.0736397652152333
 0. 0.2 0.2 0.66667 0. 0.7 0.68 0.3 0.66 0.5 0.18 0.18 0.2277590026228626 0. 0.9910934546242793 0.15287787545281717 0.21233762572781206 0.0024639817175386306
 0. 0.2 0.2 0.66667 0. 0.3 0.28 0.3 0.66 0.5 0.18 0.18 0.5009746629147839 -0.07025476542630404 1.1827320908123724 0.2728259584502861 0.2321730749544927 0.3321569128702464
 0. 0. 0.2 1. 0.2 0.3 0.28 0.3 0.66 0.26 0.18 0.18 -0.00003174618461902959 -0.0000821939604285639 1.3702585923233759 0.42891165684830257 -0.00006302838067954322 0.0015275349040483022
 0.020000000000000004 0. 0.2 1. 0.2 0.3 0.28 0.3 0.66 0.26 0.18 0.18 -0.00003977129080669275 -0.00009640588752173001 1.3641354457033166 0.4199550569756207 -0.00007620848662679924 0.04515148570907889
 0. 0.020000000000000004 0.2 1. 0.2 0.3 0.28 0.3 0.66 0.26 0.18 0.18 -0.000040518719774225506 -0.00010720405011800214 1.3662196028688605 0.42923849670025077 0.04116275171923556 0.001556995377760244
 0. 0. 0.18 1. 0.2 0.3 0.28 0.3 0.66 0.26 0.18 0.18 -0.000026051380393505396 -0.00007374015920903901 1.3736093359439645 0.39480472627960883 -0.00005451949001975108 0.0018211049647623321
 0. 0. 0.2 0.9666669999999999 0.2 0.3 0.28 0.3 0.66 0.26 0.18 0.18 0.0601299687742098 0.01915379462508171 1.3410191898547248 0.39016735830219473 -0.005386605704581886 0.002144938698451446
 0. 0. 0.2 1. 0.18 0.3 0.28 0.3 0.66 0.26 0.18 0.18 0.000026495082146224216 0.00006651256123087486 1.3702648900174814 0.4277991377499172 0.0005316448238842194 0.0017571558171861712
 0. 0. 0.2 1. 0.2 0.33999999999999997 0.28 0.3 0.66 0.26 0.18 0.18 -0.00002363631477385187 -0.00007389717923876348 1.3649337193228486 0.4258121533968389 -0.00007450448355125717 0.0017577184872178376
 0. 0. 0.2 1. 0.2 0.3 0.32000000000000006 0.3 0.66 0.26 0.18 0.18 -0.000004367482702694832 -0.000011426801467181779 1.3453031948727543 0.4292147664726447 -0.000008785580046387454 0.00020882886024866688
 0. 0. 0.2 1. 0.2 0.3 0.44000000000000006 0.3 0.66 0.26 0.18 0.18 0.000049851385087757425 0.00012942940648065027 1.2689386768377655 0.4292313036408963 0.00010001318164121973 -0.0022972184756521385
 0. 0. 0.2 1. 0.2 0.3 0.68 0.3 0.66 0.26 0.18 0.18 0.0010157705851938066 0.0026218524339997906 1.123155291738856 0.4558314838001873 0.0020033166349173515 -0.045853681152785944
 0. 0. 0.2 1. 0.2 0.3 0.6000000000000001 0.3 0.66 0.26 0.18 0.18 0.0008983400649110579 0.002334817912783444 1.1736481043243427 0.453503413217633 0.0018047198203562838 -0.040803539101995336
 0.16000000000000003 0. 0.2 1. 0.2 0.3 0.68 0.3 0.66 0.26 0.18 0.18 0.0011367580009025344 0.0029780391351726192 1.0797404855362238 0.39582841213988784 0.0016807702278342426 0.2866138399615832
 0. 0.12000000000000002 0.16 1. 0.2 0.3 0.68 0.38 0.66 0.34 0.26 0.26 -0.004235972278687874 -0.011019614079972807 1.0411632878023713 0.46757444290997574 0.1567546854426357 -0.16675044972771008
 0. 0.2 0.03999999999999998 1. 0.2 0.30000000000000004 0.6800000000000002 0.62 0.66 0.5800000000000001 0.5 0.5 0.004555608788249222 0.0002148382413896684 0.9977665908539644 0.1958764604982333 0.22758392942251737 0.06547062153296343
 0.04000000000000001 0.14 0.16 0.9666669999999999 0.18 0.33999999999999997 0.6000000000000001 0.38 0.66 0.34 0.42000000000000004 0.26 0.053032651197495354 0.0006135906658815209 0.9905379129786582 0.39375681657286027 0.18746648548008446 -0.06614168742465347
 0. 0.20000000000000004 0.07999999999999999 0.866668 0.2 0.3 0.68 0.54 0.5 0.5 0.42000000000000004 0.42000000000000004 0.13992999590827915 0.022089585000440663 0.9644851718591737 0.18360932148034131 0.24896028276862114 0.05202649489475884
 0. 0.16000000000000003 0.12 0.933334 0.2 0.45999999999999996 0.68 0.46 0.66 0.42000000000000004 0.34 0.34 0.0947415683687556 0.006572337026982214 0.9998762994111764 0.10310768047740865 0.1821954154118986 0.
 0. 0.16000000000000003 0.12 1. 0.2 0.45999999999999996 0.68 0.46 0.5800000000000001 0.42000000000000004 0.34 0.34 0.029677367616499577 0.0031003249739565476 0.9975521049666763 0.11413998437114846 0.2204965798208917 0.03858856189461114
 0. 0.16000000000000003 0.2 0.933334 0.2 0.45999999999999996 0.68 0.46 0.5800000000000001 0.42000000000000004 0.34 0.34 0.0808161185990844 0.0069014858500954564 0.9916935655585113 0.19732359858587445 0.14093995720308122 0.031975625261045616
 0.2 0.16000000000000003 0.12 0.933334 0.2 0.45999999999999996 0.68 0.46 0.5800000000000001 0.42000000000000004 0.34 0.34 0.05957342301776644 0.006223495877610609 0.9779224162652755 0.08151512489209262 0.18254046530053294 0.22552534483590225
 0. 0.16000000000000003 0.12 0.933334 0.2 0.45999999999999996 0.68 0.3 0.5800000000000001 0.42000000000000004 0.34 0.34 0.11434671636279971 0.03046826160603777 1.0248314386605366 0.23758351203214836 0.3076138181705943 0.00961685757326317
 0. 0.16000000000000003 0.12 0.933334 0.2 0.45999999999999996 0.68 0.46 0.5800000000000001 0.26 0.34 0.34 0.09215183580541642 0.022051715474489534 1.1339374301379186 0.23380939647402038 0.2865886948265801 0.0034869413164341384
 0. 0.16000000000000003 0.12 0.933334 0.2 0.45999999999999996 0.68 0.46 0.5800000000000001 0.42000000000000004 0.18 0.34 0.06184011424024447 0.0032240533673038 1.019621052097526 0.11299647409554078 0.2263204080992598 0.011396904161429466
 0. 0.16000000000000003 0.12 0.933334 0.2 0.45999999999999996 0.68 0.46 0.5800000000000001 0.42000000000000004 0.34 0.18 0.09615289980353976 0.006579516805885441 1.014839687711463 0.10390233481003676 0.18477908258380193 0.
 0. 0.16000000000000003 0.12 0.933334 0.2 0.45999999999999996 0.28 0.46 0.5800000000000001 0.42000000000000004 0.34 0.34 0.11174928032179207 0.018683845684532144 1.1137770649178436 0.23067169914285257 0.23933573616763812 0.02739661739451794
 0. 0. 0.12 0.933334 0.2 0.45999999999999996 0.68 0.46 0.5800000000000001 0.42000000000000004 0.34 0.34 0.11872294498254471 0.036032057656046994 1.055616157956729 0.2559705014919025 -0.008611809927943555 0.0063913046494120385
 0. 0.12000000000000002 0.16 1. 0. 0.3 0.68 0.38 0.66 0.34 0.26 0.26 0.028311481851456963 0.07364976570495524 1.077544603814882 0.537689276307592 0.41371459087840456 -0.41648071950410726
 0.04000000000000001 0.14 0.16 0.9666669999999999 0.04000000000000001 0.33999999999999997 0.6000000000000001 0.54 0.62 0.34 0.26 0.42000000000000004 0.0772896416420556 0.06371253860385676 0.9944446499043491 0.4254573062483763 0.37341754647656367 -0.2398384652671243
 0. 0.12000000000000002 0.2 0.733336 0. 0.62 0.68 0.7 0.5 0.5 0.42000000000000004 0.5800000000000001 0.40494234963707315 0. 0.909547355039234 0.15768555462362918 0.08147985234811642 0.014707125189151576
 0. 0.2 0.16 1. 0. 0.3 0.68 0.38 0.66 0.34 0.26 0.26 0.029623136057943696 0.07706192457812937 1.0496907698207318 0.5407495381766279 0.5535431224357851 -0.43712250086751686
 0.04000000000000001 0.03999999999999998 0.16 0.933334 0.04000000000000001 0.38 0.6000000000000001 0.5800000000000001 0.62 0.5 0.26 0.3 0.08770298694981452 -0.046547763082474485 1.0338904084209355 0.4230235806450454 -0.0723160524955993 -0.011132231103372525
 0. 0.2 0.12 1. 0.08000000000000002 0.3 0.6000000000000001 0.3 0.66 0.26 0.18 0.18 0.025319328035824124 0.06586564035771121 1.1630088644246166 0.43378453856921073 0.5338013860753378 -0.3256595088764427
 0. 0.2 0.2 0.66667 0. 0.7 0.68 0.7 0.33999999999999997 0.5 0.42000000000000004 0.58 0.402297727805844 0. 0.9036081157521675 0.15665586070003323 0.11306016394323559 0.031594427772539097
 0.04000000000000001 0.2 0.2 1. 0.08000000000000002 0.3 0.6000000000000001 0.3 0.66 0.26 0.18 0.18 0.025181559102256147 0.06550754278507302 1.1440927835918835 0.5718089960692385 0.5319425503548837 -0.26525103920240123
 0.16000000000000003 0.2 -2.7755575615628914E-17 0.66667 0.2 0.3 0.36 0.3 0.66 0.26 0.18 0.18 0.5789936130311095 0.17086616740365262 1.3817224684889884 -0.037092001810375606 0.384648365984251 0.1630710704381842
 0.08000000000000002 0.2 0.07999999999999999 1. 0. 0.3 0.52 0.3 0.66 0.26 0.18 0.18 0.039884431038012806 0.10368307166893471 1.1962239747930352 0.28838541384106986 0.6679908728349755 -0.16606289920169742
 0.12000000000000002 0.2 0.03999999999999998 1. 0.2 0.7 0.44 0.3 0.66 0.26 0.18 0.18 0.02512751553584202 0.03971859590199677 1.3315862148626656 0.08575839858634784 0.34278819495326185 0.1969792746163028
 0.04000000000000001 0.2 0.12 1. 0.08000000000000002 0.3 0.68 0.3 0.66 0.26 0.18 0.18 0.029305927137303688 0.07623673465237674 1.1232978540490004 0.505075663600582 0.5457991398381657 -0.3761438551561478
 0.12000000000000002 0.2 0.03999999999999998 1. 0.2 0.3 0.44 0.7 0.66 0.26 0.18 0.18 0.03219759674741653 0.010461625253100707 1.1028562488144515 0.061082877831881724 0.265313712995201 0.09123615383080794
 0.08000000000000002 0.2 0.07999999999999999 1. 0.16000000000000003 0.3 0.52 0.3 0.26 0.26 0.18 0.18 -0.015497020412314565 -0.013741350025377512 1.247799641889736 0.150170380064274 0.3732946581604685 0.1541102652798834
 0.04000000000000001 0.2 0.12 1. 0.08000000000000002 0.3 0.6000000000000001 0.3 0.66 0.66 0.18 0.18 -0.07413165107690856 -0.19284724248174265 1.0962307293989106 0.41253692525558416 -0.15671024883201828 0.2353565952474
 0.04000000000000001 0.2 0.12 1. 0.08000000000000002 0.3 0.6000000000000001 0.3 0.66 0.26 0.58 0.18 0.034874333028678255 0.006039664915023498 1.039124111838002 0.08825100780573367 0.25904876966891643 0.05373325764516621
 0.12000000000000002 0.2 0.03999999999999998 1. 0.2 0.3 0.44 0.3 0.66 0.26 0.18 0.58 0.005433513490116544 0.0017654438047935718 1.0238124985231356 0.019358675445411713 0.30970434358587834 0.03339042785776854
 0. 0.12 0.2 0.733336 0. 0.54 0.28 0.62 0.5 0.42000000000000004 0.34 0.5 0.32639426289423107 0. 0.9432840246093446 0.17784485130859995 0.11993768808287743 0.029501701473739286
 0.2 0.12 0.2 0.733336 0. 0.54 0.68 0.62 0.5 0.42000000000000004 0.34 0.5 0.33651869538729545 0. 0.9063128545704879 0.16587609926839242 0.14307628019054244 0.21268519894408025
 0. 0.12 0. 0.733336 0. 0.54 0.68 0.62 0.5 0.42000000000000004 0.34 0.5 0.32131673765599245 0. 0.958185617025296 0.050903411365909035 0.12936860342319076 0.015788212202008194
 0. 0.12 0.2 0.733336 0. 0.54 0.68 0.62 0.5 0.26 0.34 0.5 0.312284658890516 0. 0.9455215861279072 0.18842846789423373 0.13342441739772387 0.015190085954964292
 0. 0.12 0.2 0.733336 0. 0.54 0.68 0.62 0.5 0.42000000000000004 0.18 0.5 0.3136084331625024 0. 0.9555827755451791 0.1829347531007191 0.1197662441075146 0.015001275396677395
 0. 0.03999999999999998 0.2 0.66667 0.2 0.7 0.68 0.7 0.33999999999999997 0.5 0.42000000000000004 0.58 0.4043282211537719 0.013250012906468387 0.911298175938598 0.1579890258985977 0.029535017205264923 0.013989306451603333
 0. 0.03999999999999998 0.2 0.66667 0. 0.7 0.68 0.7 0.66 0.5 0.42000000000000004 0.58 0.4047467107473176 0.005562085761056835 0.910424065421463 0.15783745952820577 0.029638477864040665 0.027691810977126603
 0. 0.2 0.16 1. 0. 0.3 0.68 0.38 0.66 0.34 0.26 0.26 0.029623136057943696 0.07706192457812937 1.0496907698207318 0.5407495381766279 0.5535431224357851 -0.43712250086751686
 0.020000000000000004 0.2 0.16 1. 0. 0.3 0.68 0.38 0.66 0.34 0.26 0.26 0.029629065322558438 0.07707734942700514 1.0463862678940135 0.5399775990322594 0.5529042709843918 -0.40427741036436576
 0. 0.18 0.16 1. 0. 0.3 0.68 0.38 0.66 0.34 0.26 0.26 0.029457905284146747 0.0766320900660957 1.0570774863151133 0.5412424993238586 0.5196758659954827 -0.4343398831322682
 0. 0.12 0.16 1. 0. 0.3 0.68 0.38 0.66 0.34 0.26 0.26 0.028311481851456963 0.07364976570495524 1.077544603814882 0.537689276307592 0.41371459087840456 -0.41648071950410726
 0. 0. 0.16 1. 0. 0.3 0.68 0.38 0.66 0.34 0.26 0.26 0.022829093457348088 0.059387801198561456 1.106255097107213 0.5034264231037217 0.17194962638861486 -0.3339993582711246
 0. 0.04000000000000001 0.16 1. 0. 0.3 0.68 0.38 0.66 0.34 0.26 0.26 0.025286211177688825 0.06577978198166855 1.099356241146536 0.5203722730333584 0.2589866099208012 -0.37073419114520706
 0.16000000000000003 0. 0.16 1. 0. 0.3 0.68 0.38 0.66 0.34 0.26 0.26 0.027546928387034375 0.07166084428503681 1.0923104251466305 0.5298579801153155 0.20252514163633684 -0.13347819962701477
 0. 0. 0.2 1. 0. 0.38 0.6000000000000001 0.3 0.66 0.26 0.18 0.18 0.025488652418506664 0.06630640743220975 1.195288451351793 0.5116209566671515 0.2032501738912609 -0.24303776496289903
 0. 0. 0.2 1. 0. 0.3 0.68 0.46 0.66 0.42000000000000004 0.34 0.34 0.011040936564902402 0.02872192977208454 1.0351973402685246 0.5802251811762822 0.07249689002333859 -0.3232405971880803
 0. 0. 0.2 1. 0. 0.30000000000000004 0.6800000000000002 0.7 0.66 0.6600000000000001 0.5800000000000001 0.5800000000000001 4.483699614031779E-8 0. 1.0257508658133567 0.19864811186416603 0.0671783622605083 0.05287169458957311
 0.04000000000000001 0.04000000000000001 0.18 1. 0. 0.3 0.68 0.38 0.66 0.38 0.26 0.26 0.01741228815178252 0.04529644799379658 1.0881977022036091 0.5628589697106311 0.20482484754411961 -0.2805203601430538
 0. 0.08000000000000002 0.12 0.866668 0. 0.3 0.68 0.62 0.5 0.5800000000000001 0.5 0.5 0.201996709869727 -2.2509614774909284E-24 1.010332646917257 0.19437072061786514 0.1334486305473219 0.005993540234537038
 0. 0.04000000000000001 0.2 0.933334 0. 0.45999999999999996 0.68 0.54 0.5800000000000001 0.5 0.42000000000000004 0.42000000000000004 0.11389141502019934 0. 0.9951228717479336 0.19621818726517054 0.04190966119699977 0.058774708621583585
 0. 0.04000000000000001 0.16 0.933334 0. 0.45999999999999996 0.68 0.54 0.66 0.5 0.42000000000000004 0.42000000000000004 0.12923544471198842 0. 0.9966518215527734 0.18785911991585658 0.044243131417162594 0.
 0. 0.04000000000000001 0.16 1. 0. 0.45999999999999996 0.68 0.54 0.5800000000000001 0.5 0.42000000000000004 0.42000000000000004 0.00024025431758732468 7.810934795304694E-25 1.0111764042904081 0.2587648761260736 0.06516981117825835 0.0005949561636603697
 0. 0. 0.16 0.933334 0. 0.45999999999999996 0.68 0.54 0.5800000000000001 0.5 0.42000000000000004 0.42000000000000004 0.1022001298307394 1.2522555024002733E-19 1.0037276651457192 0.2583519876257938 0.00024926225090627903 0.0002507113671267561
 0.2 0.04000000000000001 0.16 0.933334 0. 0.45999999999999996 0.68 0.54 0.5800000000000001 0.5 0.42000000000000004 0.42000000000000004 0.08197668125297197 0. 0.9796136710828387 0.16496756061155524 0.0642832019358767 0.22079817707678376
 0. 0.04000000000000001 0.16 0.933334 0. 0.45999999999999996 0.28 0.54 0.5800000000000001 0.5 0.42000000000000004 0.42000000000000004 0.1069229111983412 0.008901038200602493 1.019824983327002 0.2631266446224157 0.044269499845515085 0.000014386967108970564
 0. 0.04000000000000001 0.16 0.933334 0. 0.45999999999999996 0.68 0.3 0.5800000000000001 0.5 0.42000000000000004 0.42000000000000004 0.12943398150991364 0. 0.9992684012832317 0.1889249374085259 0.04579975857678445 0.
 0. 0.04000000000000001 0.16 0.933334 0. 0.45999999999999996 0.68 0.54 0.5800000000000001 0.26 0.42000000000000004 0.42000000000000004 0.12770984021320478 0. 1.0018812053880868 0.20280794055676446 0.06571218099092604 0.02895242991034914
 0. 0.04000000000000001 0.16 0.933334 0. 0.45999999999999996 0.68 0.54 0.5800000000000001 0.5 0.18 0.42000000000000004 0.09898516928140899 0. 1.016566813595866 0.20239775026223958 0.0931620530810823 0.06315771177162852
 0. 0.04000000000000001 0.16 0.933334 0. 0.45999999999999996 0.68 0.54 0.5800000000000001 0.5 0.42000000000000004 0.18 0.1135957937383732 0. 1.0128856746492532 0.2141527110634813 0.06920853972022506 0.060985722568581986
 0. 0. 0.2 1. 0.2 0.3 0.68 0.46 0.66 0.42000000000000004 0.34 0.34 3.852833508630203E-8 1.506258648790022E-8 0.9449893848257005 0.3685213057140367 -2.2244583426775033E-15 -1.018482309123395E-15
 0.04000000000000001 0. 0.2 1. 0. 0.3 0.6000000000000001 0.7 0.66 0.34 0.26 0.26 0.05208285978115568 0.0002559622973420697 1.01129465237253 0.19764188733125396 0.04769839498710977 0.05642108168166795
 0.04000000000000001 0. 0.2 1. 0. 0.3 0.6000000000000001 0.38 0.66 0.66 0.26 0.26 -0.057097132034274356 -0.14853341366658535 1.094334984300525 0.5131335617398882 -0.3569746022703501 0.19018163483412037
 0.16000000000000003 0. 0.2 0.9999999999999996 0. 0.3 0.3600000000000001 0.3 0.6600000000000001 0.66 0.18 0.18 -0.06703392734037976 -0.17438315059562842 1.2423842908373675 0.32701177733767683 -0.36969298692516944 0.711306851390967
 0.04000000000000001 0.04000000000000001 0.18 0.9666669999999999 0.04000000000000001 0.33999999999999997 0.56 0.42 0.62 0.5800000000000001 0.5 0.3 0.054043423256036956 0.013875984589959051 1.0099138625646817 0.29859212312050887 0.05137272379026899 0.06828731148424311
 0. 0. 0.12 1. 0.04000000000000001 0.3 0.52 0.3 0.66 0.66 0.18 0.18 -0.06892665361585952 -0.17930690705051172 1.214220148777132 0.3491109128762496 -0.42036396972531703 0.25722414119980985
 0. 0. 0.12 1. 0. 0.3 0.52 0.3 0.66 0.5800000000000001 0.18 0.18 -0.03845541991277412 -0.10003861476665331 1.2268870448239402 0.34558677067387056 -0.1973985711494838 0.11543286731947407
 0. 0. 0.12 1. 0.04000000000000001 0.3 0.52 0.3 0.26 0.5800000000000001 0.18 0.18 -0.0003939056526269782 -0.003127437051002836 1.2356901679518573 0.23993949861538422 -0.0092061475168134 0.002716850039135456
 0.2 0. 0.03999999999999998 1. 0.08000000000000002 0.3 0.44000000000000006 0.3 0.66 0.5 0.18 0.18 -0.016644221098453198 -0.042016181960699193 1.2439355888975632 0.11103048917160938 -0.09218205183394272 0.44640500363316143
 0.04000000000000001 0.2 0.2 1. 0. 0.3 0.6000000000000001 0.38 0.66 0.66 0.26 0.26 -0.05709713539566721 -0.14853341366658532 1.017435279710454 0.49623044056882376 -0.02663765766320364 0.18645988254347623
 0.12000000000000002 0. 0.2 0.866668 0. 0.45999999999999996 0.28 0.54 0.5800000000000001 0.66 0.34 0.42000000000000004 0.1621420578270069 5.619132794174509E-10 0.9913287038653011 0.19192848707898633 0. 0.13681099499344143
 0. 0. 0.03999999999999998 1. 0.08000000000000002 0.7 0.44000000000000006 0.3 0.66 0.5 0.18 0.18 0.006739840718055303 0.0021898980356456553 1.0809392207489645 0.006827839961514305 0.031419294332552035 0.03174999739887018
 0. 0. 0.03999999999999998 0.66667 0.08000000000000002 0.3 0.44000000000000006 0.3 0.66 0.5 0.18 0.18 0.49245740377763636 -0.09241167666229415 1.2137393115538144 0.1753197171392301 -0.2197111634206093 0.1688981895937236
 0. 0. 0.2 1. 0.08000000000000002 0.3 0.44000000000000006 0.3 0.66 0.5 0.18 0.18 -0.02811183979775093 -0.07311761263345769 1.2479555236696038 0.434095650055137 -0.1587548635375004 0.11986470833634033
 0. 0. 0.12 1. 0.04000000000000001 0.3 0.68 0.3 0.66 0.5800000000000001 0.18 0.18 -0.04321715215043803 -0.11242584044567129 1.1636968129524405 0.5047577811853575 -0.26785233816741477 -0.06999673178646698
 0. 0. 0. 1. 0.16000000000000003 0.3 0.68 0.3 0.6600000000000001 0.3400000000000001 0.18 0.18 0.0003470602899176493 -0.0006926906881265437 1.1758838567883358 0.09525898376391402 -0.006905202456928044 -0.04717435029470387
 0.16000000000000003 0.04000000000000001 0.059999999999999984 0.900001 0.04000000000000001 0.62 0.36 0.62 0.5800000000000001 0.34 0.5 0.5 0.18424407443278362 0.0029171135760815404 0.97008968309146 0.11806515305314437 0.05667377036484477 0.20356071296098668
 0.04000000000000001 0.08000000000000002 0.07999999999999999 1. 0.12000000000000002 0.3 0.68 0.3 0.66 0.5 0.18 0.18 -0.03497274865555525 -0.09097871840975992 1.1353018619483737 0.44074666689639214 -0.11640220201786329 -0.06351099366793046
 0. 0.08000000000000002 0.07999999999999999 1. 0.12000000000000002 0.3 0.6000000000000001 0.3 0.66 0.5 0.18 0.18 -0.033463450190808715 -0.0870524118811348 1.1697439021706488 0.3570221855736173 -0.09090119964154403 -0.026200143422927365
 0.08000000000000002 0. 0.03999999999999998 1. 0.20000000000000004 0.3 0.52 0.3 0.66 0.42000000000000004 0.18 0.18 -0.009307945985815485 -0.02394124279132921 1.2244659376414246 0.14323361689370412 -0.06961352410529564 0.1724519084903046
 0.12000000000000002 0.2 -2.7755575615628914E-17 1. 0.2 0.7 0.44 0.3 0.66 0.34 0.18 0.18 0.022018065114813433 0.03985311723074593 1.3003594744082223 4.616040343395622E-17 0.34524004900461247 0.19698183324947463
 0.08000000000000002 0.16000000000000003 0.03999999999999998 1. 0.20000000000000004 0.3 0.52 0.3 0.26 0.42000000000000004 0.18 0.18 -0.011676800056584323 -0.010902362193560165 1.2110548645862265 0.07200893928896193 0.2979102561482646 0.15158910669814787
 0.16000000000000003 0.2 0. 0.66667 0.2 0.3 0.36 0.3 0.66 0.26 0.18 0.18 0.5789936130311095 0.17086616740365262 1.3817224684889884 -0.03709200181037555 0.384648365984251 0.16307107043818414
 0.08000000000000002 0.16000000000000003 0.03999999999999998 1. 0. 0.3 0.52 0.3 0.66 0.42000000000000004 0.18 0.18 0.002426492799484729 0.006289364689303814 1.1916938660647196 0.2084806310169887 0.34425213529589327 0.031787150229505505
 0.04000000000000001 0.08000000000000002 0.2 1. 0.12000000000000002 0.3 0.6000000000000001 0.3 0.66 0.5 0.18 0.18 -0.03525569195668104 -0.09171477234729956 1.1453047349729215 0.563718451289956 -0.10231330529237712 0.041487082154777505
 0.12000000000000002 0.2 -2.7755575615628914E-17 1. 0.2 0.3 0.44 0.7 0.66 0.34 0.18 0.18 0.01453477146010622 0.004722621865727595 1.012834115572834 0. 0.3295591556491882 0.13527470505967265
 0.12000000000000002 0.2 -2.7755575615628914E-17 1. 0.2 0.3 0.44 0.3 0.66 0.34 0.18 0.58 0.02241090077100737 0.006689185940592987 1.0123015137317344 0.02757379783978716 0.28563061419992347 0.063662004501204
 0. 0. 0.16 0.733336 0. 0.54 0.68 0.54 0.5 0.26 0.26 0.42 0.27946096499427064 0. 0.9907430047844951 0.13576817793515525 0.03267240043996283 0.03267240043996283
