0.10355 0.10355 0.14645 0.20711 0.29289
0.032913 0.032913 0.046546 0.065826 0.093092
0.19183 0.19183 0.27129 0.38366 0.54258
0.037903 0.037903 0.053603 0.075806 0.4001
0.14146 0.14146 0.20005 0.28291 0.10721
0.037903 0.037903 0.053603 0.28291 0.29289
0.14146 0.14146 0.20005 0.075806 0.29289
0.037903 0.037903 0.20005 0.20711 0.29289
0.14146 0.14146 0.053603 0.20711 0.29289
0.037903 0.14146 0.14645 0.20711 0.29289
0.14146 0.037903 0.14645 0.20711 0.29289
0.070215 0.070215 0.099299 0.14043 0.74118
0.26205 0.26205 0.37059 0.52409 0.1986
0.070215 0.070215 0.099299 0.52409 0.54258
0.26205 0.26205 0.37059 0.14043 0.54258
0.070215 0.070215 0.37059 0.38366 0.54258
0.26205 0.26205 0.099299 0.38366 0.54258
0.070215 0.26205 0.27129 0.38366 0.54258
0.26205 0.070215 0.27129 0.38366 0.54258
0.095916 0.095916 0.13565 0.71593 0.1986
0.35796 0.35796 0.50624 0.19183 0.1986
0.095916 0.095916 0.50624 0.52409 0.1986
0.35796 0.35796 0.13565 0.52409 0.1986
0.095916 0.35796 0.37059 0.52409 0.1986
0.35796 0.095916 0.37059 0.52409 0.1986
0.012047 0.012047 0.017037 0.024094 0.12717
0.04496 0.04496 0.063583 0.08992 0.034074
0.012047 0.012047 0.017037 0.08992 0.093092
0.04496 0.04496 0.063583 0.024094 0.093092
0.012047 0.012047 0.063583 0.065826 0.093092
0.04496 0.04496 0.017037 0.065826 0.093092
0.012047 0.04496 0.046546 0.065826 0.093092
0.04496 0.012047 0.046546 0.065826 0.093092
0.025701 0.025701 0.036346 0.19183 0.74118
0.095916 0.095916 0.13565 0.051401 0.74118
0.025701 0.025701 0.13565 0.14043 0.74118
0.095916 0.095916 0.036346 0.14043 0.74118
0.025701 0.095916 0.099299 0.14043 0.74118
0.095916 0.025701 0.099299 0.14043 0.74118
0.13102 0.13102 0.69153 0.19183 0.1986
0.48899 0.48899 0.1853 0.19183 0.1986
0.13102 0.48899 0.50624 0.19183 0.1986
0.48899 0.13102 0.50624 0.19183 0.1986
0.051777 0.051777 0.073223 0.38647 0.10721
0.19323 0.19323 0.27327 0.10355 0.10721
0.051777 0.051777 0.27327 0.28291 0.10721
0.19323 0.19323 0.073223 0.28291 0.10721
0.051777 0.19323 0.20005 0.28291 0.10721
0.19323 0.051777 0.20005 0.28291 0.10721
0.035108 0.035108 0.1853 0.71593 0.1986
0.13102 0.13102 0.04965 0.71593 0.1986
0.035108 0.13102 0.13565 0.71593 0.1986
0.13102 0.035108 0.13565 0.71593 0.1986
0.013874 0.013874 0.01962 0.10355 0.4001
0.051777 0.051777 0.073223 0.027747 0.4001
0.013874 0.013874 0.073223 0.075806 0.4001
0.051777 0.051777 0.01962 0.075806 0.4001
0.013874 0.051777 0.053603 0.075806 0.4001
0.051777 0.013874 0.053603 0.075806 0.4001
0.095916 0.095916 0.50624 0.14043 0.54258
0.35796 0.35796 0.13565 0.14043 0.54258
0.095916 0.35796 0.37059 0.14043 0.54258
0.35796 0.095916 0.37059 0.14043 0.54258
0.016457 0.016457 0.023273 0.12283 0.034074
0.061417 0.061417 0.086856 0.032913 0.034074
0.016457 0.016457 0.086856 0.08992 0.034074
0.061417 0.061417 0.023273 0.08992 0.034074
0.016457 0.061417 0.063583 0.08992 0.034074
0.061417 0.016457 0.063583 0.08992 0.034074
0.025701 0.025701 0.13565 0.52409 0.54258
0.095916 0.095916 0.036346 0.52409 0.54258
0.025701 0.095916 0.099299 0.52409 0.54258
0.095916 0.025701 0.099299 0.52409 0.54258
0.0044095 0.0044095 0.006236 0.032913 0.12717
0.016457 0.016457 0.023273 0.008819 0.12717
0.0044095 0.0044095 0.023273 0.024094 0.12717
0.016457 0.016457 0.006236 0.024094 0.12717
0.0044095 0.016457 0.017037 0.024094 0.12717
0.016457 0.0044095 0.017037 0.024094 0.12717
0.035108 0.035108 0.1853 0.051401 0.74118
0.13102 0.13102 0.04965 0.051401 0.74118
0.035108 0.13102 0.13565 0.051401 0.74118
0.13102 0.035108 0.13565 0.051401 0.74118
0.0094071 0.0094071 0.04965 0.19183 0.74118
0.035108 0.035108 0.013304 0.19183 0.74118
0.0094071 0.035108 0.036346 0.19183 0.74118
0.035108 0.0094071 0.036346 0.19183 0.74118
0.17898 0.66797 0.1853 0.19183 0.1986
0.66797 0.17898 0.1853 0.19183 0.1986
0.070728 0.070728 0.3733 0.10355 0.10721
0.26396 0.26396 0.10002 0.10355 0.10721
0.070728 0.26396 0.27327 0.10355 0.10721
0.26396 0.070728 0.27327 0.10355 0.10721
0.047958 0.17898 0.69153 0.19183 0.1986
0.17898 0.047958 0.69153 0.19183 0.1986
0.018952 0.018952 0.10002 0.38647 0.10721
0.070728 0.070728 0.026802 0.38647 0.10721
0.018952 0.070728 0.073223 0.38647 0.10721
0.070728 0.018952 0.073223 0.38647 0.10721
0.13102 0.48899 0.13565 0.52409 0.1986
0.48899 0.13102 0.13565 0.52409 0.1986
0.051777 0.051777 0.27327 0.075806 0.29289
0.19323 0.19323 0.073223 0.075806 0.29289
0.051777 0.19323 0.20005 0.075806 0.29289
0.19323 0.051777 0.20005 0.075806 0.29289
0.035108 0.13102 0.50624 0.52409 0.1986
0.13102 0.035108 0.50624 0.52409 0.1986
0.013874 0.013874 0.073223 0.28291 0.29289
0.051777 0.051777 0.01962 0.28291 0.29289
0.013874 0.051777 0.053603 0.28291 0.29289
0.051777 0.013874 0.053603 0.28291 0.29289
0.047958 0.17898 0.04965 0.71593 0.1986
0.17898 0.047958 0.04965 0.71593 0.1986
0.018952 0.018952 0.10002 0.027747 0.4001
0.070728 0.070728 0.026802 0.027747 0.4001
0.018952 0.070728 0.073223 0.027747 0.4001
0.070728 0.018952 0.073223 0.027747 0.4001
0.01285 0.047958 0.1853 0.71593 0.1986
0.047958 0.01285 0.1853 0.71593 0.1986
0.0050781 0.0050781 0.026802 0.10355 0.4001
0.018952 0.018952 0.0071815 0.10355 0.4001
0.0050781 0.018952 0.01962 0.10355 0.4001
0.018952 0.0050781 0.01962 0.10355 0.4001
0.13102 0.48899 0.13565 0.14043 0.54258
0.48899 0.13102 0.13565 0.14043 0.54258
0.02248 0.02248 0.11865 0.032913 0.034074
0.083897 0.083897 0.031792 0.032913 0.034074
0.02248 0.083897 0.086856 0.032913 0.034074
0.083897 0.02248 0.086856 0.032913 0.034074
0.035108 0.13102 0.50624 0.14043 0.54258
0.13102 0.035108 0.50624 0.14043 0.54258
0.0060235 0.0060235 0.031792 0.12283 0.034074
0.02248 0.02248 0.0085185 0.12283 0.034074
0.0060235 0.02248 0.023273 0.12283 0.034074
0.02248 0.0060235 0.023273 0.12283 0.034074
0.095916 0.35796 0.099299 0.38366 0.54258
0.35796 0.095916 0.099299 0.38366 0.54258
0.016457 0.016457 0.086856 0.024094 0.093092
0.061417 0.061417 0.023273 0.024094 0.093092
0.016457 0.061417 0.063583 0.024094 0.093092
0.061417 0.016457 0.063583 0.024094 0.093092
0.025701 0.095916 0.37059 0.38366 0.54258
0.095916 0.025701 0.37059 0.38366 0.54258
0.0044095 0.0044095 0.023273 0.08992 0.093092
0.016457 0.016457 0.006236 0.08992 0.093092
0.0044095 0.016457 0.017037 0.08992 0.093092
0.016457 0.0044095 0.017037 0.08992 0.093092
0.035108 0.13102 0.036346 0.52409 0.54258
0.13102 0.035108 0.036346 0.52409 0.54258
0.0060235 0.0060235 0.031792 0.008819 0.12717
0.02248 0.02248 0.0085185 0.008819 0.12717
0.0060235 0.02248 0.023273 0.008819 0.12717
0.02248 0.0060235 0.023273 0.008819 0.12717
0.0094071 0.035108 0.13565 0.52409 0.54258
0.035108 0.0094071 0.13565 0.52409 0.54258
0.001614 0.001614 0.0085185 0.032913 0.12717
0.0060235 0.0060235 0.0022825 0.032913 0.12717
0.001614 0.0060235 0.006236 0.032913 0.12717
0.0060235 0.001614 0.006236 0.032913 0.12717
0.047958 0.17898 0.04965 0.051401 0.74118
0.17898 0.047958 0.04965 0.051401 0.74118
0.01285 0.047958 0.1853 0.051401 0.74118
0.047958 0.01285 0.1853 0.051401 0.74118
0.035108 0.13102 0.036346 0.14043 0.74118
0.13102 0.035108 0.036346 0.14043 0.74118
0.0094071 0.035108 0.13565 0.14043 0.74118
0.035108 0.0094071 0.13565 0.14043 0.74118
0.01285 0.047958 0.013304 0.19183 0.74118
0.047958 0.01285 0.013304 0.19183 0.74118
0.0034432 0.01285 0.04965 0.19183 0.74118
0.01285 0.0034432 0.04965 0.19183 0.74118
0.096617 0.36058 0.10002 0.10355 0.10721
0.36058 0.096617 0.10002 0.10355 0.10721
0.025888 0.096617 0.3733 0.10355 0.10721
0.096617 0.025888 0.3733 0.10355 0.10721
0.070728 0.26396 0.073223 0.28291 0.10721
0.26396 0.070728 0.073223 0.28291 0.10721
0.018952 0.070728 0.27327 0.28291 0.10721
0.070728 0.018952 0.27327 0.28291 0.10721
0.025888 0.096617 0.026802 0.38647 0.10721
0.096617 0.025888 0.026802 0.38647 0.10721
0.0069368 0.025888 0.10002 0.38647 0.10721
0.025888 0.0069368 0.10002 0.38647 0.10721
0.070728 0.26396 0.073223 0.075806 0.29289
0.26396 0.070728 0.073223 0.075806 0.29289
0.018952 0.070728 0.27327 0.075806 0.29289
0.070728 0.018952 0.27327 0.075806 0.29289
0.051777 0.19323 0.053603 0.20711 0.29289
0.19323 0.051777 0.053603 0.20711 0.29289
0.013874 0.051777 0.20005 0.20711 0.29289
0.051777 0.013874 0.20005 0.20711 0.29289
0.018952 0.070728 0.01962 0.28291 0.29289
0.070728 0.018952 0.01962 0.28291 0.29289
0.0050781 0.018952 0.073223 0.28291 0.29289
0.018952 0.0050781 0.073223 0.28291 0.29289
0.025888 0.096617 0.026802 0.027747 0.4001
0.096617 0.025888 0.026802 0.027747 0.4001
0.0069368 0.025888 0.10002 0.027747 0.4001
0.025888 0.0069368 0.10002 0.027747 0.4001
0.018952 0.070728 0.01962 0.075806 0.4001
0.070728 0.018952 0.01962 0.075806 0.4001
0.0050781 0.018952 0.073223 0.075806 0.4001
0.018952 0.0050781 0.073223 0.075806 0.4001
0.0069368 0.025888 0.0071815 0.10355 0.4001
0.025888 0.0069368 0.0071815 0.10355 0.4001
0.0018587 0.0069368 0.026802 0.10355 0.4001
0.0069368 0.0018587 0.026802 0.10355 0.4001
0.030708 0.11461 0.031792 0.032913 0.034074
0.11461 0.030708 0.031792 0.032913 0.034074
0.0082283 0.030708 0.11865 0.032913 0.034074
0.030708 0.0082283 0.11865 0.032913 0.034074
0.02248 0.083897 0.023273 0.08992 0.034074
0.083897 0.02248 0.023273 0.08992 0.034074
0.0060235 0.02248 0.086856 0.08992 0.034074
0.02248 0.0060235 0.086856 0.08992 0.034074
0.0082283 0.030708 0.0085185 0.12283 0.034074
0.030708 0.0082283 0.0085185 0.12283 0.034074
0.0022048 0.0082283 0.031792 0.12283 0.034074
0.0082283 0.0022048 0.031792 0.12283 0.034074
0.02248 0.083897 0.023273 0.024094 0.093092
0.083897 0.02248 0.023273 0.024094 0.093092
0.0060235 0.02248 0.086856 0.024094 0.093092
0.02248 0.0060235 0.086856 0.024094 0.093092
0.016457 0.061417 0.017037 0.065826 0.093092
0.061417 0.016457 0.017037 0.065826 0.093092
0.0044095 0.016457 0.063583 0.065826 0.093092
0.016457 0.0044095 0.063583 0.065826 0.093092
0.0060235 0.02248 0.006236 0.08992 0.093092
0.02248 0.0060235 0.006236 0.08992 0.093092
0.001614 0.0060235 0.023273 0.08992 0.093092
0.0060235 0.001614 0.023273 0.08992 0.093092
0.0082283 0.030708 0.0085185 0.008819 0.12717
0.030708 0.0082283 0.0085185 0.008819 0.12717
0.0022048 0.0082283 0.031792 0.008819 0.12717
0.0082283 0.0022048 0.031792 0.008819 0.12717
0.0060235 0.02248 0.006236 0.024094 0.12717
0.02248 0.0060235 0.006236 0.024094 0.12717
0.001614 0.0060235 0.023273 0.024094 0.12717
0.0060235 0.001614 0.023273 0.024094 0.12717
0.0022048 0.0082283 0.0022825 0.032913 0.12717
0.0082283 0.0022048 0.0022825 0.032913 0.12717
0.00059076 0.0022048 0.0085185 0.032913 0.12717
0.0022048 0.00059076 0.0085185 0.032913 0.12717
0 0 0 0 0
0 0 1.0227 0 0
0 0.91477 0 0.46609 0
0 0 0.8176 0.001204 0
0 0 1.0047 0.15914 0.21623
0 0 0.9696 0.31504 0
0.20626 0 0.9704 0.15713 0
0 0.82551 0 0.66847 0
0 1.0266 0 0 0
0 0.99207 0 0 0.22722
0 0.90532 0 0.4494 0
0 0.50339 0 0.50339 0.23131
0 0.779 0 0 0
0 0.7385 0 0.7385 0
0 0.96062 0 0.24665 0
0 0.78888 0 0.20255 0
0 0.95758 0 0.24586 0.21014
0 1.0098 0 0.042325 0
0 0.93963 0.19972 0.24665 0
0.19972 0.93963 0 0.24665 0
0 0.9624 0 0 0
0 0.74384 0 0.36925 0
0 1.0176 0 0 0.015986
0.19496 0 0.91724 0.35996 0
0.40351 0 0.90631 0.15712 0
0.20175 0 0.94919 0.1537 0.20884
0.3814 0 0.85666 0.35996 0
0.1907 0 0.8972 0.35209 0.20884
0.30061 0.018913 0.67652 0.25355 0.20098
0 0 0.841 0.16043 0.080932
0 0 1.0022 0 0
0 0 1.0119 0.0014902 0
0 0 0.96091 0.28071 0
0 0 0.96639 0 0.31399
0 0 0.76618 0 0
0 0 0.98949 0.21185 0
0.013317 0.00099545 1.0201 0 0
0.078213 0.0049208 0.74563 0.070871 0.21879
0.11335 0.025337 0.73333 0.10567 0.24367
0.078106 0.020054 0.76724 0.072925 0.25178
0.069468 0.022572 0.69497 0.066055 0.22806
0.095686 0.018253 0.73992 0.035195 0.24276
0.067078 0.012796 0.74318 0.035195 0.24276
0 0.94452 0 0 0.20076
0 0.94452 0 0.20076 0
0 0.94452 0.20076 0 0
0.20009 0.94137 0 0 0
0 0.69613 0.043797 0.17909 0
0 0.75618 0 0.2457 0
0.19734 0.92845 0.20176 0.20626 0.22721
0 0.96623 0.31395 0.30275 0.11072
0.15798 0.74325 0 0 0.16151
0.18117 0.6236 0.18866 0.063923 0.2207
0.16151 0.75986 0 0 0
0.19572 0.9208 0 0 0.20009
0.19572 0.9208 0 0.20009 0
0.19572 0.9208 0.20009 0 0
0.39144 0.8792 0 0 0
0.19144 0.90068 0 0.19572 0.20009
0.19144 0.90068 0.19572 0 0.20009
0.38288 0.85998 0 0 0.20009
0.15798 0.74325 0 0.16151 0
0.15798 0.74325 0.16151 0 0
0.31684 0.71165 0 0 0
0.19144 0.90068 0.19572 0.20009 0
0.38417 0.86286 0 0.20076 0
0.15496 0.72904 0 0.15842 0.16196
0.15453 0.72701 0.15798 0.16151 0
0.30992 0.6961 0 0.16196 0
0.28269 0.63493 0.15535 0.18285 0.18878
0.31953 0.55345 0.20765 0.17253 0.22541
0.37074 0.8327 0.29617 0.31141 0.25874
0.36675 0.82374 0.29298 0.24343 0.31805
0 0.86116 0.25019 0.29138 0.30637
0 0.9954 0 0.21158 0.015986
0 0 0.9898 0.0014576 0.21039
0.2098 0.015683 0.9898 0.0014902 0
0 0 0.80118 0.0011798 0.1703
0 0 0.80093 0.17148 0
0.16951 0.012671 0.79973 0.001204 0
0 0 0.96787 0.20722 0.21038
0 0 0.78201 0.16742 0.16998
0.16576 0.01239 0.78201 0.17117 0
0.16581 0.012394 0.78226 0.0011777 0.16999
0 0 0.80118 0.0011788 0.17029
0 0 0.9898 0.0014563 0.21038
0.20195 0.05896 0.9898 0.0014902 0
0.19748 0.057653 0.96787 0.21185 0
0.18618 0.051957 0.75284 0.17458 0.20454
0 0 0.67073 0.21793 0.22915
0 0 1.0128 0 0.10645
0 0 0.87999 0 0.50806
0 0.81918 0 0 0.012869
0 1.0041 0.21343 0 0.016126
0.21083 0.99192 0 0 0.015925
0 0.80092 0 0 0.18343
0 0.97039 0 0.20626 0.22722
0 0.97887 0.20807 0 0.2292
0.20554 0.96701 0 0 0.22642
0 0.8036 0 0.17081 0.012906
0 0.98215 0.20876 0.21343 0.016126
0.20623 0.97025 0 0.21084 0.015925
0 0.78905 0 0.16772 0.18475
0 0.95748 0.20352 0.20807 0.2292
0.20105 0.94588 0 0.20554 0.22642
0 0.8036 0.17081 0 0.012906
0.17031 0.80128 0 0 0.012864
0.22161 0.68205 0 0.045119 0.24602
0.22473 0.69166 0 0.2363 0
0.34263 0 0.76958 0.54706 0
0.55118 0 0.75865 0.35996 0
0.37307 0 0.83794 0.35209 0.20884
0.58312 0 0.80261 0.15712 0
0.18134 0 0.85316 0.56642 0
0.49514 0 0.68152 0.54706 0
0.30862 0 0.69318 0.29126 0
0.3265 0 0.73336 0.12714 0
0.39469 0 0.88651 0.15369 0.20884
0.20625 0 0.9704 0.15712 0
0.39469 0.083893 0.90631 0.15712 0
0 0 0.92954 0.30203 0.31757
0 0 0.99063 0.21057 0.10645
0.094997 0.028207 0.94293 0.69074 0
0.099095 0.032198 0.86109 0.59112 0.0082441
0.55117 0 0.75865 0.35996 0
0.44599 0 0.61387 0.29126 0
0.53913 0 0.74207 0.35209 0.20884
0.58312 0 0.80262 0.15712 0
0.3814 0 0.85667 0.35996 0
0.69686 0 0.62748 0.35996 0
0.53913 0.1146 0.75865 0.35996 0
0.43624 0 0.60046 0.2849 0.16898
0.48432 0 0.66663 0.5351 0.20884
0.57037 0 0.78508 0.15369 0.20884
0.37306 0 0.83795 0.35209 0.20884
0.68163 0 0.61376 0.35209 0.20884
0.52735 0.11209 0.74207 0.35209 0.20884
0.47184 0 0.64945 0.12714 0
0.4035 0 0.90632 0.15712 0
0.73725 0 0.66384 0.15712 0
0.57037 0.12124 0.80262 0.15712 0
0.40065 0 0.55147 0.44266 0
0.34262 0 0.76958 0.54706 0
0.62602 0 0.56369 0.54706 0
0.48432 0.10295 0.68152 0.54706 0
0.30861 0 0.69318 0.29126 0
0.56388 0 0.50773 0.29126 0
0.43624 0.092727 0.61387 0.29126 0
0.68163 0.14489 0.62748 0.35996 0
0.6138 0.1576 0.59511 0.39801 0.24549
0.49926 0.16222 0.49298 0.12957 0.23775
0.24151 0.028584 0.74851 0.37539 0.15925
0.23458 0.027764 0.72703 0.42156 0.15943
0.2426 0.028714 0.75191 0.37139 0.15953
0.25369 0.025992 0.7849 0.29651 0.15305
0.24991 0.025605 0.77321 0.29209 0.15077
0.51886 0.032644 0.81924 0.17458 0.093191
0.81461 0 0.59187 0.052766 0.1597
0.55206 0.14175 0.60697 0.44645 0.24258
0.2634 0.06763 0.57794 0.51722 0.23878
0 0 0 0 0.1051
0 0 0.021852 0 0.10281
0 0 0.021375 0.0045434 0.10281
0.0045434 0 0.021375 0 0.10281
0.0044441 0 0.020908 0.0045434 0.10281
0 0 0 0 0.15993
0.28171 0 1.009 0 0
0.21213 0 0.99798 0 0.10724
0 0 0.99963 0.22344 0
0.20695 0.97365 0.21158 0 0.015981
0.4139 0.92966 0 0 0.015981
0.16604 0.78116 0 0 0.1829
0.20175 0.94919 0.20626 0 0.22721
0.40351 0.90631 0 0 0.22721
0.16707 0.78604 0 0.17081 0.012902
0.20243 0.95237 0.20695 0.21158 0.015981
0.40486 0.90934 0 0.21158 0.015981
0.16288 0.7663 0 0.16652 0.18343
0.39469 0.8865 0 0.20626 0.22721
0.16707 0.78604 0.17081 0 0.012902
0.33415 0.75053 0 0 0.012902
0.65079 0 0.47284 0.042154 0.12758
0.76999 0 0.55945 0.049875 0.36585
0.78794 0 0.57249 0.26096 0.1597
0.67375 0 0.7483 0.052766 0.1597
0.91987 0 0.40957 0.052766 0.1597
0.80791 0.17173 0.60012 0.053501 0.16193
0.62129 0 0.45141 0.040243 0.2952
0.74477 0 0.54113 0.24667 0.36585
0.64572 0 0.71716 0.05057 0.37095
0.86948 0 0.38713 0.049875 0.36585
0.76365 0.16232 0.56724 0.05057 0.37095
0.63577 0 0.46193 0.21057 0.12886
0.66077 0 0.73388 0.2646 0.16193
0.90214 0 0.40168 0.2646 0.16193
0.78145 0.1661 0.58046 0.2646 0.16193
0.60783 0 0.44163 0.20131 0.29858
0.62457 0 0.69368 0.2501 0.37095
0.85272 0 0.37967 0.2501 0.37095
0.73864 0.157 0.54866 0.2501 0.37095
0.54364 0 0.60379 0.042576 0.12886
0.74223 0 0.33047 0.042576 0.12886
0.64293 0.13666 0.47757 0.042576 0.12886
0.51975 0 0.57726 0.040705 0.29858
0.70961 0 0.31595 0.040705 0.29858
0.61468 0.13065 0.45658 0.040705 0.29858
0.9123 0.19392 0.41527 0.053501 0.16193
0.86232 0.18329 0.39253 0.05057 0.37095
0.66821 0.14203 0.75873 0.053501 0.16193
0.99522 0 0.30619 0 0
0.53466 0.033638 0.88459 0 0
1.0351 0 0 0 0
0.79994 0.050328 0.50868 0 0.4837
0.96301 0.060587 0.31354 0 0.047846
0.87661 0 0 0 0.50611
0.49092 0.093648 0.6879 0 0.020038
0.89972 0 0.50079 0 0
0.64426 0 0.88677 0 0
0.90023 0.085097 0.29382 0 0.22826
0.89501 0 0.29082 0 0
0.60207 0 0.64116 0.032251 0
0.86122 0.19251 0.41528 0.10767 0.092753
0.98809 0 0.39123 0.07804 0.050252
0.93545 0.029398 0.30411 0.036084 0.093085
0.95458 0.090234 0.31156 0 0.047545
0.93315 0.10302 0.32145 0.018186 0.11747
0.68858 0.07602 0.2372 0.01342 0.086682
0.69487 0.065685 0.23898 0.00676 0.06974
0.85839 0.081142 0.28017 0 0.21765
0.85321 0.080652 0.27848 0.099483 0.21765
0.93144 0.073306 0.3036 0.054064 0.22399
0.74501 0.058634 0.24283 0.043244 0.17916
0.69714 0.054866 0.22723 0.053996 0.16784
0.69664 0.054827 0.22707 0.060731 0.16784
0 0 0.83902 0.27261 0.28664
0 0 0.93664 0 0
1.0254 0 0 0.27884 0
0.59881 0 0.43507 0 0
0.73929 0 0.53715 0 0.29692
0.89449 0 0 0.24132 0.020014
0.81434 0 0 0 0.26459
0.93737 0 0 0 0
0.90071 0 1.4148e-05 0.29893 0
1.0054 0 1.5793e-05 0.59461 0.11042
0.81888 0 1.2863e-05 0.47967 0
0.68763 0.065001 0.1544 0.33849 0.17536
0.73821 0 0 0.56767 0
0.7377 0.23969 0 0 0
0.60634 0 0 0.35517 0.04421
1.0145 0 0.090555 0 0.21649
0.98211 0.31911 0.29125 0.0067415 0
0.91373 0.20424 0.24041 0.0060737 0.12212
0.92834 0 0 0.19733 0
0 0 0 1.0207 0
0.72844 0.13896 0 0.046656 0
0 0 0 0.95948 0.23607
0.81524 0 0.15551 0.895 0
0.67255 0 0.21852 0.76259 0
0.43528 0 0 0.9944 0.13713
0.5988 0 0 0.67349 0
0.84077 0.10621 0.080108 0.49146 0.31937
0 0 0 0.97126 0.030905
0 0 0 0.72028 0.022919
0 0 0 0.795 0.025296
0 0 0 0.67143 0.15202
0 0 0 0.68139 0.13165
0.17337 0.11002 0 0.96601 0.031424
0.057544 0.069558 0 0.7146 0.022919
0.056741 0.068588 0 0.70464 0.12206
0 0 0 0.9618 0.30696
0 0 0 1.0103 0.09641
0 0 0 0.78467 0.64224
0 0 0 0.88399 0.50423
0 0 0 0.71664 0.72417
0 0 0 0.62752 0.81558
0 0 0 0.85117 0.58498
0 0 0 0.59771 0.81365
0 0 0 0.46764 0.90601
0 0 0 0.41249 0.91352
0 0 0 0 0.97238
0 0 0 1.0046 0.10028
0.91705 0 0 0.049637 0.019839
1.003 0 0 0.27275 0.22093
0.71854 0 0.23347 0 0.24548
0.76262 0 0 0 0
0.70017 0.2275 0.1166 0 0.24219
0.92834 0.19733 0 0 0
0.82046 0 0 0 0.47369
0 0 0 0 1.0044
0 0 0 0.2039 0.95927
0 0 0 0.36014 0.95304
0 0 0 0.55169 0.85934
0 0 0 0 0.79192
0 0 0 0.16465 0.77462
0 0.034026 0.0037565 0.16105 0.77462
0 0 0 0 0.70572
0 0.042137 0.004652 0.19944 0.95927
0 0.040249 0.013311 0.19944 0.95927
0.0087607 0.041216 0.004652 0.19944 0.95927
0 0.032501 0.010749 0.16105 0.77462
0.0070744 0.033282 0.0037565 0.16105 0.77462
0 0 0 0 0.87662
0 0 0 0.10184 0.96895
0 0 0 0.091893 0.8743
0 0 0 0 0.83018
0.034001 0.17824 0.058958 0.5872 0.44365
0 0 0 0.33564 0.74332
0 0 0 0.2151 0.98642
0.0054241 0.086213 0 0.4064 0.92014
0 0 0 0.48285 0.6573
0.007803 0.12403 0 0.58465 0.81365
0 0 0 0.17376 0.79686
0.002808 0.044633 0 0.2104 0.98642
0.0043816 0.069644 0 0.32831 0.74332
0.0022684 0.036055 0 0.16996 0.79686
0.7429 0 0 0.040211 0.016071
0.90075 0 0 0.048755 0.2122
0.9049 0 0.19234 0.050074 0.020014
0.9049 0.19234 0 0.050074 0.020014
0.73409 0 0 0.19805 0.016425
0.55878 0.18156 0.1909 0.23835 0.23107
0.61965 0 0.038985 0.23955 0.23223
0.98496 0.32003 0 0.39958 0.30555
0.98645 0.28659 0.33377 0 0
0.94657 0.30756 0.18986 0 0.042467
1.0256 0 0.091551 0 0
0.60459 0.19644 0 0.24527 0.092065
0.61103 0.19853 0 0.09532 0.22666
0.57425 0.18658 0 0.23296 0.22585
0.75457 0.083305 0.25993 0.014706 0.094989
0.88979 0.098234 0.30651 0.017341 0.32125
0.9092 0.10038 0.3132 0.2241 0.11747
0.84633 0.093436 0.50961 0.018186 0.11747
0.97919 0.1081 0.11923 0.018186 0.11747
0.89134 0.29478 0.32145 0.018186 0.11747
0.71951 0.079435 0.24785 0.014023 0.25977
0.86696 0.095713 0.29865 0.21369 0.32125
0.80701 0.089094 0.48594 0.017341 0.32125
0.93369 0.10308 0.11369 0.017341 0.32125
0.84993 0.28109 0.30651 0.017341 0.32125
0.73521 0.081167 0.25326 0.18122 0.094989
0.68436 0.075555 0.41209 0.014706 0.094989
0.7918 0.087415 0.096413 0.014706 0.094989
0.72076 0.23837 0.25993 0.014706 0.094989
0.70815 0.07818 0.24394 0.17455 0.2624
0.65918 0.072774 0.39692 0.014165 0.2624
0.76266 0.084198 0.092864 0.014165 0.2624
0.69423 0.2296 0.25036 0.014165 0.2624
0.96575 0.10662 0.11759 0.22685 0.11891
0.94677 0.31312 0.12069 0.018409 0.11891
0.92088 0.10167 0.11213 0.21631 0.32519
0.90279 0.29857 0.11508 0.017554 0.32519
0.83471 0.092153 0.50262 0.22685 0.11891
0.81831 0.27063 0.51586 0.018409 0.11891
0.79593 0.087872 0.47927 0.21631 0.32519
0.7803 0.25806 0.49189 0.017554 0.32519
0.78344 0.10022 0.062173 0.1878 0.07495
0.92872 0.078967 0.073371 0.25473 0.2181
0.91158 0.23711 0.074145 0.25742 0.22041
0.87047 0.3494 0.073835 0.25634 0.21949
0.79648 0.13643 0.60675 0.34894 0
0.029234 0.15325 0.040057 0.62733 0.36943
0.002808 0.044632 0 0.2104 0.98642
0.005424 0.086211 0 0.4064 0.92014
0.0054933 0.087314 0 0.1965 0.98642
0.0027466 0.043656 0.0092978 0.2104 0.98642
0.012026 0.043072 0 0.2104 0.98642
0.010611 0.16866 0 0.37956 0.92014
0.0053054 0.084327 0.01796 0.4064 0.92014
0.02323 0.0832 0 0.4064 0.92014
0.0085719 0.13625 0 0.30662 0.74332
0.010379 0.16497 0.035135 0.37956 0.92014
0.045445 0.16277 0 0.37956 0.92014
0.0044377 0.070535 0 0.15874 0.79686
0.0053733 0.085406 0.018189 0.1965 0.98642
0.023527 0.084264 0 0.1965 0.98642
0.0042859 0.068122 0.014508 0.32831 0.74332
0.018766 0.067211 0 0.32831 0.74332
0.0022188 0.035267 0.007511 0.16996 0.79686
0.009715 0.034795 0 0.16996 0.79686
0 0 0 0.85352 0.56065
0 0 0 0.5517 0.85934
0 0 0 0.61852 0.73972
0 0 0 0.90031 0.46468
0.0050134 0.049701 0.0095291 0.53798 0.80416
0 0 0 0.42165 0.62747
0 0 0 0.62947 0.43262
0 0 0 0.50193 0.57537
0 0.75965 0.16146 0.1994 0
0 0.9191 0.19535 0.24126 0.2062
0 0.86894 0.18469 0.44098 0
0 0.96926 0.20602 0.041531 0
0 0.87757 0.39071 0.24665 0
0.19536 0.9191 0.19972 0.24665 0
0 0.75478 0.16043 0.19812 0.16934
0 0.70249 0.14932 0.35651 0
0 0.7836 0.16655 0.033576 0
0 0.70948 0.31587 0.1994 0
0.16043 0.75478 0.16401 0.20255 0
0 0.96618 0.20536 0.0414 0.21014
0 0.90524 0.40303 0.041532 0
0.20537 0.96618 0.20995 0.042325 0
0 0.77858 0.16549 0.033361 0.16934
0 0.73185 0.32583 0.033577 0
0.16549 0.77858 0.16918 0.034106 0
0 0.86618 0.18411 0.43958 0.21014
0 0.81155 0.36132 0.44098 0
0.18411 0.86618 0.18822 0.4494 0
0 0.69799 0.14836 0.35423 0.16934
0 0.66646 0.29672 0.36214 0
0.14836 0.69799 0.15167 0.36214 0
0 0.80898 0.36017 0.43958 0.21014
0.17195 0.80898 0.36822 0.4494 0
0 0.61381 0.13047 0.39824 0.046759
0 0.87153 0.50317 0 0.12713
0 0.9895 0.21032 0.17328 0
0 1.0162 0 0.17406 0.19667
0 0 0 0.77847 0.24845
0.012657 0.20117 0 0.94832 0.30942
0 0 0 0.62209 0.44702
0.22956 0.074588 0 0.70738 0
0.81835 0.10338 0.25849 0.49907 0.32431
0.42499 0 0 0.97091 0.34437
0 0 0 0.97805 0.26756
0 0 0 0.35948 0.67891
0 0 0 0.25966 0.91146
0 0 0 0.44349 0.83756
0 0 0 0.5024 0.60084
0 0.12597 0.032343 0.61186 0.7481
0 0 0 0.14673 0.6903
0.0046122 0.02912 0.0007875 0.20724 0.98479
0.084821 0.02756 0.73706 0.77623 0.0084363
0.092339 0.053312 0.88117 0.6049 0.0084363
0.10604 0.011145 0.88117 0.6049 0.0084363
0.080958 0.026305 0.70349 0.48293 0.0067352
0.099024 0.032175 0.86048 0.5907 0.23157
0.27343 0.088842 0.83975 0.6049 0.0084363
0.079562 0.045935 0.75924 0.79959 0.0086902
0.091367 0.009603 0.75924 0.79959 0.0086902
0.22871 0.074313 0.70241 0.77623 0.0084363
0.24636 0.025894 0.72355 0.79959 0.0086902
0.21453 0.12386 0.72355 0.79959 0.0086902
0 0 0.45595 0.5894 0.0058527
0 0 0.62942 0.81363 0.0080794
0.21195 0 0.45663 0.50473 0.23783
0.23866 0 0.51416 0.44088 0.23958
0.18297 0.046979 0.40698 0.58 0.24464
0.28015 0.13183 0.66704 0.73732 0.27436
0.15024 0.018979 0.86236 0.59669 0.10268
0.13898 0.060141 0.86236 0.59669 0.10268
0.29108 0.11525 0.83547 0.56784 0.085322
0.19469 0.049988 0.61672 0.83849 0
0.18717 0.074107 0.61765 0.83976 0
0.25882 0.049373 0.56765 0.80898 0.30501
0.26784 0.051093 0.58744 0.83718 0.20708
0.24981 0.098905 0.57882 0.8249 0.27477
0.24505 0.097023 0.56781 0.8092 0.34132
0.1943 0.024545 0.42191 0.60128 0
0.085047 0.046755 0.74019 0.58062 0.31552
0.13756 0.054462 0.67012 0.53375 0.028005
0.18969 0.036185 0.72375 0.5105 0
0.15299 0.029185 0.70547 0.49236 0.29168
0.32389 0.061785 0.71036 0.53372 0.31619
0.35657 0.078967 0.78679 0.51452 0.33647
0.34755 0.11217 0.78679 0.51452 0.33647
0.34481 0.12033 0.78679 0.51452 0.33647
0.33329 0.071072 0.73418 0.62954 0.34211
0.053267 0.011359 0.62506 0.81106 0.34211
0.067662 0.018939 0.80637 0.62954 0.34211
0.35718 0.076164 0.78679 0.51452 0.33647
0.28644 0.080179 0.7938 0.57771 0.30591
0.32565 0.11364 0.81131 0.52292 0.27005
0.31884 0.13427 0.81376 0.5245 0.27087
0.31671 0.13338 0.80834 0.52101 0.29562
0.31585 0.13265 0.80847 0.52199 0.29513
0.36368 0.10141 0.8134 0.49567 0.23441
0.36055 0.11286 0.81393 0.49599 0.23456
0.35961 0.11218 0.81408 0.49696 0.23406
0.35184 0.10975 0.7965 0.48623 0.31577
0.35145 0.10963 0.79845 0.48486 0.316
0.34481 0.10756 0.79471 0.50857 0.31796
0.34308 0.10702 0.79071 0.50601 0.33536
0 0 0 0 0.81433
0.0037305 0.023554 0.00063696 0.16762 0.79654
0.011249 0.071025 0.0019207 0.19657 0.98479
0.0044858 0.028322 0.0069002 0.20724 0.98479
0.010566 0.027525 0.0007875 0.20724 0.98479
0.0090988 0.057448 0.0015536 0.159 0.79654
0.010941 0.069079 0.01683 0.19657 0.98479
0.02577 0.067134 0.0019207 0.19657 0.98479
0.0036283 0.022908 0.0055812 0.16762 0.79654
0.0085461 0.022263 0.00063696 0.16762 0.79654
0.010276 0.026771 0.0069002 0.20724 0.98479
0 0 0 0.22568 0.69456
0 0 0 0.091532 0.72455
0 0 0 0.068728 0.72707
0 0 0 0.20953 0.73551
0 0.05229 0.013426 0.25398 0.91146
0 0.073116 0.018773 0.35514 0.68569
0 0 0 0.052266 0.76643
0 0 0 0.2658 0.97155
0.59096 0 0.03718 0.82585 0.031935
0.76657 0 0.048229 0.70038 0.032666
0.48022 0 0.030213 0.67111 0.025951
0.58733 0 0.036952 0.82079 0.24807
0.58337 0 0.16288 0.84477 0.032666
0.57871 0 0 0.65089 0.28299
0.90794 0 0.20895 0.68589 0
0.16146 0.75965 0 0.1994 0
0.19535 0.9191 0 0.24126 0.2062
0.18469 0.86894 0 0.44098 0
0.20602 0.96926 0 0.041531 0
0.39071 0.87757 0 0.24665 0
0.19535 0.9191 0.19972 0.24665 0
0.16043 0.75478 0 0.19812 0.16934
0.15167 0.71358 0 0.36214 0
0.16655 0.7836 0 0.033576 0
0.16043 0.75478 0.16402 0.20255 0
0.32086 0.72068 0 0.20255 0
0.20536 0.96618 0 0.0414 0.21014
0.20536 0.96618 0.20996 0.042325 0
0.41073 0.92253 0 0.042325 0
0.16549 0.77858 0 0.033361 0.16934
0.16549 0.77858 0.16919 0.034106 0
0.33098 0.7434 0 0.034106 0
0.18411 0.86618 0 0.43958 0.21014
0.18411 0.86618 0.18823 0.4494 0
0.36822 0.82705 0 0.4494 0
0.1312 0.82837 0.21534 0.30561 0.23577
0.37452 0.84119 0.19572 0 0.20009
0.33102 0.64967 0.23691 0.13132 0.1232
0 0.75573 0.24555 0.50428 0.24164
0 0.8049 0.23384 0.53192 0.32255
0 0.78417 0.25479 0.52326 0.3173
0 0.89719 0.29152 0.59868 0
0 0 0 0 0.052408
0 0 0.0054781 0 0.052121
0 0 0.0054481 0.00057262 0.052121
0.00057262 0 0.0054481 0 0.052121
0 0 0 0 0.078702
0 0 0 0 0.047159
0 0 0 0.73141 0.37751
0 0.15156 0.11011 0.88136 0.46506
0 0 0 0.79011 0.21614
0 0.16451 0.11953 0.95668 0.26756
0 0 0 0.63389 0.51882
0 0.13276 0.096453 0.77201 0.64599
0 0.13354 0.097023 0.77657 0.21719
0 0.13686 0.152 0.96227 0.26912
0 0.18685 0.083193 0.96227 0.26912
0.034404 0.16186 0.12022 0.96227 0.26912
0 0.12303 0.089384 0.71543 0.37751
0 0.12609 0.14003 0.88651 0.46778
0 0.17214 0.076643 0.88651 0.46778
0.031695 0.14912 0.11076 0.88651 0.46778
0 0.10714 0.077839 0.62302 0.52133
0 0.058733 0.080839 0.79097 0.41149
0 0 0 0.97474 0.42787
0.024704 0.11052 0.1206 0.74011 0.27752
0.014195 0.15017 0.082926 0.77008 0.23373
0 0 0 0.5194 0.52486
0 0 0 0.70902 0.25946
0.015444 0.060151 0.034141 0.74971 0.27557
0 0 0 0.70961 0.31149
0 0 0 0.68616 0.3012
0 0.071588 0.059223 0.73546 0.12139
0.011179 0.07058 0.08638 0.70782 0.21228
0.00081318 0.025876 0.035633 0.70007 0.25669
0 0 0 0.24154 1.0003
0 0 0 0.30108 0.9266
0 0 0 0.31537 0.95354
0 0 0 0.35437 0.96442
0 0 0 0.18226 0.85746
0 0.037665 0.0041583 0.17828 0.85746
0 0.030322 0.0033476 0.14352 0.6903
0 0.035977 0.011898 0.17828 0.85746
0.007831 0.036842 0.0041583 0.17828 0.85746
0 0.028964 0.0095788 0.14352 0.6903
0.0063044 0.02966 0.0033476 0.14352 0.6903
0.00012817 0.0013559 0.0004807 0.045959 0.73086
0 0 0 0.21509 0.98642
0.005424 0.086212 0 0.4064 0.92014
0.002808 0.044632 0 0.21039 0.98642
0.0063035 0.10019 0 0.4723 0.6573
0.0076325 0.12132 0.025837 0.58465 0.81365
0.033419 0.11969 0 0.58465 0.81365
0.0043817 0.069645 0 0.3283 0.74332
0.0053055 0.084328 0.01796 0.4064 0.92014
0.02323 0.083201 0 0.4064 0.92014
0.0061658 0.098002 0.020872 0.4723 0.6573
0.026997 0.096692 0 0.4723 0.6573
0.012026 0.043072 0 0.21039 0.98642
0.20521 0.01534 0.96817 0.0014576 0.21039
0.20515 0.015335 0.96787 0.21185 0
0.41043 0.03068 0.92443 0.0014902 0
0.20067 0.015 0.94672 0.20722 0.21039
0.40146 0.03001 0.90423 0.0014576 0.21039
0.19754 0.057671 0.96817 0.0014576 0.21039
0.40134 0.030001 0.90395 0.21185 0
0.16213 0.01212 0.76492 0.16743 0.16999
0.39257 0.029345 0.88419 0.20722 0.21039
0.19316 0.056393 0.94672 0.20722 0.21039
0 0 0.7804 0 0.25356
0.19126 0.89983 0 0 0.42701
0.1545 0.72689 0 0 0.34494
0.18774 0.88325 0 0.19193 0.42851
0.18774 0.88325 0.19193 0 0.42851
0.37417 0.8404 0 0 0.42701
0.16288 0.7663 0.16652 0 0.18343
0.32576 0.73168 0 0 0.18343
0.30313 0.68085 0 0 0.34594
0.36727 0.82492 0 0.19193 0.42851
0.36727 0.82492 0.19193 0 0.42851
0.15156 0.71306 0 0.15495 0.34594
0.15156 0.71306 0.15495 0 0.34594
0.14731 0.93008 0.059245 0.059362 0.15431
0 0.83819 0.0074062 0.27236 0.52748
0 0.60606 0.19692 0.20706 0.40101
0 0.66185 0.21505 0.13275 0.32615
0.040229 0.61378 0.19986 0.1824 0.40217
0.1422 0.89786 0.057192 0.29595 0.1037
0.18437 0.86741 0.055792 0.2887 0.15249
0.18298 0.86086 0.055371 0.28653 0.15134
0.18212 0.85682 0.06894 0.2855 0.15079
0.18192 0.85589 0.068 0.28516 0.15062
0.18173 0.85498 0.067065 0.28484 0.15045
0.18154 0.85411 0.066134 0.28453 0.15028
0 0.88546 0.39422 0.040624 0.2062
0 0.80167 0.58243 0.041532 0
0.18821 0.88546 0.40303 0.041532 0
0 0.96926 0.20601 0.041532 0
0 0.71585 0.31871 0.032843 0.1667
0 0.65834 0.4783 0.034107 0
0.15456 0.72716 0.33097 0.034107 0
0 0.87479 0.38947 0.24586 0.21014
0 0.77716 0.56463 0.24665 0
0.18594 0.87479 0.39817 0.25136 0
0 0.70493 0.31385 0.19812 0.16934
0 0.63822 0.46368 0.20255 0
0.14984 0.70493 0.32086 0.20255 0
0 0.64396 0.46785 0.033361 0.16934
0 0.77858 0.16548 0.033361 0.16934
0.15118 0.71127 0.32374 0.033361 0.16934
0 0.96619 0.20536 0.0414 0.21014
0.20537 0.96619 0.20995 0.042325 0
0 0.93963 0.19971 0.24665 0
0 0.79913 0.58059 0.0414 0.21014
0.16986 0.79913 0.59356 0.042325 0
0 0.7747 0.56284 0.24586 0.21014
0.16467 0.7747 0.57542 0.25136 0
0 0.65042 0.19637 0.25268 0.23553
0 0.49116 0.44223 0.21474 0.24199
0 0 0 0 0.90397
0.0023133 0.014605 0.00039497 0.10394 0.99887
0.002082 0.013145 0.00035548 0.093548 0.89902
0.0006016 0.0037983 0.00010272 0.10492 0.99887
0.0039996 0.025252 0.00068289 0.10182 0.99887
0.0022996 0.014519 0.0019432 0.10419 1.0013
0.00077577 0.014803 0.00039592 0.10419 1.0013
0.0038365 0.014318 0.00039592 0.10419 1.0013
0.0036076 0.022777 0.00061596 0.091843 0.90097
0.003976 0.025104 0.0033597 0.10207 1.0013
0.0013413 0.025593 0.00068453 0.10207 1.0013
0.0066331 0.024755 0.00068453 0.10207 1.0013
0.00054264 0.0034261 9.2651e-05 0.094633 0.90097
0.00059806 0.003776 0.00050535 0.10517 1.0013
0.00020175 0.0038497 0.00010297 0.10517 1.0013
0.00099773 0.0037236 0.00010297 0.10517 1.0013
0.0020693 0.013065 0.0017485 0.093751 0.90097
0.00069806 0.01332 0.00035626 0.093751 0.90097
0.0034521 0.012884 0.00035626 0.093751 0.90097
0.52623 0 0 0 0.17098
0.47918 0 0 0 0.27665
0.56434 0 0 0 0.059315
0.88103 0 0.18728 0.29893 0
0.46124 0.058269 0.15106 0 0
0.46491 0.15106 0 0 0
0.72026 0 0 0.18493 0
0.72679 0 1.1416e-05 0.24121 0
0.43737 0.14211 0.087727 0.059144 0
0.89193 0.28981 0.1789 0.12824 0
0.73808 0.23982 0.25216 0.21636 0
0.41281 0.13413 0.14103 0.14829 0
0.41198 0.13386 0.14075 0.14799 0.01505
0.44216 0.14367 0.15106 0 0
0.94318 0 1.4815e-05 0.10513 0
0.88103 0 1.3839e-05 0.2924 0.19731
0.88103 0.18727 1.4148e-05 0.29893 0
0.77363 0 1.2152e-05 0.086229 0
0.91202 0.29633 0 0.70597 0.38691
0.9796 0.31829 0 0.57471 0.38324
0.90329 0.28762 0.031656 0.69828 0.37504
0.77123 0.19802 0.051668 0.15741 0.20882
0.67727 0.064021 0.042802 0.38033 0.073785
0.64463 0.17092 0.068334 0.47749 0.090867
0.83491 0.27128 0.16748 0.65794 0.046513
0.024235 0.12705 0.074672 0.70261 0.72585
0.018614 0.097578 0.057352 0.53964 0.85934
0 0 0 0.57956 0.58565
0 0 0 0.29125 0.77074
0.012179 0.063845 0.037525 0.35309 0.95526
0 0 0 0.50673 0.86713
0 0 0 0.37185 0.82352
0.0027127 0.043118 0 0.41105 0.91535
0 0 0 0.45673 0.78157
0.0033433 0.05314 0 0.50659 0.87167
0.0030064 0.047785 0 0.45555 0.78384
0 0 0 0.28425 0.85945
0.0020807 0.033072 0 0.31528 0.95853
0.0024522 0.038976 0 0.37157 0.82742
0 0 0 0.22605 0.82624
0 0 0 0.2385 0.87174
0 0.093858 0 0.047823 0
0 0.091807 0 0.046778 0.021901
0 0.081864 0 0.066293 0
0 0.10175 0 0.027264 0
0 0.091807 0.019514 0.047823 0
0.019514 0.091807 0 0.047823 0
0 0.080075 0 0.064844 0.021901
0 0.099527 0 0.026668 0.021901
0 0.089801 0.019088 0.046778 0.021901
0.019088 0.089801 0 0.046778 0.021901
0 0.055615 0 0.028337 0.0078853
0 0 0 0.10185 0.96895
0 0 0 0.082332 0.7833
0 0.021047 0.0023236 0.09962 0.96895
0 0 0 0.24339 0.74906
0 0.062219 0.0068691 0.2945 0.9266
0 0.050298 0.0055529 0.23807 0.74906
0 0.059431 0.019655 0.2945 0.9266
0.012936 0.060859 0.0068691 0.2945 0.9266
0 0.017014 0.0018784 0.080533 0.7833
0 0.020104 0.0066488 0.09962 0.96895
0.0043759 0.020587 0.0023236 0.09962 0.96895
0 0.048044 0.015889 0.23807 0.74906
0.010458 0.049199 0.0055529 0.23807 0.74906
0 0.016252 0.0053749 0.080533 0.7833
0.0035375 0.016643 0.0018784 0.080533 0.7833
0 0 0.90395 0.19353 0.41158
0 0 0.90364 0.40392 0.21038
0.19317 0.056394 0.94672 0.20722 0.21038
0 0 0.73169 0.15665 0.33315
0 0 0.73144 0.32695 0.17029
0.15636 0.045647 0.76631 0.16773 0.17029
0 0 0.92646 0.0013631 0.41248
0 0 0.74827 0.0011009 0.33315
0.18628 0.054382 0.91295 0.0013732 0.41555
0 0 0.84581 0.37807 0.41248
0.18209 0.053159 0.89241 0.40781 0.21241
0.15026 0.043866 0.7364 0.0011077 0.33519
0.18215 0.053177 0.89272 0.1954 0.41555
0 0 0.68313 0.30535 0.33315
0.17006 0.049648 0.83348 0.38088 0.41555
0.13718 0.040047 0.6723 0.30723 0.33519
0.17893 0.096242 0.95585 0.20921 0.21241
0.18916 0.014139 0.89241 0.40781 0.21241
0.16706 0.089855 0.89241 0.40781 0.21241
0 0 0.80392 0.35792 0.50805
0.18279 0.85999 0.39144 0 0
0.38288 0.85999 0.20009 0 0
0.15453 0.72701 0.15798 0 0.16151
0.18726 0.881 0.19144 0.19572 0.20009
0.1788 0.84119 0.38288 0 0.20009
0.1788 0.84119 0.38288 0.20009 0
0.37452 0.84119 0.19572 0.20009 0
0.15115 0.71112 0.15453 0.15798 0.16151
0.17489 0.82281 0.37452 0.19572 0.20009
0.36633 0.82281 0.19144 0.19572 0.20009
0.92834 0 0 0 0.19733
0.92834 0 0.19733 0 0
0.92332 0.11664 0.087973 0.30374 0.31937
0.66322 0.21549 0.22658 0 0.23824
0.65918 0 0 0.14734 0.085328
0.94566 0.029718 0.18048 0.31296 0.26003
0.93272 0.22393 0.083078 0.1525 0.06133
0 0 0 0 0.21255
0 0 0.021852 0 0.1028
0 0 0.044192 0 0.20791
0 0 0.043227 0.0091881 0.20791
0.0091881 0 0.043227 0 0.20791
0.0089873 0 0.042282 0.0091881 0.20791
0 0 0.021374 0.0045433 0.1028
0.0045433 0 0.021374 0 0.1028
0.004444 0 0.020907 0.0045433 0.1028
0 0 0 0 0.078699
0 0 0 0 0.13218
0.31937 0 0.71733 0.12436 0.16898
0.20175 0 0.9492 0.15369 0.20884
0.57038 0 0.78508 0.15369 0.20884
0.38606 0.08206 0.88651 0.15369 0.20884
0.37307 0.079298 0.85666 0.35996 0
0.30187 0 0.67804 0.2849 0.16898
0.36491 0.077565 0.83794 0.35209 0.20884
0.66775 0 0.80719 0 0
0.45757 0.10228 0.67461 0.077658 0.058428
0.21729 0.055791 0.74308 0.26576 0.19017
0.19281 0.062647 0.67149 0.24015 0.17185
0.34545 0.11224 0.69481 0.26843 0.16484
0.30073 0.097712 0.60485 0.23368 0.21575
0.31742 0.10245 0.61433 0.17656 0.20947
0.31417 0.10208 0.60842 0.17486 0.23201
0.31785 0.081609 0.6044 0.19105 0.23192
0.3184 0.081667 0.604 0.1913 0.23191
0.31262 0.10158 0.604 0.1913 0.23191
0.52785 0 0.58625 0 0.15049
0.52421 0.032981 0.58336 0 0.14974
0.15571 0.050592 0.96802 0.44329 0.21427
0 0 0.94527 0.20092 0.31399
0.20136 0 0.94734 0 0.31468
0 0 0.81754 0 0.085927
0 0 0.71063 0 0.41028
0 0 0.86076 0.18296 0.50806
0.18336 0 0.86264 0 0.50917
0 0 0.76473 0.16255 0.25402
0.19696 0 0.92664 0.20136 0.31468
0.17102 0 0.80457 0 0.086452
0.16255 0 0.76473 0 0.25402
0.14478 0 0.68114 0.14801 0.41101
1.009 0 0 0.29315 0
0 0 0 0.37634 0.72912
0.017009 0.095681 0.003054 0.45742 0.90601
0.013727 0.07722 0.0024648 0.36917 0.73121
0.016728 0.094099 0.023475 0.46301 0.91707
0.036976 0.091152 0.0030913 0.46301 0.91707
0.0097859 0.055049 0.0017571 0.26318 0.98344
0 0 0 0 0.026186
0 0 0.0013705 0 0.02615
0 0 0.0013686 7.1724e-05 0.02615
7.1724e-05 0 0.0013686 0 0.02615
0 0 0 0 0.013091
0 0 0.00034267 0 0.013086
0 0 0.00034256 8.9702e-06 0.013086
8.9701e-06 0 0.00034256 0 0.013086
0 0 0 0 0.0078542
0 0 0.78958 0.099747 0.25859
0 0 0.85263 0.13504 0.16468
0 0 0.8471 0.13417 0.19171
0.48533 0 0.92838 0 0
0 0 0 0 0.0065451
0 0 8.5672e-05 0 0.0065445
0 0 8.5665e-05 1.1214e-06 0.0065445
1.1214e-06 0 8.5665e-05 0 0.0065445
0 0 0 0 0.009818
0.0036078 0.022779 0.00061601 0.091848 0.90097
0.0029084 0.018363 0.00049658 0.074041 0.7263
0.010665 0.067339 0.001821 0.27152 0.8616
0.00054274 0.0034267 9.2669e-05 0.094637 0.90097
0.0065152 0.041135 0.0011124 0.085044 0.90097
0.0035089 0.022155 0.0053976 0.091848 0.90097
0.008265 0.021531 0.00061601 0.091848 0.90097
0.0085977 0.054284 0.001468 0.21888 0.69456
0.0016044 0.01013 0.00027395 0.27977 0.8616
0.01926 0.1216 0.0032885 0.25141 0.8616
0.010373 0.065493 0.015956 0.27152 0.8616
0.024433 0.06365 0.001821 0.27152 0.8616
0.015526 0.098029 0.002651 0.20267 0.69456
0.018732 0.11827 0.028815 0.25141 0.8616
0.044122 0.11494 0.0032885 0.25141 0.8616
0.0012934 0.0081662 0.00022084 0.22553 0.69456
0.0015605 0.0098525 0.0024004 0.27977 0.8616
0.0036756 0.0095751 0.00027395 0.27977 0.8616
0.0083621 0.052796 0.012863 0.21888 0.69456
0.019696 0.05131 0.001468 0.21888 0.69456
0.015101 0.095343 0.023229 0.20267 0.69456
0.035569 0.092659 0.002651 0.20267 0.69456
0.00043752 0.0027624 7.4703e-05 0.07629 0.7263
0.0052521 0.033161 0.00089676 0.068557 0.7263
0.0028287 0.01786 0.0043512 0.074041 0.7263
0.0066627 0.017357 0.00049658 0.074041 0.7263
0.0063367 0.040008 0.0097473 0.085044 0.90097
0.014925 0.038882 0.0011124 0.085044 0.90097
0.0051082 0.032252 0.0078576 0.068557 0.7263
0.012032 0.031344 0.00089676 0.068557 0.7263
0.00052787 0.0033328 0.00081198 0.094637 0.90097
0.0012433 0.003239 9.2669e-05 0.094637 0.90097
0.011702 0.030485 0.0078576 0.068557 0.7263
0.00042553 0.0026867 0.00065457 0.07629 0.7263
0.0010023 0.0026111 7.4703e-05 0.07629 0.7263
0.0012093 0.0031502 0.00081198 0.094637 0.90097
0.002963 0.0077188 0.00022084 0.22553 0.69456
0.00097483 0.0025395 0.00065457 0.07629 0.7263
0.0080385 0.020941 0.0053976 0.091848 0.90097
0 0 0 0.81155 0.081008
0.013115 0.20846 0 0.98265 0.10028
0.010615 0.16872 0 0.79535 0.081165
0.010163 0.16153 0 0.76146 0.24845
0.0099873 0.15874 0.033809 0.76502 0.24961
0.043729 0.15662 0 0.76502 0.24961
0.054207 0.19415 0 0.94832 0.30942
0.63632 0 0 0 0.57294
0.59254 0 0 0 0.3421
0.72533 0 0 0.15417 0.42812
0.72533 0 0.15417 0 0.42812
0.72533 0.15417 0 0 0.42812
0.66016 0 0 0 0.2145
0.51585 0 0 0 0.46447
0.74264 0 0.046723 0.046816 0.82805
0.52939 0.033307 0.033373 0.17269 0.48237
0.37575 0.12209 0.024857 0.12863 0.46228
0.40053 0.13014 0.13684 0.1137 0.50775
0.51913 0.16868 0.17736 0.18648 0.12827
0.90068 0.056666 0.056778 0.085476 0.45087
0.85062 0 0.053517 0.053622 0.62045
1.0133 0.32924 0 0 0.22646
1.0304 0.13017 0 0 0.22075
0.98862 0 0.18859 0.32701 0.36851
1.01 0 0 0 0.24247
0.98613 0 0.22043 0.26792 0.40128
0.95536 0 0.22936 0.26051 0.39017
0.9496 0 0.22897 0.25797 0.38781
0.94953 0 0.22993 0.26109 0.38818
0.46972 0.1206 0.11744 0.16213 0.45286
0.44877 0.14581 0.14618 0.16051 0.57686
0.94185 0 0.059256 0.2423 0.48365
0.57152 0.10902 0.13005 0.15307 0.21434
0.38381 0 0 0.43168 0
0.45908 0 0 0.80681 0
0.2791 0 0 0.49049 0
0.45446 0 0 0.33457 0
0.35181 0 0 0.61829 0
0.35101 0 0.11405 0.84317 0.29906
0.20489 0 0.01289 0.52426 0.14456
0.67575 0.21956 0 0.54638 0.29123
0.70273 0 0 0.54039 0.28803
0.74924 0.047138 0 0.43973 0.28269
0.72325 0.045503 0 0.52188 0.29017
0.43925 0 0 0.25729 0.1654
0.76456 0 0 0.44784 0.2879
0.6166 0 0 0.61145 0.28215
0.6681 0 0 0.58405 0.28833
0.29014 0 0 0.66283 0.2351
0.27322 0 0.034516 0.62915 0.22315
0.3402 0.11054 0.11623 0.85926 0.30477
0.41586 0 0 0.46773 0.20336
0.41418 0.026058 0 0.24309 0.15627
0.41565 0 0 0.24347 0.15651
0.37244 0 0 0.30549 0.15651
0.36518 0 0 0.29953 0.15346
0.67956 0.1519 0.17879 0.4211 0.078757
0.54044 0.1208 0 0.42585 0.17937
0.48237 0.10782 0 0.28952 0
0.55503 0.14251 0.036052 0.50193 0.14548
0.7268 0.23615 0 0.44763 0.28777
0.4201 0.026431 0.10808 0.72786 0.053335
0.38302 0.12445 0 0.2359 0
0 0.55042 0.0048634 0.17885 0.34638
0 0.72973 0.0064479 0.23711 0.71302
0 0.77835 0.0068774 0.4494 0.53791
0 0.89383 0.0078979 0.093949 0.53791
0 0.48285 0.0042664 0.15689 0.47179
0 0.51502 0.0045507 0.29736 0.35592
0 0.59143 0.0052259 0.062164 0.35592
0 0.83452 0.1851 0.27774 0.53791
0.17772 0.83609 0.0075527 0.27774 0.53791
0 0.55262 0.0048829 0.31907 0.21848
0 0.59406 0.0052491 0.19303 0.21387
0 0.54279 0.004796 0.31339 0.58243
0 0.62332 0.0055077 0.065516 0.58243
0 0.63461 0.0056074 0.066703 0.21848
0 0.49137 0.0043418 0.051648 0.45914
0 0.81819 0.0072295 0.085999 0.76452
0 0.43968 0.003885 0.25386 0.47179
0 0.71248 0.0062954 0.41137 0.76452
0 0.49667 0.03654 0.16182 0.31339
0 0.32368 0.023813 0.2358 0.45987
0 0.30599 0 0.19419 0.41543
0 0.97063 0.070666 0 0.28827
0 0.98624 0.0658 0 0.22638
0.035656 0.56673 0.19008 0.075649 0.22088
0 0.6998 0 0 0.80218
0.22167 0.68223 0 0.045131 0.82391
0.18667 0.5745 0 0.33209 0.79019
0.15944 0.49071 0 0.37487 0.73108
0.13804 0.42483 0 0.32455 0.63293
0.12597 0.38771 0 0.29618 0.57762
0.13789 0.42438 0 0.28318 0.60582
0.11831 0.36411 0 0.24296 0.51978
0.15496 0.47692 0 0.19854 0.61824
0.16729 0.51486 0 0.21434 0.66744
0.16513 0.50821 0 0.23124 0.66744
0 0.64914 0.041993 0 0.23805
0 0.82048 0.053078 0 0.42436
0 0.53158 0.03008 0 0.61033
0 0.43133 0 0 0.49443
0 0.40343 0 0 0.46246
0.022875 0.72789 0 0 0.8348
0.019862 0.63202 0 0.34763 0.82717
0.095692 0.29451 0.10365 0.17952 0.42717
0.11407 0.72024 0.21817 0 0.87252
0.10292 0.5395 0.071359 0.21928 0.68283
0.184 0.56629 0.05788 0.19438 0.72106
0.13952 0.42939 0.15113 0 0.54577
0.16523 0.50853 0.123 0 0.62894
0.18735 0.57661 0.078771 0 0.61781
0.16915 0.65878 0 0 0.77966
0.23277 0.7164 0 0 0.76119
0.22905 0.70494 0 0 0.77292
0.22717 0.69914 0 0 0.77872
0.19072 0.58698 0 0.31447 0.79403
0.21909 0.6743 0 0.1123 0.72539
0.21206 0.65265 0 0.10869 0.74768
0 0.72879 0.070842 0.092501 0.57869
0.092472 0.4137 0.041206 0.23414 0.55713
0.19731 0.76849 0.051327 0.10044 0.71401
0 0.81851 0 0.59468 0.23171
0.030949 0.98482 0.0039782 0 0.41418
0 0.48756 0.1632 0.20357 0.24274
0 0.5493 0.089492 0.26189 0.31746
0 0.55128 0.071625 0.26159 0.14071
0 0.89021 0.14503 0 0.46552
0 0.88657 0.14444 0 0.47259
0 0 0.60909 0 0
0 0 0.91918 0 0.19538
0.19384 0.024487 0.91918 0 0
0 0 0.91918 0.19538 0
0 0 0.53676 0 0.03377
0.031846 0.0069086 0.51795 0.065561 0.13431
0 0 0.40367 0 0.025397
0 0 0.6758 0 0.042518
0 0 0.52424 0 0.14637
0 0 0.53134 0.11294 0.034176
0.11205 0.014155 0.53134 0 0.034176
0 0 0.65219 0 0.1821
0 0 0.66103 0.14051 0.042518
0.1394 0.01761 0.66103 0 0.042518
0 0 0.39272 0 0.10965
0 0 0.39804 0.084606 0.025602
0.083939 0.010604 0.39804 0 0.025602
0 0 0.40901 0.13289 0.17027
0 0 0.35559 0 0
0 0 0.33091 0.10752 0.026284
0.036303 0.0032016 0.38553 0.12583 0.11002
0.12468 0.058668 0.72232 0.23893 0.073088
0.022829 0.0072595 0.38077 0.12396 0.15883
0.092867 0.0437 0.31588 0.10792 0
0.058893 0.027713 0.3412 0.043881 0
0.056646 0.026655 0.32818 0.10856 0
0.061971 0 0.32486 0.10746 0
0.086126 0.040528 0.29295 0.10008 0.12823
0 0 0.75513 0 0.67991
0 0 0.6109 0 0.55005
0 0 0.73863 0.157 0.67991
0.15734 0 0.74024 0 0.6814
0 0 0.6951 0.14775 0.41027
0.17935 0 0.84379 0.18336 0.50917
0.14801 0 0.69636 0 0.41102
0.15409 0 0.47424 0.16202 0.58229
0.14154 0.031637 0.64883 0.1707 0.76232
0.21175 0.0688 0.68522 0.045329 0.20156
0.061738 0.0068159 0.78922 0.21657 0.30035
0.037067 0.0040922 0.79078 0.21657 0.30035
0.036361 0.0040143 0.79226 0.21613 0.30081
0.035654 0.0039363 0.79376 0.21569 0.30129
0.037775 0.0041704 0.78942 0.21705 0.29993
0.038476 0.0042478 0.78796 0.21749 0.29947
0.039176 0.0043251 0.78654 0.21794 0.29902
0.10278 0.0048469 0.92368 0.30198 0.37511
0.10679 0.0050363 0.95976 0.060756 0.37142
0.069508 0.0032779 0.8732 0.055111 0.33691
0.055475 0.0026161 0.86911 0.054792 0.33496
0.052303 0.0024665 0.87329 0.065397 0.33676
0.04545 0.0021434 0.87367 0.065397 0.33676
0.045186 0.0021309 0.8686 0.065017 0.3348
0.71864 0.2335 0.14416 0.86521 0.048523
0.9108 0.095729 0.17472 0.68637 0.048523
0.81455 0.26466 0.36003 0 0.46119
0.73703 0.42552 0.16236 0.63783 0.27623
0.7656 0.096717 0.072945 0.44752 0.51675
0.79312 0.45791 0.17472 0.68637 0.048523
0.81741 0.26559 0.36131 0.68637 0.048523
0.83649 0.15957 0 0.33716 0.52878
0.63439 0.36626 0.13975 0.83877 0.28816
0.76205 0.080094 0.14618 0.87737 0.30143
0.64426 0.20933 0.12924 0.77566 0.51522
0.63246 0.2055 0.27955 0.81136 0.53893
0.61366 0.3543 0.13518 0.81136 0.53893
0.70471 0.074068 0.13518 0.81136 0.53893
0.76132 0.080018 0.32181 0.93399 0.32089
0.44295 0.32182 0.30101 0.20736 0.41778
0.52572 0 0.033075 0.033141 0.91416
0.7167 0 0.045091 0.2005 0.82805
0.69356 0 0.043635 0.043721 0.50589
0.8375 0 0.052691 0.2343 0.63299
0.8375 0 0.23383 0.054706 0.63299
0.84885 0.18043 0.054598 0.054706 0.63299
0.40305 0 0 0 0.77095
0.5176 0 0.032565 0.1448 0.93263
0.5176 0 0.14452 0.03381 0.93263
0.52462 0.11151 0.033744 0.03381 0.93263
0.49174 0 0.030938 0 0.94246
0.58978 0 0.037106 0.037179 0.65761
0.27952 0.090823 0.09143 0 0.69132
0.81993 0 0 0 0.80293
0.63366 0.20589 0 0.1271 0.3916
0.416 0.13517 0 0 0.98242
0.85943 0.27925 0 0.17238 0.53113
0.52638 0.13515 0.16906 0.10857 0.56739
0.49247 0.015476 0 0 0.94246
0.43062 0.11057 0.033585 0.016816 1.0021
0.21269 0 0 0.37378 0
0.14534 0 0 0.57201 0
0.13033 0 0 0.40983 0
0.27982 0 0 0.31472 0
0.48463 0 0 0.54507 0
0.25771 0 0 0.23499 0.10133
0.13726 0.044597 0 0.70055 0.2324
0.13914 0.045209 0 0.71016 0.18617
0.14088 0.045774 0 0.71903 0.11627
0.14549 0.037356 0 0.72915 0.11791
0.29548 0 0 0.34669 0.14801
0.19066 0 0 0.29091 0.11302
0.17453 0 0 0.30672 0.090609
0.17102 0 0 0.30055 0.11236
0.28627 0 0 0.26103 0.11255
0.25922 0 0 0.23636 0.10192
0.27482 0 0 0.25058 0.089287
0.21811 0 0 0.29112 0.11819
0.24452 0 0 0.22296 0.073968
0.24151 0 0 0.22022 0.1062
0.24138 0 0 0.28322 0.070987
0.22176 0 0 0.29599 0.070553
0.29427 0 0 0.34527 0.028542
0.14343 0.046603 0 0.73206 0
0.20789 0 0.067546 0.44736 0.0629
0.28553 0.054467 0 0.26505 0.07504
0.25115 0.047909 0 0.23313 0.11242
0.26165 0.041441 0 0.24155 0.11648
0.20248 0.032069 0 0.31279 0.047245
0.20128 0.031879 0.00020007 0.31497 0.047392
0.20107 0.032176 9.9957e-05 0.31507 0.047298
0.30408 0 0 0.41132 0.1662
0.47511 0.15437 0.16232 0.47895 0.23097
0.65075 0.3757 0.14335 0.56316 0.75288
0.65978 0.59407 0.16938 0.66539 0.28816
0.70374 0.4063 0.15503 0.37457 0.71975
0.65013 0.37535 0.31558 0.5995 0.80146
0.59445 0.53524 0.1526 0.5995 0.80146
0.76076 0.24718 0.1526 0.5995 0.80146
0.73799 0.66448 0.18945 0.45775 0.046513
0.85464 0.49342 0.18825 0 0.25795
0.60618 0.5458 0.15562 0.934 0.32088
0.72158 0.4166 0.35026 0.66539 0.28816
0.61367 0.3543 0.13518 0.81137 0.53893
0.69085 0.39885 0.33534 0.39181 0.75288
0.63168 0.56876 0.16216 0.39181 0.75288
0.80841 0.26266 0.16216 0.39181 0.75288
0.5133 0.29635 0.11307 0.67866 0.71975
0.59897 0.5393 0.33882 0.64366 0.53893
0.61014 0.54936 0.15663 0.61533 0.51522
0.52659 0.47414 0.13518 0.81137 0.53893
0.19782 0.2197 0.16254 0.47055 0.56699
0.35602 0.39539 0 0.17658 0.54897
0.46629 0.51787 0.14204 0.23603 0.20922
0.54672 0.60719 0.4492 0.30945 0.56719
0.51842 0.57576 0.078153 0.37242 0.18347
0.50999 0.5664 0 0.25295 0.11858
0.4958 0.55064 0 0.24591 0.38754
0.4373 0.48566 0 0.26351 0.3361
0.47391 0.52633 0 0.23505 0.30853
0.44687 0.4963 0.068428 0.27069 0.29761
0.44088 0.48965 0 0.26567 0.31186
0.44817 0.49774 0 0.26397 0.29765
0.43379 0.48176 0 0.28538 0.33785
0.45525 0.5056 0 0.22579 0.34191
0.44816 0.49773 0.0042084 0.22228 0.3366
0.4551 0.50544 0.017098 0.22579 0.34191
0.4585 0.50921 0.021534 0.22752 0.34453
0.46189 0.51298 0.022779 0.23374 0.34778
0.44571 0.49501 0.021981 0.22555 0.3356
0.44329 0.49232 0.021862 0.23599 0.3356
0.46345 0.51471 0.002176 0.22987 0.33238
0.448 0.49755 0 0.24581 0.31308
0.48289 0.5363 0 0.29098 0.34157
0.43989 0.48855 0.0010327 0.26358 0.32427
0.44851 0.49811 0 0.22245 0.32333
0.44161 0.49045 0 0.25413 0.32378
0.44298 0.49197 0.0010399 0.24748 0.32358
0.44331 0.49234 0 0.24915 0.32238
0.44269 0.49165 0.016632 0.24888 0.32203
0.4668 0.51843 0.0065753 0.23154 0.33479
0.46738 0.51907 0.0076807 0.23183 0.33521
0.44864 0.49826 0.0073728 0.22253 0.32177
0.45076 0.50062 0.0063494 0.22947 0.32078
0.44833 0.49792 0.0063152 0.22823 0.31905
0.4578 0.50843 0 0.22706 0.29803
0.45805 0.50871 0.0010753 0.22718 0.2982
0.45755 0.50816 0.0010741 0.22694 0.29787
0.46604 0.51758 0.0054704 0.23116 0.30341
0.45459 0.50487 0.005336 0.22548 0.30256
0.45216 0.50217 0.0053075 0.23612 0.30256
0.45393 0.50413 0 0.24303 0.29793
0.44803 0.49758 0.016832 0.26397 0.29765
0.44901 0.49867 0 0.26446 0.28502
0.45528 0.50563 0 0.29317 0.26618
0.46579 0.5173 0 0.24938 0.26566
0.45853 0.50924 0 0.24549 0.28764
0.45577 0.50618 0.00107 0.24251 0.29893
0.45748 0.50807 0.0053699 0.23739 0.29923
0.4503 0.50011 0.0052857 0.25763 0.29793
0.46018 0.51108 0 0.26948 0.24589
0.45245 0.5025 0 0.26496 0.28041
0.45314 0.50326 0.0042552 0.25925 0.27999
0.45429 0.50453 0 0.26603 0.27499
0.45943 0.51024 0 0.26904 0.29141
0.46156 0.51261 0.0043342 0.22893 0.28721
0 0 0.59648 0.12678 0.54906
0 0 0.58422 0.12418 0.82205
0 0 0.68985 0.30714 0.67991
0.15391 0 0.72407 0.15734 0.6814
0.17935 0 0.8438 0.18336 0.50916
0 0 0.86076 0.18296 0.50805
0 0 0.47178 0.10028 0.66384
0 0 0.54563 0.24293 0.82205
0.12173 0 0.5727 0.12445 0.82385
0 0 0.65037 0.28956 0.41101
0.16751 0 0.78807 0.3587 0.50916
0 0 0.55809 0.24847 0.55005
0.14374 0 0.67625 0.30781 0.6814
0 0 0.44142 0.19653 0.66504
0.098266 0 0.46231 0.10046 0.66504
0.11369 0 0.53488 0.24346 0.82385
0.12424 0 0.5845 0.12701 0.55005
0 0 0.38105 0.080992 0.67472
0.10594 0.034423 0.34284 0.1605 0.68345
0.081342 0.020885 0.37571 0.12509 0.7011
0 0 0.69326 0.072864 0.80755
0.076888 0.014667 0.41033 0 0.72351
0.19132 0 0.58881 0 0.93181
0.045896 0.0028875 0.48648 0.077394 0.65179
0 0.8296 0.47896 0 0.33358
0 0.74788 0.67338 0 0.12713
0 0.97556 0.31697 0 0.12958
0 0.71189 0.64098 0 0.33358
0 0.92861 0.30172 0 0.34002
0 0.86892 0.50167 0.21327 0.12958
0 0.82711 0.47753 0.20301 0.34002
0 0.70401 0.40646 0 0.1027
0.1847 0.86892 0.51287 0 0.12958
0 0.68077 0.39304 0 0.27374
0 0.69956 0.40388 0.1717 0.10433
0 0.60413 0.54395 0 0.10269
0 0.78541 0.25519 0 0.10433
0.1487 0.69956 0.41291 0 0.10433
0 0.74075 0.42767 0.27792 0.42321
0.20253 0.62332 0.1393 0.21771 0.33152
0.29836 0.91826 0.20522 0.32072 0.045678
0 0.98332 0.20901 0.32664 0
0 0.90708 0.3813 0.21994 0.17923
0 0.88133 0.37047 0.31063 0.2247
0.10559 0.83581 0.35413 0.29693 0.21478
0.10181 0.80591 0.40323 0.29467 0.21315
0.11495 0.80765 0.37349 0.28375 0.18872
0.11433 0.8033 0.37148 0.28223 0.1877
0.1138 0.79957 0.36975 0.28091 0.20824
0.12507 0.83191 0.36928 0.22057 0.20032
0.11973 0.84128 0.3416 0.23515 0.26667
0.13072 0.86946 0.38595 0.23053 0.3021
0.12498 0.83128 0.369 0.26672 0.29246
0.12297 0.81792 0.36307 0.26243 0.28776
0 0 0.47167 0 0
0 0 0.23734 0 0
0 0 0.4666 0 0.09918
0 0 0.4666 0.09918 0
0.098398 0.012431 0.4666 0 0
0 0 0.31866 0.040256 0.020208
0.074915 0.020242 0.49152 0.16168 0.17
0 0 0.45634 0.13258 0.1544
0.017208 0.0038465 0.28027 0.091245 0.095941
0.044693 0.018677 0.55928 0 0
0 0 0.44349 0.0846 0.086126
0 0 0.24543 0.079745 0.083849
0 0 0.24187 0.078587 0.082631
0.041708 0.019626 0.24164 0.038962 0
0.014562 0.0068525 0.51212 0.13155 0.17188
0.13281 0.062495 0.50521 0.083326 0.17307
0 0 0.49614 0.12739 0.032227
0.031247 0.014704 0.54889 0.034602 0
0.014153 0.00666 0.49773 0.047073 0.095418
0 0 0.47951 0.045327 0.1565
0.021789 0.0028918 0.23253 0.075889 0.031024
0.60851 0 0 0 0.91587
0.80201 0 0 0.17047 0.80293
0.3431 0 0 0.076693 0.67248
0.33901 0.032046 0 0.087432 0.67248
0.42485 0.013351 0 0 0.81305
0.44201 0.14362 0.058713 0.077972 0.8428
0.3639 0 0.069418 0.07369 0.7225
0.32759 0 0.062492 0.10836 0.67075
0.32402 0.030629 0.072751 0.10836 0.67075
0.46409 0.043869 0.058889 0.12064 0.9279
0.91504 0 0.29731 0 0.4776
0.88101 0.027687 0.2864 0 0.46006
0.94682 0 0.18062 0 0.47848
0.93371 0 0.17812 0.059804 0.47278
0.44584 0.14486 0.089425 0.030025 0.91467
0.43056 0.1399 0.086361 0.043566 0.88551
0.46409 0.15079 0 0.049996 0.87053
0.65179 0.14569 0 0 0.33153
0.34422 0.032538 0 0 0.66135
0.32867 0.052056 0 0.10812 0.66926
0.33325 0 0 0.10828 0.67024
0.43747 0.14214 0.028939 0.14975 0.92695
0.9932 0 0 0 0.49302
0.67235 0 0 0 0.33375
0.41501 0 0.13484 0 0.83468
0.90129 0.20146 0 0 0.45844
0.44451 0.14443 0.059045 0.1053 0.92336
0.46385 0.15071 0.061613 0.10988 0.83174
0.45637 0.14828 0.060619 0.10811 0.81832
0.43812 0 0.14235 0.14968 0.9265
0.46476 0 0 0.15101 0.93475
0.35167 0 0 0 0.67267
0.33431 0.074727 0 0 0.65525
0.45141 0.1009 0 0.15029 0.93029
0.66214 0 0.17001 0 0.33935
0.66165 0.083586 0.12722 0.10753 0.34122
0.33632 0.042487 0.064666 0.043597 0.66536
0.32846 0.041495 0.063156 0.053383 0.65273
0.33964 0.064791 0.043681 0.021927 0.66796
0.33212 0.063355 0.042713 0.076177 0.66796
0.66218 0.12632 0 0 0.33463
0.41115 0 0 0 0.78645
0.39818 0 0.050301 0 0.76768
0.3984 0 0.050727 0.0011829 0.76822
0.39619 0 0.037843 0.045125 0.76615
0.3985 0 0.038459 0.019668 0.76672
0.39666 0 0.038281 0.019577 0.76317
0.39339 0.0015449 0.039526 0.033461 0.75898
0.39072 0.0030687 0.040809 0.037914 0.75494
0.41326 0 0.039883 0 0.77186
0 0 0 0.43282 0
0.055471 0 0 0.56161 0
0 0 0 0.29494 0.02788
0 0 0 0.25846 0.024432
0.26023 0 0.084552 0.50367 0.14717
0.35013 0 0 0.48832 0
0.2461 0.03109 0 0.45662 0
0.18651 0.023562 0 0.48008 0
0.053384 0 0 0.2101 0
0.10758 0.01359 0.01025 0.42865 0.11356
0.08771 0.01108 0.008357 0.3495 0.092586
0.060902 0 0 0.48699 0.12601
0.052406 0.0099969 0.0155 0.44425 0
0.024126 0.0046022 0.0046852 0.40143 0.025305
0.022564 0.0039381 0.0049314 0.37617 0.032643
0.019899 0.001252 0 0.21307 0
0.12825 0.018253 0.020127 0.60944 0
0 0 0 0.6308 0
0 0 0 0.51885 0
0.10863 0.035295 0.037112 0.1675 0.066966
0.064812 0.021059 0 0.2682 0.052789
0.04975 0.016165 0 0.20588 0.040521
0.19425 0.063116 0 0.52159 0.16274
0.26794 0.087058 0 0.5186 0
0.050647 0.016456 0 0.20959 0
0.048284 0 0 0.2143 0
0 0 0 0.20323 0.066034
0.018931 0.0011911 0 0.2027 0.06615
0.31568 0.10257 0 0.46293 0.18509
0.18172 0 0 0.5653 0
0.17627 0.0394 0 0.56187 0
0.16771 0.037488 0 0.56459 0.0046352
0.20289 0.038704 0 0.55264 0
0.16881 0.032203 0 0.56461 0
0.15149 0.028897 0 0.56968 0
0.16282 0.0089605 0 0.56724 0
0.16272 0.010237 0 0.56716 0
0.17153 0.0094397 0 0.56437 0
0.33065 0.10457 0 0.48366 0
0.11422 0.037112 0 0.1675 0.066966
0.037319 0 0 0.29842 0
0 0 0 0.30004 0
0 0 0 0.29971 0.014134
0 0 0 0.29959 0.016487
0.026308 0.0024869 0 0.56601 0.18411
0.021259 0.0020096 0.0069384 0.48092 0.15643
9.8758e-05 0 0 0.20323 0.066034
0.14116 0 0 0.55554 0.14717
0.10052 0.032661 0 0.55977 0.12734
0.1023 0.026266 0 0.55939 0.12725
0.10019 0.025725 0 0.54785 0.17152
0 0.41338 0.0036526 0.30035 0.38365
0 0.28106 0.0024834 0.31216 0.48151
0 0.51678 0.0045662 0.37548 0.47962
0 0.46313 0 0.21793 0.66705
0 0.19299 0 0.15966 0.28712
0 0.35136 0.0031046 0.39024 0.60195
0 0.41397 0.0036578 0.30078 0.58659
0 0.35159 0.0031067 0.3905 0.39453
0 0.48587 0 0.17492 0.30905
0 0.35892 0 0.11662 0.22586
0 0.30321 0.0026791 0.2203 0.2814
0 0.14357 0 0.046648 0.35391
0 0.34009 0.11384 0.11653 0.64531
0.0063852 0.20318 0.01315 0.12928 0.35904
0 0.64592 0 0.40991 0.45784
0 0.2808 0.093992 0.24497 0.50084
0 0.12973 0 0.082332 0.36023
0 0.12805 0.020861 0.082332 0.36023
0 0.70288 0 0.22838 0.44231
0 0.37803 0 0.12283 0.23789
0 0.35106 0 0.11407 0.22091
0 0.351 0.00035429 0.11405 0.22088
0 0.60365 0.098347 0.19872 0.57296
0 0.52277 0.085169 0.33613 0.55891
0 0.56439 0.087278 0.29099 0.53592
0 0.66841 0 0.24064 0.42517
0.031664 0.50328 0 0.18155 0.32076
0 0.37316 0 0.2536 0.27002
0.039702 0.31428 0 0.27927 0.25274
0 0.14153 0 0.11708 0.43063
0 0.13564 0 0.14444 0.33907
0 0.17294 0 0.18416 0.28959
0.016747 0.13256 0 0.14229 0.33403
0.016125 0.22774 0.014769 0.22879 0.23767
0 0.29848 0 0.096983 0.2157
0 0.25642 0 0.21213 0.19917
0.016071 0.12721 0 0.11304 0.40075
0.041725 0.26344 0 0.26672 0.25924
0.022893 0.14454 0 0.14634 0.41149
0.05425 0.28439 0 0.25524 0.30263
0.043625 0.22869 0 0.20525 0.40448
0.039969 0.20953 0 0.18805 0.42318
0.011924 0.18953 0 0.16809 0.40428
0.042375 0.22214 0.00091306 0.1511 0.40475
0 0.26877 0 0.19527 0.19882
0 0.36722 0 0.23305 0.2603
0 0.32845 0 0.30843 0.26965
0 0.15018 0 0.14103 0.48299
0.0057867 0.18414 0 0.11691 0.51154
0.0052899 0.16833 0.010895 0.1071 0.4686
0.010019 0.15925 0 0.14984 0.32574
0 0.47684 0 0.30261 0.338
0 0.24773 0 0.15721 0.50209
0 0.20564 0 0.1305 0.41679
0.017477 0.27779 0 0.21678 0.33479
0.012634 0.20081 0 0.15671 0.40656
0 0.191 0 0.16906 0.40662
0 0.18975 0 0.16929 0.40537
0.05623 0.59485 0 0.19414 0.55974
0.056618 0.59895 0 0.19548 0.37859
0.034821 0.36837 0.048074 0.12123 0.2348
0.049542 0.39216 0.038423 0.12904 0.24991
0.01693 0.13401 0 0.063563 0.34999
0 0.32033 0 0.10408 0.20158
0 0.66249 0 0.21526 0.47874
0 0.28185 0 0.13263 0.46355
0.02631 0.20826 0 0.15252 0.44403
0.36098 0 0 0 0.20841
0.41119 0 0 0 0.37023
0.30471 0 0 0 0.27436
0.38996 0 0 0 0.1267
0.66017 0 0 0 0.2145
0.58801 0 0 0.12499 0.34707
0.58801 0 0.12499 0 0.34707
0.58801 0.12499 0 0 0.34707
0.59255 0 0 0 0.34211
0.21488 0.06982 0.073413 0 0.26384
0.45546 0 0.14799 0 0.16677
0.31492 0.10233 0.10759 0 0.074004
0.48646 0.15806 0 0.16619 0.5973
0.73771 0 0.046413 0 0.2574
0.75354 0 0.04147 0 0.2365
0.72624 0 0.039967 0 0.22793
0.50153 0 0.027601 0 0.15741
0.47614 0 0.026203 0 0.14944
0.47495 0 0.026138 0 0.15318
0.46963 0 0.025846 0 0.15146
0.47621 0 0.017774 0 0.13709
0.44758 0.08538 0.10185 0.1517 0.22476
0.41258 0.10593 0.095215 0.14182 0.21012
0.42192 0.10921 0.12015 0.057111 0.21079
0.41883 0.10929 0.12025 0.056754 0.21163
0 0 0.0095691 0.0017217 0.18554
0.32858 0.023265 0.057491 0.023676 0.22272
0.32498 0.02301 0.05686 0.023416 0.22028
0.33696 0.0212 0.056196 0.021534 0.22016
0.336 0.021139 0.057056 0.02182 0.21966
0.33165 0.020865 0.056317 0.021537 0.21681
0.32769 0.020616 0.055645 0.02128 0.21423
0 0.57506 0.51777 0 0.26946
0 0.64479 0.58056 0 0.52546
0 0.69633 0.62697 0.19917 0.33358
0 0.56307 0.77498 0 0.33358
0.15086 0.70976 0.65333 0 0.34001
0 0.73153 0.65866 0.20923 0.12713
0 0.60293 0.82985 0 0.12958
0.15849 0.74564 0.68636 0 0.12958
0 0.52912 0.47641 0 0.43119
0 0.64286 0.57882 0.18387 0.53559
0 0.51 0.70194 0 0.52546
0 0.75141 0.43382 0 0.52546
0.13664 0.64286 0.59175 0 0.53559
0 0.6003 0.5405 0.1717 0.10432
0 0.58976 0.81172 0.21327 0.12958
0 0.86893 0.50166 0.21327 0.12958
0.15503 0.72934 0.67136 0.21327 0.12958
0 0.57142 0.51449 0.16344 0.27374
0 0.56138 0.77266 0.20301 0.34001
0 0.82712 0.47752 0.20301 0.34001
0.14757 0.69425 0.63906 0.20301 0.34001
0 0.48541 0.6681 0 0.10432
0.1276 0.6003 0.55258 0 0.10432
0 0.46206 0.63595 0 0.27374
0 0.68078 0.39304 0 0.27374
0.12146 0.57142 0.52599 0 0.27374
0.17581 0.82712 0.48819 0 0.34001
0 0.61661 0.35599 0 0.43119
0 0.74916 0.43252 0.18387 0.53559
0.15924 0.74916 0.44218 0 0.53559
0.11933 0.56138 0.78992 0 0.34001
0 0.41851 0.57601 0 0.43119
0 0.50847 0.69983 0.18387 0.53559
0.10808 0.50847 0.71547 0 0.53559
0 0.57357 0.51644 0 0.58583
0 0.29446 0.51001 0.074396 0.45055
0.1192 0.53328 0.71989 0.20202 0.45971
0.11767 0.52644 0.71066 0.2899 0.01965
0 0.83326 0.66042 0 0
0.0535 0.85036 0.37934 0 0.019536
0.13954 0.7315 0.33155 0 0.61873
0.10456 0.54811 0.38781 0 0.51578
0.10424 0.54642 0.38661 0.053315 0.51578
0.073256 0.77497 0.47142 0.086024 0.1943
0.11229 0.8889 0.3989 0 0.14482
0 0.7727 0.34402 0.10685 0.18121
0.048583 0.77221 0.34448 0.107 0.18146
0.048481 0.77058 0.34375 0.12029 0.18146
0.048398 0.76927 0.34317 0.12008 0.18815
0.057121 0.90791 0.40501 0.14172 0.22206
0.077639 0.91738 0.41859 0.10362 0.1788
0.084573 0.91384 0.41726 0.1093 0.19895
0.076519 0.90414 0.41255 0.10015 0.24606
0.07624 0.90084 0.41104 0.13141 0.24606
0 0.73141 0.88411 0 0.024035
0.19353 0.59562 0.9426 0 0
0.14689 0.45207 0.71543 0 0.29911
0.11893 0.36604 0.57928 0 0.24219
0.1187 0.36532 0.57813 0.04367 0.24219
0 0.40897 0.61553 0.023224 0
0.029616 0.47073 0.54641 0.23453 0.050942
0 0.5198 0.53079 0.19075 0.2671
0 0.48336 0.55997 0.18993 0.26595
0 0.49547 0.57399 0.19469 0.21504
0.029138 0.46313 0.53759 0.18234 0.2014
0.028049 0.46025 0.53845 0.18499 0.2029
0 0.44399 0.51846 0.22179 0.19877
0.027319 0.43422 0.50805 0.21733 0.24491
0.024376 0.44293 0.50182 0.21762 0.24524
0.024888 0.45223 0.51236 0.22219 0.19751
0 0.46126 0.52181 0.17882 0.19751
0 0.47379 0.5032 0.2008 0.1977
0 0.51556 0.45332 0.2112 0.1973
0.016709 0.53169 0.43191 0.21375 0.19717
0.015765 0.50165 0.46272 0.22181 0.19717
0.015402 0.49011 0.48144 0.21141 0.1975
0.014994 0.47711 0.46866 0.21736 0.24494
0 0.48726 0.4784 0.22187 0.19723
0.0075345 0.47963 0.486 0.22187 0.19723
0 0.52721 0.47096 0.2297 0.20418
0 0.53736 0.42248 0.19859 0.22143
0 0.53157 0.41792 0.21971 0.22117
0.034308 0.54532 0.45806 0.23167 0.23321
0 0.51909 0.43518 0.22009 0.22156
0 0.52169 0.46603 0.19137 0.2256
0 0.5133 0.45853 0.18829 0.22197
0 0.49113 0.4822 0.18829 0.22197
0 0.53072 0.43091 0.19861 0.22145
0 0.52695 0.43476 0.20139 0.22319
0 0.52671 0.44156 0.18803 0.2233
0 0.52125 0.43699 0.18608 0.24557
0 0.53717 0.41554 0.18866 0.24545
0 0.54317 0.4776 0.20092 0.17939
0 0.5279 0.49442 0.20092 0.17939
0.012373 0.52504 0.49577 0.20216 0.18421
0.012559 0.53294 0.5112 0.20362 0.18818
0 0.53308 0.5112 0.20361 0.18818
0 0.52159 0.50017 0.19922 0.18412
0.0010294 0.52427 0.50274 0.19756 0.18991
0 0.52427 0.50274 0.19756 0.18991
0 0.52842 0.50872 0.19873 0.19173
0.0087405 0.55639 0.47211 0.19771 0.19075
0 0.55646 0.47211 0.19771 0.19075
0 0.55659 0.47035 0.1982 0.19053
0 0.52499 0.51141 0.19625 0.19142
0 0.52472 0.51317 0.19576 0.19164
0 0.52427 0.51373 0.19558 0.19186
0 0.54092 0.48993 0.19754 0.19096
0 0.52527 0.50668 0.19754 0.19096
0 0.52225 0.50974 0.1983 0.19607
0 0.52201 0.51151 0.19782 0.1963
0 0.52172 0.51324 0.19732 0.19652
0 0.52915 0.50445 0.20019 0.19314
0 0.52874 0.50604 0.19964 0.19329
0 0.52852 0.50781 0.19916 0.19353
0 0.52824 0.50955 0.19866 0.19374
0 0.52778 0.51011 0.19848 0.19395
0.00051991 0.5296 0.50786 0.19918 0.19309
0 0.5296 0.50786 0.19918 0.19309
0 0.52935 0.50962 0.19869 0.19331
0.00052145 0.53117 0.50736 0.1994 0.19245
0 0.53117 0.50736 0.1994 0.19245
0 0.53141 0.50561 0.19989 0.19223
0 0.53166 0.50385 0.20038 0.19201
0 0.5405 0.48762 0.19934 0.194
0.008227 0.52371 0.50326 0.1989 0.20031
0.0080835 0.51457 0.51026 0.19845 0.20661
0 0.51379 0.51143 0.20081 0.20685
0 0.50097 0.49867 0.20781 0.25657
0.016744 0.53281 0.46779 0.21457 0.24419
0 0.53047 0.46551 0.22568 0.24419
0 0.53223 0.46153 0.22451 0.24367
0 0.51513 0.47774 0.22314 0.24293
0 0.51684 0.48693 0.21028 0.24406
0 0.50568 0.47641 0.20573 0.23878
0 0.50486 0.48318 0.20395 0.2399
0 0.50578 0.48597 0.19801 0.24019
0.0079038 0.50313 0.48349 0.19699 0.23896
0.0079073 0.50335 0.4818 0.19745 0.23868
0.0078488 0.49963 0.48581 0.19452 0.25197
0.0078625 0.5005 0.47907 0.19633 0.25078
0.0078456 0.49942 0.48752 0.19408 0.25228
0.0078446 0.49937 0.48939 0.19369 0.25266
0 0.4997 0.48965 0.19379 0.23924
0.016194 0.5153 0.46695 0.19562 0.23812
0 0.50063 0.48291 0.19562 0.23812
0 0.49946 0.49134 0.19333 0.23952
0 0.49603 0.49764 0.19315 0.24014
0 0.49701 0.49086 0.19498 0.23901
0.016112 0.51269 0.46827 0.1968 0.2379
0 0.50771 0.46349 0.20651 0.24996
0 0.50935 0.46315 0.20754 0.24366
0.00012472 0.50826 0.46125 0.2071 0.24965
0 0.50826 0.46125 0.2071 0.24965
6.2273e-05 0.50763 0.46296 0.20705 0.24977
0 0.50763 0.46296 0.20705 0.24977
0 0.5076 0.46294 0.20704 0.24986
0 0.51485 0.47701 0.19657 0.22673
0 0.51221 0.47456 0.19557 0.22557
0 0.51299 0.46785 0.1974 0.22454
0 0.50469 0.48255 0.19557 0.22557
0 0.50294 0.48467 0.19488 0.22641
0 0.49647 0.47843 0.19823 0.24982
0 0.5172 0.45342 0.20067 0.2495
0 0.52451 0.45169 0.20214 0.24773
0.016022 0.50982 0.46794 0.20214 0.24773
0 0.50749 0.46558 0.20112 0.24648
0 0.50344 0.47664 0.1995 0.24784
0 0.50087 0.47421 0.19849 0.24657
0 0.50844 0.48901 0.20001 0.2519
0 0.50422 0.49262 0.20136 0.25271
0.26713 0.82215 0.84652 0 0
0.069989 0.6659 1.0078 0 0
0.33478 0.57986 1.0078 0 0
0.32747 0.56719 0.98573 0 0.25155
0.1893 0.58261 0.922 0 0.23529
0 0.8039 0.8209 0.072287 0
0 0.5276 0.98394 0.070242 0
0.1893 0.58261 0.922 0.23529 0
0.18516 0.56988 0.90186 0.23015 0.23529
0 0.53343 0.54471 0 0
0.09436 0.49465 1.0144 0.035591 0.035609
0 0.79248 0.6281 0 0.32856
0 0.76564 0.60683 0.046072 0.31779
0 0.6041 0.47879 0.036351 0
0 0.6029 0.47784 0.036279 0.048454
0 0.60259 0.47759 0.03626 0.054502
0 0.59807 0.47402 0.023983 0
0 0.59281 0.46985 0.023772 0.095606
0 0.60515 0.47963 0 0.085248
0 0.6183 0.63138 0 0
0.034415 0.54702 0.63497 0.1875 0.081247
0 0.61829 0.49004 0 0.25634
0 0.77957 0.61787 0 0
0 0.74329 0.75901 0 0.066837
0 0.72988 0.74532 0.13178 0.066153
0 0.82511 0.65396 0 0.133
0 0.82488 0.65378 0.024805 0.133
0 0.67587 0.53568 0.16451 0
0 0.50202 0.58159 0 0
0 0.48645 0.6007 0 0
0 0.48543 0.60186 0 0
0 0.48494 0.60367 0.0022806 0
0 0.48418 0.60272 0.002277 0.024296
0 0.48411 0.60264 0.0022767 0.027332
0 0.62893 0.82857 0 0.065446
0 0.53206 0.92154 0 0
0 0.50502 0.8747 0 0
0 0.50496 0.87459 0.015865 0
0 0.42855 0.79923 0.11456 0
0 0.42639 0.79519 0.11399 0
0 0.42136 0.80085 0.11071 0
0 0.49861 0.94768 0.13101 0
0 0.41863 0.79947 0.10951 0
0 0.64611 0 0.79787 0
0 0.80747 0 0.65387 0.22085
0 0.6614 0 0.53558 0
0 0.70329 0 0.26996 0.047395
0 0.39098 0 0.60205 0.23325
0 0.4885 0 0.75222 0.1711
0.16077 0.71924 0.18923 0.47177 0.084628
0.19466 0.59911 0 0.97002 0
0.18261 0.56203 0.19201 0.44157 0.19572
0.1517 0.67865 0.17855 0.44514 0.053147
0 0.62452 0 0.96167 0
0 0.68139 0.17495 0.27004 0.19348
0.10047 0.63433 0.040406 0.86647 0.033918
0.083217 0.52541 0.17284 0.86129 0.33368
0.10827 0.48438 0.11094 0.60182 0.17612
0.20702 0.63715 0 0.4761 0.051709
0 0.61088 0 0.94066 0.23841
0 0.49328 0 0.75957 0
0 0.38732 0 0.68737 0
0 0.26747 0 0.99821 0
0.0042001 0.26737 0.0063016 0.99821 0
0.0042 0.26736 0.0063014 0.99818 0.0081164
0 0.26739 0.0063014 0.99818 0.0081164
0 0.25063 0.0059065 0.93561 0.022827
0 0.76933 0.24997 0.65505 0
0 0.73399 0.18846 0.61365 0
0 0.42531 0.1092 0.59125 0.093038
0 0.57024 0.10878 0.47009 0
0 0.58314 0 0.47222 0.24381
0 0.64191 0.040385 0.52083 0.26891
0 0.5873 0.03695 0.47652 0.071577
0 0.58492 0.073893 0.47742 0.071712
0 0.38783 0 0.95034 0.097026
0.048622 0.38488 0.012192 0.95108 0.097102
0.011461 0.18217 0.02891 0.6897 0.232
0 0.50504 0.047741 0.529 0.18818
0 0.546 0.051612 0.5719 0.25746
0 0.56158 0.035332 0.45566 0.23526
0.0044577 0.56756 0.026766 0.46012 0.23756
0.0014862 0.18922 0.0089237 0.70697 0.23781
0.034708 0.55166 0 0.4476 0.2311
0.011582 0.18408 0 0.68835 0.23155
0.011754 0.18682 0 0.69859 0.1857
0.011551 0.1836 0.011574 0.68791 0.2314
0.012304 0.19557 0.012908 0.73289 0.19481
0.022367 0.35551 0.046066 0.63743 0.23773
0.022779 0.36206 0.046915 0.64918 0.19132
0.82554 0.7433 0.21193 0.24782 0.048523
0.74009 0.66637 0.18999 0.22217 0.51522
0.70932 0.24701 0.23538 0.45445 0.52475
0.72197 0.65005 0.18534 0.44781 0.53893
0.68059 0.61279 0.17472 0.68637 0.048523
0.60894 0.83812 0.19764 0.47753 0.048523
0.88158 0.50898 0.19419 0 0.043435
0.72253 0.65055 0.40871 0.47753 0.048523
0.72654 0.65416 0.41098 0.2324 0.53893
0.5048 0.69479 0.16384 0.64366 0.53893
0.54587 0.75131 0.17717 0.69602 0.30143
0.50432 0.69413 0.36068 0.68519 0.57372
0.29795 0.51606 0.32761 0.075796 0.43422
0.3002 0.51995 0 0.54747 0.51564
0.49152 0.85132 0.54045 0.27056 0
0.89222 0.54033 0.44363 0.27339 0
0.41425 0.42301 0 0.53988 0
0.5122 0.31019 0 0.54603 0
0.82877 0.50191 0 0.108 0.28324
0.67379 0.40805 0 0.18999 0
0.32959 0.57086 0.066494 0.46667 0
0.63817 0.5058 0 0.090764 0
0.59843 0.4743 0 0.085111 0
0.34543 0.59829 0 0.077004 0.33784
0.55744 0.24818 0 0.23131 0.41413
0.59664 0.26564 0 0.24757 0.33945
0.58009 0.25827 0 0.28751 0.33877
0.66569 0.46266 0.12319 0.19777 0.095806
0.58501 0.40658 0.10826 0.27316 0
0.29645 0.51346 0 0.54063 0.18465
0.34341 0.59479 0 0.55365 0.20343
0.41581 0.72018 0 0.7583 0
0.56104 0.97172 0 0.42534 0
0.44039 0.76276 0.48422 0.61738 0
0.45004 0.77947 0.18345 0.64702 0
0.32817 0.56839 0.20418 0.076613 0.33613
0.86157 0.77574 0 0.12922 0
0.52371 0.53478 0.31835 0.7417 0
0.56968 0.65997 0.32009 0.57048 0.1238
0.65589 0.59055 0.48522 0.11226 0.64312
0.84963 0.37827 0 0.84806 0
0.87273 0.63407 0 0 0
0.95381 0.42465 0.052527 0.83932 0
0.82523 0.39361 0.079186 0.35228 0.061845
0.42017 0.55354 0.1056 0.43177 0.34474
0.34464 0.59693 0 0.35725 0.27401
0.34212 0.59255 0.006449 0.35892 0.27887
0.34156 0.59158 0.0075116 0.36348 0.27928
0.34117 0.59091 0.0075032 0.36308 0.27897
0.34028 0.58936 0 0.36899 0.27323
0.35818 0.62037 0.018008 0.30515 0.27488
0.36096 0.62519 0.018148 0.30752 0.2646
0.35 0.6062 0.017597 0.35165 0.26415
0.3443 0.59634 0.017311 0.37347 0.26415
0.34933 0.60505 0.030749 0.35812 0.26487
0.35782 0.61975 0.032623 0.32352 0.26499
0.34918 0.60478 0.10275 0.34586 0.26499
0.34684 0.60073 0.049116 0.39671 0.24492
0.36708 0.63578 0.053141 0.30325 0.24354
0.36033 0.6241 0.033986 0.32411 0.24196
0.34604 0.59934 0.10294 0.36877 0.24196
0.36756 0.63663 0.08116 0.33225 0.18056
0.36836 0.63801 0.08368 0.32959 0.1807
0.36876 0.6387 0.084944 0.32826 0.18077
0.52789 0.4753 0.39052 0.090351 0.79872
0.56658 0.51014 0.65811 0.11226 0.64312
0.71653 0.64515 0.29112 0.11226 0.64312
0.69251 0.62352 0.51231 0.11853 0.39792
0.79541 0.71618 0.32317 0.12462 0.41837
0.47945 0.43169 0.5569 0.094995 0.83977
0.60633 0.54593 0.24634 0.094995 0.83977
0.43899 0.6042 0.41059 0.094995 0.83977
0.64678 0.37341 0.41059 0.094995 0.83977
0.57589 0.79262 0.53864 0.12462 0.41837
0.62636 0.56396 0.46337 0.31921 0.64312
0.51877 0.71401 0.48522 0.11226 0.64312
0.75952 0.43851 0.36866 0 0.47226
0.62896 0.56631 0.73057 0.12462 0.41837
0.82131 0.47418 0.39866 0 0.26414
0.70389 0.40638 0.70159 0.11968 0.68561
0.59563 0.34388 0.59369 0.10127 0.89524
0.40427 0.55641 0.59369 0.10127 0.89524
0.3813 0 0.72939 0 0.17494
0.54305 0 0.65645 0 0
0.66313 0 0.80161 0 0.22113
0.66313 0 0.80161 0.22113 0
0.66313 0.14095 0.81952 0 0
0.2291 0 0.82057 0 0
0.50045 0 0.49009 0.22759 0.23931
0.72643 0.09177 0.71705 0 0
0.47473 0 0.9081 0 0.21781
0.38982 0 0.74568 0 0
0.70252 0.22826 0.72337 0 0.26545
0.11846 0.038489 0.73645 0 0
0.12524 0 0.74053 0 0
0.12523 0.0019672 0.74053 0 0
0.48198 0.10245 0.94256 0 0
0.47145 0.10021 0.92197 0 0.22113
0.64864 0 0.78409 0.2163 0.22113
0.38607 0.082063 0.75501 0 0
0.53118 0 0.6421 0.17713 0
0.53118 0 0.6421 0 0.17713
0.37764 0.080269 0.73851 0 0.17713
0.46564 0.11956 0.60656 0.19872 0.050273
0.50624 0.14707 0.75851 0.23717 0.30987
0.11899 0 0.70353 0.11301 0.23473
0.11772 0 0.69602 0.22936 0.093766
0.12079 0 0.71421 0.16191 0.093766
0.11487 0 0.67918 0.22381 0.21042
0.11663 0 0.68963 0.22726 0.16439
0.11576 0 0.68445 0.17823 0.23286
0.11663 0 0.68963 0.15634 0.23286
0.9774 0 0.3007 0.21736 0.22222
0.79969 0 0.24603 0.17784 0
0.79969 0 0.24603 0 0.17784
0.83393 0 0.07444 0 0
1.0145 0 0.090555 0.21649 0
1.0145 0.21563 0.092578 0 0
0.73156 0 0.40719 0 0
0.88993 0 0.49535 0 0.21649
0.88993 0 0.49535 0.21649 0
0.88993 0.18916 0.50641 0 0
0.8549 0 0.60085 0.33952 0
1.0323 0 0 0.19693 0.20048
1.0137 0 0 0 0.22658
0.8281 0 0 0.24059 0
1.007 0 0 0.29257 0.065976
0.93855 0.30495 0.18825 0 0.25795
0.8486 0.27573 0.17021 0 0.45091
0.90195 0.29306 0.39866 0 0.26414
0.98144 0.10315 0.18825 0 0.25795
0.90859 0.29522 0.40159 0 0.043435
0.79034 0.4563 0.17409 0 0.46119
0.9076 0.095393 0.17409 0 0.46119
1.0124 0.10641 0.19419 0 0.043435
0.91804 0.29829 0.18414 0.20888 0.25795
0.88224 0.28666 0.38995 0.21389 0.26414
0.72266 0.23481 0.31941 0 0.21163
0.75518 0.24537 0.15147 0 0.20755
0.94317 0.099131 0.39866 0 0.26414
0.87221 0.091673 0.36866 0 0.47226
0.64188 0.35288 0.073886 0.046318 0.3585
0.84531 0.61415 0 0.26827 0
0.90316 0.21683 0.080445 0.14766 0.26355
0.88459 0.21237 0.078791 0.35052 0.061536
0.89855 0.21572 0.28164 0.15301 0.061536
0.86869 0.41434 0.083357 0.15301 0.061536
0.96212 0.025194 0.083357 0.15301 0.061536
0.75455 0.18115 0.067208 0.12337 0.049615
0.7282 0.17482 0.064861 0.11906 0.21249
0.71619 0.17194 0.063792 0.28379 0.049822
0.7275 0.17466 0.22803 0.12388 0.049822
0.70332 0.33547 0.067489 0.12388 0.049822
0.77897 0.020398 0.067489 0.12388 0.049822
0.85797 0.20598 0.07642 0.33997 0.26487
0.89326 0.21445 0.27998 0.15211 0.27148
0.86358 0.4119 0.082866 0.15211 0.27148
0.95645 0.025046 0.082866 0.15211 0.27148
0.69117 0.16594 0.061563 0.27388 0.21338
0.70209 0.16856 0.22006 0.11955 0.21338
0.67875 0.32375 0.065131 0.11955 0.21338
0.75175 0.019685 0.065131 0.11955 0.21338
0.87489 0.21004 0.27422 0.36107 0.063388
0.91398 0.023933 0.079186 0.35228 0.061845
0.84433 0.2027 0.26464 0.34845 0.27148
0.81627 0.38934 0.078327 0.34845 0.27148
0.90406 0.023674 0.078327 0.34845 0.27148
0.67732 0.16261 0.2123 0.27953 0.21778
0.65481 0.31233 0.062834 0.27953 0.21778
0.72523 0.018991 0.062834 0.27953 0.21778
0.95157 0.024918 0.29012 0.15761 0.063388
0.75148 0.019678 0.065108 0.28965 0.05085
0.87755 0.022979 0.26755 0.35228 0.061845
0.85917 0.4098 0.29012 0.15761 0.063388
0.72153 0.018894 0.21998 0.28965 0.05085
0.86802 0.02273 0.26464 0.34845 0.27148
0.67851 0.32363 0.065108 0.28965 0.05085
0.79233 0.37792 0.26755 0.35228 0.061845
0.65147 0.31073 0.21998 0.28965 0.05085
0.78373 0.37382 0.26464 0.34845 0.27148
0.82415 0.090987 0.134 0 0.12762
1.0207 0 0.16496 0 0.11744
1.0149 0 0.18495 0 0.11718
0.90121 0 0.16422 0 0.10405
0.77814 0 0.1418 0 0.089839
0 0 0.021374 0.004543 0.1028
0 0 0.043226 0.0091877 0.20791
0 0 0.041814 0.0088876 0.096015
0 0 0.019962 0.0088876 0.1028
0.0044439 0 0.020907 0.004543 0.1028
0 0 0.084563 0.017974 0.19418
0 0 0.040371 0.017974 0.20791
0.0089871 0 0.042281 0.0091877 0.20791
0 0 0.078978 0.035163 0.19418
0.017582 0 0.082715 0.017974 0.19418
0.016421 0 0.077253 0.035163 0.19418
0 0 0.039052 0.017387 0.096015
0.0086936 0 0.0409 0.0088876 0.096015
0.0081195 0 0.038199 0.017387 0.096015
0.0085037 0.0018075 0.0409 0.0088876 0.096015
0.0041504 0 0.019526 0.0088876 0.1028
0.0043468 0.00092393 0.020907 0.004543 0.1028
0.0087907 0.0018685 0.042281 0.0091877 0.20791
0.0040597 0.00086291 0.019526 0.0088876 0.1028
0.0083936 0 0.039489 0.017974 0.20791
0 0 0.063011 0.013393 0.14469
0 0 0.056758 0 0.14786
0 0 0 0 0.27557
0.016488 0 0.073765 0.0079443 0.1707
0 0 0.010657 0.0022652 0.05126
0 0 0.032209 0.0068461 0.15492
0 0 0.010746 0.002284 0.10453
0 0 0.031768 0.0067523 0.099958
0 0 0.020782 0.0067523 0.1028
0 0 0.021732 0.002284 0.1028
0.0022342 0 0.021257 0.004543 0.1028
0 0 0.016193 0.0034418 0.15751
0 0 0.047872 0.010175 0.15063
0 0 0.031317 0.010175 0.15492
0 0 0.032748 0.0034418 0.15492
0.0033668 0 0.032033 0.0068461 0.15492
0 0 0.046547 0.015124 0.15063
0 0 0.048674 0.0051156 0.15063
0.005004 0 0.04761 0.010175 0.15063
0 0 0.0053579 0.0011388 0.052118
0 0 0.01584 0.0033668 0.04984
0 0 0.010362 0.0033668 0.05126
0 0 0.010836 0.0011388 0.05126
0.001114 0 0.010599 0.0022652 0.05126
0 0 0.015744 0.0051156 0.15751
0 0 0.016464 0.0017303 0.15751
0.0016926 0 0.016104 0.0034418 0.15751
0 0 0.015401 0.0050041 0.04984
0 0 0.016105 0.0016926 0.04984
0.0016557 0 0.015753 0.0033668 0.04984
0 0 0.0052095 0.0016926 0.052118
0 0 0.0054475 0.00057253 0.052118
0.00056005 0 0.0053285 0.0011388 0.052118
0 0 0.010448 0.0033947 0.10453
0 0 0.010925 0.0011482 0.10453
0.0011232 0 0.010687 0.002284 0.10453
0.00054454 0 0.0051809 0.0016926 0.052118
0 0 0.0053247 0.0011318 0.025611
0 0 0.0045195 0.0010351 0.025769
0 0 0.0012792 0.00049103 0.026147
0 0 0.016005 0.0034018 0.076979
0 0 0.026773 0.0056906 0.12877
0 0 0.016082 0.0034182 0.10381
0 0 0.026607 0.0056554 0.10152
0 0 0.021107 0.0056554 0.1028
0 0 0.021582 0.0034182 0.1028
0.0011186 0 0.021345 0.004543 0.1028
0 0 0.020144 0.0042816 0.13003
0 0 0.033328 0.007084 0.12716
0 0 0.026438 0.007084 0.12877
0 0 0.027034 0.0042816 0.12877
0.0014012 0 0.026736 0.0056906 0.12877
0 0 0.032912 0.0088185 0.12716
0 0 0.033653 0.00533 0.12716
0.0017443 0 0.033283 0.007084 0.12716
0 0 0.012042 0.0025595 0.07773
0 0 0.019923 0.0042347 0.076018
0 0 0.015805 0.0042347 0.076979
0 0 0.016161 0.0025595 0.076979
0.00083761 0 0.015983 0.0034018 0.076979
0 0 0.019892 0.00533 0.13003
0 0 0.02034 0.0032215 0.13003
0.0010542 0 0.020116 0.0042816 0.13003
0 0 0.019674 0.0052716 0.076018
0 0 0.020118 0.0031862 0.076018
0.0010427 0 0.019896 0.0042347 0.076018
0 0 0.011891 0.0031862 0.07773
0 0 0.012159 0.0019258 0.07773
0.00063022 0 0.012025 0.0025595 0.07773
0 0 0.015881 0.0042552 0.10381
0 0 0.016239 0.0025718 0.10381
0.00084165 0 0.01606 0.0034182 0.10381
0.00062235 0 0.011875 0.0031862 0.07773
0 0 0.0083675 0.0017785 0.06498
0 0 0.0083386 0.0019097 0.06498
0.00065463 0 0.0083179 0.0019109 0.065019
0.00065682 1.0318e-05 0.0083468 0.0017796 0.065019
0.0014292 2.2452e-05 0.018162 0.0038724 0.06288
0.0031618 4.9669e-05 0.040179 0.0085666 0.1391
0 0 0.018218 0.0038724 0.06288
0 0 0.0083995 0.0016479 0.065019
0 0 0.018277 0.0035857 0.06288
0 0 0.018686 0.0039717 0.089877
0 0 0.024069 0.0051159 0.11577
0 0 0.018734 0.003982 0.10334
0 0 0.023999 0.005101 0.1022
0 0 0.021248 0.005101 0.1028
0 0 0.021485 0.003982 0.1028
0.0005595 0 0.021366 0.004543 0.1028
0 0 0.021097 0.0044841 0.11637
0 0 0.027025 0.0057442 0.11509
0 0 0.023927 0.0057442 0.11577
0 0 0.024195 0.0044841 0.11577
0.00063005 0 0.024061 0.0051159 0.11577
0 0 0.026865 0.0064497 0.11509
0 0 0.027166 0.0050348 0.11509
0.00070743 0 0.027016 0.0057442 0.11509
0 0 0.016378 0.0034812 0.090346
0 0 0.020981 0.0044595 0.089346
0 0 0.018576 0.0044595 0.089877
0 0 0.018784 0.0034812 0.089877
0.00048914 0 0.01868 0.0039717 0.089877
0 0 0.020972 0.0050348 0.11637
0 0 0.021207 0.0039303 0.11637
0.00055224 0 0.021089 0.0044841 0.11637
0 0 0.020857 0.0050072 0.089346
0 0 0.02109 0.0039088 0.089346
0.00054921 0 0.020974 0.0044595 0.089346
0 0 0.016282 0.0039088 0.090346
0 0 0.016464 0.0030513 0.090346
0.00042873 0 0.016373 0.0034812 0.090346
0 0 0.018624 0.004471 0.10334
0 0 0.018832 0.0034902 0.10334
0.0004904 0 0.018728 0.003982 0.10334
0 0 0.014127 0.0030028 0.084056
0 0 0.014001 0.0035557 0.084069
0 0 0.014237 0.0024462 0.084069
0 0 0.020693 0.0035557 0.082676
0 0 0.026562 0.004564 0.12208
0 0 0.020029 0.0042572 0.096337
0 0 0.02272 0.0048293 0.10928
0 0 0.020056 0.0042629 0.10308
0 0 0.022688 0.0048224 0.10251
0 0 0.021313 0.0048224 0.1028
0 0 0.021431 0.0042629 0.1028
0.00027977 0 0.021372 0.004543 0.1028
0 0 0.021319 0.0045314 0.10958
0 0 0.024118 0.0051263 0.10897
0 0 0.022655 0.0051263 0.10928
0 0 0.022782 0.0045314 0.10928
0.0002974 0 0.022719 0.0048293 0.10928
0 0 0.018794 0.0039947 0.096596
0 0 0.021261 0.004519 0.09606
0 0 0.019972 0.004519 0.096337
0 0 0.020083 0.0039947 0.096337
0.00026217 0 0.020027 0.0042572 0.096337
0 0 0.024049 0.0054415 0.10897
0 0 0.024183 0.0048101 0.10897
0.00031569 0 0.024116 0.0051263 0.10897
0 0 0.021258 0.0048101 0.10958
0 0 0.021377 0.004252 0.10958
0.00027906 0 0.021318 0.0045314 0.10958
0 0 0.0212 0.0047969 0.09606
0 0 0.021318 0.0042403 0.09606
0.00027829 0 0.021259 0.004519 0.09606
0 0 0.01874 0.0042403 0.096596
0 0 0.018845 0.0037483 0.096596
0.000246 0 0.018792 0.0039947 0.096596
0 0 0.019998 0.004525 0.10308
0 0 0.02011 0.004 0.10308
0.00026252 0 0.020054 0.0042629 0.10308
0 0 0.017565 0.0037336 0.093476
0.00013735 0 0.017488 0.0040777 0.093476
0.0001385 1.0878e-06 0.017635 0.003388 0.093476
0.0001667 1.3093e-06 0.021225 0.0040777 0.092699
0.00016739 1.3147e-06 0.021313 0.0040946 0.11297
0 0 0.017635 0.003388 0.093476
0 0 0.021226 0.0040778 0.0927
0 0 0.017489 0.0040778 0.093477
0.7434 0.093914 0.070831 0.24455 0.25714
0.84077 0.10621 0.080108 0.27658 0.51675
0.96552 0.12197 0.091994 0.31762 0.10803
0.96552 0.12197 0.091994 0.10274 0.31937
0.8987 0.11353 0.28387 0.30844 0.32431
0.8925 0.3108 0.089335 0.30844 0.32431
0.76855 0.09709 0.073227 0.25282 0.085992
0.87919 0.11107 0.083769 0.51392 0.10803
1.0096 0.12755 0.096198 0.10744 0.10803
0.93977 0.11872 0.29685 0.32254 0.1097
0.93329 0.325 0.093418 0.32254 0.1097
0.68554 0.086604 0.065318 0.22552 0.42134
0.81835 0.10338 0.25849 0.28086 0.52475
0.8127 0.28301 0.081348 0.28086 0.52475
0.81291 0.10269 0.077453 0.086503 0.086979
0.98272 0.12415 0.31041 0.1091 0.1097
0.97594 0.33986 0.097687 0.1091 0.1097
0.85575 0.10811 0.27031 0.52187 0.1097
0.84984 0.29595 0.085066 0.52187 0.1097
0.74511 0.09413 0.23536 0.25573 0.086979
0.73997 0.25769 0.074068 0.25573 0.086979
0.70787 0.089425 0.067446 0.41378 0.086979
0.78726 0.099454 0.075009 0.083774 0.2604
0.7216 0.09116 0.22793 0.24766 0.2604
0.71662 0.24956 0.071731 0.24766 0.2604
0.93977 0.11872 0.29685 0.10433 0.32431
0.93329 0.325 0.093418 0.10433 0.32431
0.85575 0.10811 0.27031 0.095005 0.52475
0.84984 0.29595 0.085066 0.095005 0.52475
0.8127 0.28301 0.081348 0.49907 0.32431
0.68712 0.086803 0.21704 0.076284 0.42134
0.68238 0.23763 0.068303 0.076284 0.42134
0.70787 0.089425 0.067446 0.075326 0.41606
0.61641 0.077871 0.058731 0.36031 0.41606
0.73382 0.092703 0.23179 0.44752 0.51675
0.72876 0.25378 0.072945 0.44752 0.51675
0.59834 0.075588 0.189 0.36489 0.42134
0.59421 0.20693 0.059478 0.36489 0.42134
0.70755 0.22499 0.091426 0.41126 0.4693
0.84701 0 0.36653 0.36541 0.39301
0.98676 0 0 0.39069 0.13407
0.97936 0 0.1206 0.39069 0.13407
