2.4512e-08 0.00032701 0.00032699
0.00029134 0.00065402 0.00036268
0.00077866 0.00098103 0.00020237
0.00077869 0.001308 0.00052936
0.001266 0.0016351 0.00036905
0.0040514 0.0019621 0.0020894
0.0051794 0.0022891 0.0028903
0.0052433 0.0026161 0.0026272
0.0052913 0.0029431 0.0023482
0.005555 0.0032701 0.0022849
0.0056635 0.0035971 0.0020664
0.0056961 0.0039241 0.001772
0.0060364 0.0042511 0.0017853
0.0066846 0.0045782 0.0021065
0.0074383 0.0049052 0.0025331
0.0074384 0.0052322 0.0022063
0.0079214 0.0055592 0.0023623
0.0082776 0.0058862 0.0023914
0.0083885 0.0062132 0.0021753
0.008413 0.0065402 0.0018727
0.0084901 0.0068672 0.0016228
0.009021 0.0071942 0.0018268
0.0091075 0.0075213 0.0015863
0.00984 0.0078483 0.0019917
0.010659 0.0081753 0.0024836
0.01083 0.0085023 0.0023274
0.01083 0.0088293 0.0020006
0.012989 0.0091563 0.0038332
0.014622 0.0094833 0.0051386
0.014748 0.0098103 0.0049381
0.014918 0.010137 0.0047806
0.015005 0.010464 0.0045401
0.015091 0.010791 0.0042992
0.016362 0.011118 0.005244
0.016399 0.011445 0.0049536
0.017481 0.011772 0.0057089
0.017644 0.012099 0.0055443
0.017773 0.012426 0.0053465
0.017987 0.012753 0.0052332
0.018096 0.01308 0.0050152
0.018915 0.013407 0.0055071
0.019786 0.013734 0.0060514
0.020162 0.014061 0.0061001
0.020706 0.014388 0.0063178
0.020774 0.014716 0.0060589
0.021671 0.015043 0.0066281
0.021734 0.01537 0.0063644
0.021807 0.015697 0.0061104
0.021887 0.016024 0.0058639
0.021969 0.016351 0.0056181
0.022049 0.016678 0.0053709
0.022188 0.017005 0.0051836
0.022188 0.017332 0.0048566
0.022358 0.017659 0.0046991
0.023355 0.017986 0.0053694
0.0241 0.018313 0.0057872
0.025233 0.01864 0.0065936
0.026878 0.018967 0.0079118
0.02723 0.019294 0.007936
0.027494 0.019621 0.0078732
0.027677 0.019948 0.0077288
0.028508 0.020275 0.0082336
0.029252 0.020602 0.00865
0.030465 0.020929 0.0095363
0.030925 0.021256 0.0096689
0.031304 0.021583 0.0097218
0.032543 0.02191 0.010633
0.033377 0.022237 0.011141
0.034209 0.022564 0.011646
0.035101 0.022891 0.012211
0.035126 0.023218 0.011908
0.035344 0.023545 0.011799
0.035372 0.023872 0.0115
0.035824 0.024199 0.011626
0.036383 0.024526 0.011857
0.036437 0.024853 0.011584
0.036442 0.02518 0.011262
0.036492 0.025507 0.010985
0.036492 0.025834 0.010658
0.037741 0.026161 0.011581
0.039018 0.026488 0.01253
0.039494 0.026815 0.012679
0.040456 0.027142 0.013314
0.041288 0.027469 0.013819
0.044081 0.027796 0.016285
0.044923 0.028123 0.0168
0.045849 0.02845 0.017399
0.047201 0.028777 0.018424
0.04776 0.029104 0.018656
0.04776 0.029431 0.018329
0.047916 0.029758 0.018158
0.048167 0.030085 0.018082
0.048188 0.030412 0.017776
0.048204 0.030739 0.017465
0.04825 0.031066 0.017184
0.048305 0.031393 0.016912
0.048444 0.03172 0.016724
0.04849 0.032047 0.016443
0.048545 0.032374 0.016171
0.048545 0.032701 0.015844
0.048687 0.033028 0.015658
0.049529 0.033355 0.016173
0.050851 0.033682 0.017169
0.052122 0.034009 0.018113
0.052202 0.034336 0.017866
0.052711 0.034663 0.018047
0.052753 0.03499 0.017763
0.052926 0.035317 0.017608
0.053005 0.035644 0.017361
0.053033 0.035971 0.017061
0.05306 0.036298 0.016762
0.053075 0.036625 0.016449
0.053089 0.036952 0.016137
0.053573 0.037279 0.016293
0.054724 0.037606 0.017118
0.055022 0.037933 0.017088
0.05522 0.03826 0.01696
0.055407 0.038587 0.01682
0.055831 0.038914 0.016917
0.05584 0.039241 0.016598
0.055859 0.039568 0.016291
0.05631 0.039895 0.016414
0.056329 0.040222 0.016106
0.056822 0.040549 0.016273
0.05753 0.040876 0.016654
0.058214 0.041203 0.017011
0.058365 0.04153 0.016835
0.058408 0.041857 0.016551
0.058487 0.042184 0.016303
0.058871 0.042511 0.016359
0.059299 0.042838 0.016461
0.061018 0.043165 0.017853
0.061018 0.043492 0.017526
0.061273 0.043819 0.017453
0.061384 0.044147 0.017238
0.061854 0.044474 0.017381
0.061854 0.044801 0.017054
0.061854 0.045128 0.016727
0.062145 0.045455 0.016691
0.062297 0.045782 0.016515
0.062406 0.046109 0.016298
0.062647 0.046436 0.016212
0.062649 0.046763 0.015886
0.06265 0.04709 0.015561
0.062752 0.047417 0.015335
0.062967 0.047744 0.015223
0.062986 0.048071 0.014915
0.063004 0.048398 0.014607
0.063011 0.048725 0.014286
0.063038 0.049052 0.013986
0.063139 0.049379 0.013761
0.063248 0.049706 0.013542
0.063302 0.050033 0.013269
0.063453 0.05036 0.013093
0.063644 0.050687 0.012957
0.064016 0.051014 0.013002
0.064063 0.051341 0.012722
0.06515 0.051668 0.013482
0.065467 0.051995 0.013472
0.065467 0.052322 0.013145
0.06713 0.052649 0.014481
0.06713 0.052976 0.014154
0.067137 0.053303 0.013834
0.067138 0.05363 0.013508
0.067147 0.053957 0.01319
0.067296 0.054284 0.013012
0.067299 0.054611 0.012688
0.067543 0.054938 0.012606
0.067931 0.055265 0.012667
0.068315 0.055592 0.012723
0.068898 0.055919 0.012979
0.06955 0.056246 0.013304
0.069755 0.056573 0.013182
0.069755 0.0569 0.012855
0.070027 0.057227 0.0128
0.070371 0.057554 0.012817
0.070708 0.057881 0.012827
0.071759 0.058208 0.013552
0.07176 0.058535 0.013225
0.072047 0.058862 0.013185
0.072465 0.059189 0.013276
0.072693 0.059516 0.013177
0.072922 0.059843 0.013079
0.072938 0.06017 0.012768
0.072956 0.060497 0.012459
0.072959 0.060824 0.012135
0.072962 0.061151 0.011811
0.072965 0.061478 0.011487
0.072967 0.061805 0.011162
0.072982 0.062132 0.01085
0.072985 0.062459 0.010526
0.073023 0.062786 0.010237
0.073029 0.063113 0.0099158
0.07428 0.06344 0.01084
0.075598 0.063767 0.011831
0.076243 0.064094 0.012149
0.076304 0.064421 0.011883
0.077154 0.064748 0.012405
0.077933 0.065075 0.012858
0.079539 0.065402 0.014137
0.07975 0.065729 0.014021
0.079958 0.066056 0.013901
0.08004 0.066383 0.013657
0.080457 0.06671 0.013747
0.080596 0.067037 0.013559
0.080597 0.067364 0.013233
0.080601 0.067691 0.012909
0.080602 0.068018 0.012584
0.081687 0.068345 0.013341
0.08362 0.068672 0.014948
0.08362 0.068999 0.014621
0.08362 0.069326 0.014294
0.084652 0.069653 0.014998
0.085703 0.06998 0.015723
0.086416 0.070307 0.016108
0.086558 0.070634 0.015923
0.086657 0.070961 0.015695
0.086669 0.071288 0.01538
0.086678 0.071615 0.015063
0.086695 0.071942 0.014753
0.086862 0.072269 0.014592
0.086925 0.072596 0.014329
0.087645 0.072923 0.014722
0.088238 0.07325 0.014987
0.088707 0.073578 0.01513
0.089315 0.073905 0.015411
0.089772 0.074232 0.01554
0.089772 0.074559 0.015213
0.090457 0.074886 0.015572
0.09094 0.075213 0.015728
0.091274 0.07554 0.015734
0.092072 0.075867 0.016206
0.092111 0.076194 0.015918
0.092182 0.076521 0.015662
0.092202 0.076848 0.015354
0.092209 0.077175 0.015035
0.092226 0.077502 0.014724
0.092258 0.077829 0.014429
0.092278 0.078156 0.014123
0.092286 0.078483 0.013803
0.092293 0.07881 0.013483
0.092313 0.079137 0.013176
0.092319 0.079464 0.012855
0.092325 0.079791 0.012534
0.092326 0.080118 0.012209
0.092327 0.080445 0.011882
0.092328 0.080772 0.011556
0.09233 0.081099 0.011231
0.092361 0.081426 0.010936
0.092479 0.081753 0.010726
0.092502 0.08208 0.010422
0.092602 0.082407 0.010195
0.092625 0.082734 0.0098912
0.092647 0.083061 0.0095864
0.092675 0.083388 0.0092877
0.092676 0.083715 0.0089608
0.092676 0.084042 0.0086344
0.092678 0.084369 0.008309
0.092679 0.084696 0.0079834
0.09268 0.085023 0.0076571
0.092682 0.08535 0.0073318
0.092683 0.085677 0.0070058
0.092683 0.086004 0.0066792
0.092683 0.086331 0.0063523
0.092683 0.086658 0.0060253
0.092717 0.086985 0.0057317
0.092722 0.087312 0.0054102
0.092735 0.087639 0.0050959
0.092739 0.087966 0.004773
0.092751 0.088293 0.0044576
0.092768 0.08862 0.004148
0.092769 0.088947 0.003822
0.092772 0.089274 0.0034977
0.092897 0.089601 0.0032959
0.092917 0.089928 0.0029888
0.092925 0.090255 0.0026695
0.092944 0.090582 0.0023623
0.092946 0.090909 0.0020365
0.092948 0.091236 0.0017115
0.092948 0.091563 0.0013851
0.092954 0.09189 0.0010638
0.092962 0.092217 0.00074529
0.092968 0.092544 0.00042428
0.092971 0.092871 0.00010009
0.092972 0.093198 0.00022606
0.092973 0.093525 0.00055225
0.092975 0.093852 0.0008768
0.092975 0.094179 0.0012037
0.092976 0.094506 0.0015306
0.092976 0.094833 0.0018576
0.092976 0.09516 0.0021845
0.092977 0.095487 0.0025105
0.092977 0.095814 0.0028373
0.092978 0.096141 0.0031633
0.092978 0.096468 0.0034903
0.092978 0.096795 0.0038172
0.093008 0.097122 0.0041138
0.093286 0.097449 0.0041637
0.093376 0.097776 0.0044001
0.09347 0.098103 0.0046336
0.093559 0.09843 0.0048717
0.093619 0.098757 0.0051382
0.093637 0.099084 0.0054477
0.093667 0.099411 0.0057444
0.093696 0.099738 0.0060428
0.093756 0.10007 0.0063092
0.094364 0.10039 0.0060285
0.094627 0.10072 0.0060922
0.09529 0.10105 0.0057566
0.095656 0.10137 0.0057177
0.095716 0.1017 0.0059843
0.095992 0.10203 0.0060356
0.096 0.10235 0.0063546
0.09605 0.10268 0.0066318
0.09605 0.10301 0.0069588
0.096065 0.10334 0.0072701
0.096071 0.10366 0.0075917
0.096075 0.10399 0.007915
0.096107 0.10432 0.0082093
0.09611 0.10464 0.0085336
0.096111 0.10497 0.0088591
0.096113 0.1053 0.0091849
0.096119 0.10562 0.0095054
0.096119 0.10595 0.0098323
0.096121 0.10628 0.010157
0.096124 0.10661 0.010481
0.096125 0.10693 0.010807
0.096129 0.10726 0.011131
0.096132 0.10759 0.011455
0.096132 0.10791 0.011782
0.096132 0.10824 0.012109
0.096132 0.10857 0.012436
0.096132 0.10889 0.012763
0.096137 0.10922 0.013084
0.096141 0.10955 0.013408
0.096147 0.10988 0.013729
0.096217 0.1102 0.013986
0.096218 0.11053 0.014312
0.096222 0.11086 0.014635
0.096381 0.11118 0.014802
0.097294 0.11151 0.014217
0.097375 0.11184 0.014463
0.097376 0.11216 0.014789
0.097381 0.11249 0.015111
0.097387 0.11282 0.015432
0.09739 0.11315 0.015756
0.09739 0.11347 0.016082
0.097392 0.1138 0.016408
0.097392 0.11413 0.016734
0.097431 0.11445 0.017023
0.09745 0.11478 0.017331
0.097453 0.11511 0.017655
0.097501 0.11543 0.017934
0.097572 0.11576 0.01819
0.097572 0.11609 0.018517
0.097572 0.11642 0.018844
0.097572 0.11674 0.019171
0.097572 0.11707 0.019498
0.097572 0.1174 0.019825
0.097574 0.11772 0.02015
0.097574 0.11805 0.020477
0.097574 0.11838 0.020804
0.097577 0.11871 0.021128
0.097586 0.11903 0.021446
0.097595 0.11936 0.021764
0.097633 0.11969 0.022053
0.097641 0.12001 0.022372
0.097651 0.12034 0.022689
0.097684 0.12067 0.022983
0.097684 0.12099 0.02331
0.097685 0.12132 0.023636
0.097685 0.12165 0.023963
0.097696 0.12198 0.02428
0.097697 0.1223 0.024605
0.0977 0.12263 0.024929
0.097701 0.12296 0.025256
0.097701 0.12328 0.025583
0.097701 0.12361 0.02591
0.097701 0.12394 0.026237
0.097701 0.12426 0.026564
0.097701 0.12459 0.026891
0.09772 0.12492 0.027199
0.098075 0.12525 0.02717
0.098519 0.12557 0.027054
0.099489 0.1259 0.02641
0.10052 0.12623 0.025711
0.10149 0.12655 0.02506
0.10285 0.12688 0.024035
0.1032 0.12721 0.024011
0.10338 0.12753 0.024159
0.10358 0.12786 0.024278
0.10379 0.12819 0.0244
0.10445 0.12852 0.024064
0.10571 0.12884 0.023128
0.10606 0.12917 0.023112
0.10627 0.1295 0.02323
0.10648 0.12982 0.023348
0.1069 0.13015 0.023249
0.10708 0.13048 0.023401
0.10734 0.1308 0.023469
0.1095 0.13113 0.021631
0.10981 0.13146 0.02165
0.10996 0.13179 0.021827
0.10996 0.13211 0.022154
0.11022 0.13244 0.022222
0.11048 0.13277 0.022291
0.11056 0.13309 0.022533
0.11067 0.13342 0.022753
0.11101 0.13375 0.022737
0.11123 0.13407 0.022845
0.11144 0.1344 0.022962
0.11151 0.13473 0.023222
0.11205 0.13506 0.023002
0.11239 0.13538 0.022995
0.1126 0.13571 0.023105
0.1126 0.13604 0.023432
0.11322 0.13636 0.023145
0.11355 0.13669 0.02314
0.1138 0.13702 0.02322
0.11381 0.13734 0.023537
0.11382 0.13767 0.023856
0.11386 0.138 0.024143
0.11445 0.13833 0.023875
0.11449 0.13865 0.024158
0.11515 0.13898 0.023826
0.11542 0.13931 0.023882
0.11554 0.13963 0.024094
0.11559 0.13996 0.024372
0.11624 0.14029 0.024052
0.11641 0.14061 0.024205
0.11644 0.14094 0.024503
0.11651 0.14127 0.02476
0.11689 0.1416 0.024704
0.11705 0.14192 0.024874
0.1171 0.14225 0.025146
0.11716 0.14258 0.025412
0.11738 0.1429 0.025526
0.11745 0.14323 0.025778
0.11755 0.14356 0.026005
0.11757 0.14388 0.026311
0.11771 0.14421 0.0265
0.11786 0.14454 0.026684
0.11811 0.14487 0.026757
0.11822 0.14519 0.026977
0.1183 0.14552 0.027218
0.11849 0.14585 0.027361
0.11851 0.14617 0.027662
0.11854 0.1465 0.027961
0.11863 0.14683 0.028203
0.11868 0.14716 0.028472
0.11905 0.14748 0.02843
0.11937 0.14781 0.028444
0.11944 0.14814 0.028698
0.11949 0.14846 0.028969
0.11985 0.14879 0.028936
0.12076 0.14912 0.028362
0.12112 0.14944 0.028321
0.12183 0.14977 0.027943
0.12209 0.1501 0.028012
0.12245 0.15043 0.027979
0.12281 0.15075 0.027947
0.12333 0.15108 0.027752
0.12368 0.15141 0.027728
0.12405 0.15173 0.027686
0.1261 0.15206 0.025963
0.1261 0.15239 0.026286
0.12629 0.15271 0.026428
0.12639 0.15304 0.026653
0.12639 0.15337 0.02698
0.12639 0.1537 0.027304
0.12685 0.15402 0.027173
0.12697 0.15435 0.027379
0.12779 0.15468 0.026882
0.1288 0.155 0.026204
0.12927 0.15533 0.026063
0.13009 0.15566 0.025567
0.13018 0.15598 0.025801
0.13033 0.15631 0.025979
0.13061 0.15664 0.026032
0.1312 0.15697 0.025768
0.13137 0.15729 0.025926
0.13171 0.15762 0.025908
0.13256 0.15795 0.025391
0.13306 0.15827 0.02521
0.13315 0.1586 0.025449
0.13375 0.15893 0.025176
0.13455 0.15925 0.024702
0.13523 0.15958 0.024352
0.13615 0.15991 0.02376
0.13658 0.16024 0.023655
0.13705 0.16056 0.023508
0.13767 0.16089 0.023215
0.13815 0.16122 0.023067
0.13862 0.16154 0.022921
0.13905 0.16187 0.022822
0.13919 0.1622 0.023009
0.13945 0.16252 0.023077
0.13954 0.16285 0.02331
0.13972 0.16318 0.023462
0.14025 0.16351 0.023252
0.1405 0.16383 0.023329
0.14075 0.16416 0.023406
0.14093 0.16449 0.023561
0.14181 0.16481 0.022999
0.14405 0.16514 0.021088
0.14414 0.16547 0.021328
0.14414 0.16579 0.021655
0.14455 0.16612 0.021567
0.14459 0.16645 0.021862
0.14463 0.16678 0.022144
0.14468 0.1671 0.022426
0.14468 0.16743 0.022749
0.14469 0.16776 0.023067
0.14486 0.16808 0.023219
0.14488 0.16841 0.023529
0.145 0.16874 0.023739
0.14502 0.16906 0.024049
0.14504 0.16939 0.02435
0.14513 0.16972 0.024585
0.14519 0.17005 0.024852
0.14523 0.17037 0.025145
0.14531 0.1707 0.025388
0.14532 0.17103 0.025703
0.1454 0.17135 0.025949
0.14542 0.17168 0.026263
0.14545 0.17201 0.026555
0.14546 0.17233 0.026879
0.14547 0.17266 0.027194
0.1455 0.17299 0.027489
0.14553 0.17332 0.02779
0.14559 0.17364 0.028057
0.14574 0.17397 0.028227
0.14597 0.1743 0.028324
0.14646 0.17462 0.02816
0.14691 0.17495 0.028045
0.14721 0.17528 0.028071
0.14744 0.1756 0.02817
0.14809 0.17593 0.027841
0.1481 0.17626 0.028159
0.14812 0.17659 0.028467
0.14812 0.17691 0.028794
0.14939 0.17724 0.027852
0.14967 0.17757 0.027896
0.14967 0.17789 0.028221
0.14973 0.17822 0.028486
0.14973 0.17855 0.028813
0.14977 0.17888 0.029102
0.14978 0.1792 0.029425
0.15017 0.17953 0.029363
0.15052 0.17986 0.029339
0.15062 0.18018 0.029559
0.15084 0.18051 0.029666
0.15116 0.18084 0.029682
0.15154 0.18116 0.02962
0.15174 0.18149 0.029748
0.15194 0.18182 0.029877
0.15269 0.18215 0.029456
0.15358 0.18247 0.028891
0.1538 0.1828 0.029003
0.15402 0.18313 0.02911
0.15423 0.18345 0.029222
0.15445 0.18378 0.029328
0.15488 0.18411 0.029231
0.15562 0.18443 0.028811
0.1567 0.18476 0.028058
0.15741 0.18509 0.027682
0.15809 0.18542 0.027324
0.15844 0.18574 0.0273
0.1586 0.18607 0.027473
0.15926 0.1864 0.027138
0.16019 0.18672 0.026533
0.16053 0.18705 0.026517
0.16061 0.18738 0.026765
0.16072 0.1877 0.02698
0.16084 0.18803 0.027192
0.16092 0.18836 0.027442
0.16128 0.18869 0.027403
0.16161 0.18901 0.027399
0.16189 0.18934 0.027446
0.16191 0.18967 0.027758
0.16191 0.18999 0.028083
0.16191 0.19032 0.028408
0.16193 0.19065 0.028721
0.16193 0.19097 0.029048
0.16193 0.1913 0.029375
0.1621 0.19163 0.02953
0.16252 0.19196 0.029439
0.16254 0.19228 0.029747
0.16265 0.19261 0.029956
0.16275 0.19294 0.030189
0.16279 0.19326 0.030477
0.16285 0.19359 0.030741
0.1629 0.19392 0.031015
0.16294 0.19424 0.0313
0.16296 0.19457 0.031613
0.16307 0.1949 0.031828
0.16319 0.19523 0.032037
0.16337 0.19555 0.032185
0.16342 0.19588 0.032456
0.16364 0.19621 0.032563
0.16365 0.19653 0.032883
0.16366 0.19686 0.033196
0.16369 0.19719 0.033495
0.16375 0.19751 0.033766
0.1638 0.19784 0.034042
0.1643 0.19817 0.033864
0.16542 0.1985 0.033078
0.16566 0.19882 0.033167
0.16567 0.19915 0.033483
0.16582 0.19948 0.033661
0.16584 0.1998 0.03396
0.16597 0.20013 0.034157
0.16603 0.20046 0.034426
0.16624 0.20078 0.034546
0.16629 0.20111 0.034818
0.16758 0.20144 0.033862
0.16758 0.20177 0.034182
0.1677 0.20209 0.034393
0.16779 0.20242 0.034631
0.16782 0.20275 0.034925
0.1679 0.20307 0.035176
0.16793 0.2034 0.035469
0.16794 0.20373 0.035787
0.16799 0.20405 0.036069
0.16801 0.20438 0.036368
0.16803 0.20471 0.036681
0.16821 0.20504 0.036827
0.16838 0.20536 0.036986
0.16847 0.20569 0.037224
0.16848 0.20602 0.037533
0.16862 0.20634 0.037721
0.16864 0.20667 0.038031
0.16868 0.207 0.038321
0.16883 0.20733 0.038498
0.16892 0.20765 0.038735
0.16901 0.20798 0.038971
0.16908 0.20831 0.039223
0.16919 0.20863 0.039446
0.1694 0.20896 0.039564
0.1696 0.20929 0.039687
0.1698 0.20961 0.03981
0.17002 0.20994 0.039917
0.17046 0.21027 0.039809
0.17068 0.2106 0.039918
0.17094 0.21092 0.039978
0.17116 0.21125 0.040089
0.17132 0.21158 0.04026
0.1714 0.2119 0.040502
0.17179 0.21223 0.04044
0.17273 0.21256 0.039824
0.17294 0.21288 0.039947
0.17315 0.21321 0.040063
0.17335 0.21354 0.040189
0.17355 0.21387 0.040317
0.17405 0.21419 0.040147
0.17415 0.21452 0.040368
0.17436 0.21485 0.040482
0.17437 0.21517 0.040802
0.1744 0.2155 0.041104
0.17443 0.21583 0.0414
0.17444 0.21615 0.041711
0.17449 0.21648 0.041993
0.1745 0.21681 0.042313
0.17454 0.21714 0.042594
0.17457 0.21746 0.04289
0.17461 0.21779 0.043182
0.17465 0.21812 0.043467
0.17466 0.21844 0.043782
0.17475 0.21877 0.044019
0.17495 0.2191 0.044149
0.17513 0.21942 0.044293
0.17522 0.21975 0.044531
0.17528 0.22008 0.044802
0.17534 0.22041 0.045062
0.17537 0.22073 0.045365
0.1754 0.22106 0.045659
0.17564 0.22139 0.045749
0.17564 0.22171 0.046076
0.17585 0.22204 0.046189
0.17586 0.22237 0.046508
0.17589 0.22269 0.046803
0.17589 0.22302 0.04713
0.17589 0.22335 0.047457
0.17626 0.22368 0.047417
0.1766 0.224 0.047401
0.17664 0.22433 0.047687
0.17672 0.22466 0.047934
0.17679 0.22498 0.048194
0.1768 0.22531 0.04851
0.17723 0.22564 0.048411
0.17727 0.22596 0.048693
0.17731 0.22629 0.048985
0.17732 0.22662 0.049294
0.17739 0.22695 0.049557
0.17784 0.22727 0.049434
0.17827 0.2276 0.049331
0.1788 0.22793 0.049123
0.17965 0.22825 0.048606
0.17975 0.22858 0.048831
0.17989 0.22891 0.049015
0.18004 0.22923 0.049195
0.18029 0.22956 0.049268
0.18031 0.22989 0.049581
0.18042 0.23022 0.049796
0.18108 0.23054 0.049463
0.18132 0.23087 0.049552
0.18139 0.2312 0.049809
0.18153 0.23152 0.049993
0.18156 0.23185 0.050291
0.18157 0.23218 0.050608
0.18163 0.2325 0.050875
0.18185 0.23283 0.050984
0.18188 0.23316 0.051276
0.18211 0.23349 0.05138
0.18212 0.23381 0.051689
0.1822 0.23414 0.051944
0.18239 0.23447 0.052073
0.18258 0.23479 0.052218
0.18275 0.23512 0.052373
0.18282 0.23545 0.052632
0.18283 0.23578 0.052948
0.18287 0.2361 0.053233
0.18295 0.23643 0.053475
0.18306 0.23676 0.053696
0.18326 0.23708 0.053822
0.18335 0.23741 0.05406
0.18336 0.23774 0.054376
0.18347 0.23806 0.054592
0.18353 0.23839 0.054863
0.18371 0.23872 0.055004
0.18383 0.23905 0.055216
0.18388 0.23937 0.055496
0.18407 0.2397 0.05563
0.18409 0.24003 0.055938
0.18445 0.24035 0.055908
0.18449 0.24068 0.056186
0.18454 0.24101 0.05647
0.18466 0.24133 0.056679
0.18506 0.24166 0.056604
0.18516 0.24199 0.056824
0.18551 0.24232 0.056803
0.18558 0.24264 0.057065
0.18558 0.24297 0.057392
0.18567 0.2433 0.057624
0.18572 0.24362 0.057907
0.18575 0.24395 0.058202
0.18577 0.24428 0.058505
0.18582 0.2446 0.058783
0.18584 0.24493 0.059087
0.18587 0.24526 0.05939
0.18591 0.24559 0.059678
0.18591 0.24591 0.060005
0.18595 0.24624 0.060285
0.18612 0.24657 0.060448
0.1862 0.24689 0.060696
0.18624 0.24722 0.060985
0.18631 0.24755 0.061234
0.18648 0.24787 0.061393
0.18712 0.2482 0.061079
0.18746 0.24853 0.061064
0.18891 0.24886 0.059944
0.18913 0.24918 0.060054
0.18941 0.24951 0.060097
0.18977 0.24984 0.060069
0.18977 0.25016 0.060396
0.19019 0.25049 0.0603
0.1928 0.25082 0.058021
0.19527 0.25114 0.055876
0.19535 0.25147 0.056124
0.19602 0.2518 0.05578
0.19604 0.25213 0.056084
0.19619 0.25245 0.056261
0.19629 0.25278 0.056488
0.1966 0.25311 0.056509
0.19692 0.25343 0.056514
0.1971 0.25376 0.05666
0.19711 0.25409 0.056981
0.19735 0.25441 0.057068
0.19735 0.25474 0.057395
0.19759 0.25507 0.057478
0.19812 0.2554 0.057271
0.1993 0.25572 0.056419
0.19931 0.25605 0.056737
0.19931 0.25638 0.057064
0.19932 0.2567 0.057388
0.19932 0.25703 0.057715
0.19933 0.25736 0.058025
0.19935 0.25768 0.058336
0.19936 0.25801 0.058657
0.19936 0.25834 0.058975
0.19938 0.25867 0.059285
0.19938 0.25899 0.059611
0.1994 0.25932 0.059917
0.19944 0.25965 0.060203
0.19955 0.25997 0.060422
0.1996 0.2603 0.060706
0.19962 0.26063 0.061011
0.19962 0.26095 0.061335
0.19962 0.26128 0.061662
0.19962 0.26161 0.061989
0.19962 0.26194 0.062315
0.19962 0.26226 0.062642
0.19962 0.26259 0.062968
0.19962 0.26292 0.063293
0.19962 0.26324 0.063619
0.19963 0.26357 0.063945
0.19963 0.2639 0.064271
0.19963 0.26422 0.064597
0.19963 0.26455 0.064924
0.19963 0.26488 0.065247
0.19963 0.26521 0.065571
0.19964 0.26553 0.065896
0.19964 0.26586 0.066221
0.19965 0.26619 0.066539
0.19965 0.26651 0.066863
0.19965 0.26684 0.067189
0.19965 0.26717 0.067516
0.19965 0.2675 0.067843
0.19966 0.26782 0.068166
0.19967 0.26815 0.068479
0.19967 0.26848 0.068806
0.19967 0.2688 0.069133
0.19967 0.26913 0.06946
0.19967 0.26946 0.069787
0.19967 0.26978 0.070114
0.19967 0.27011 0.070441
0.19967 0.27044 0.070768
0.19967 0.27077 0.071095
0.19967 0.27109 0.071422
0.19972 0.27142 0.071704
0.19975 0.27175 0.071998
0.19985 0.27207 0.072228
0.1999 0.2724 0.072503
0.19994 0.27273 0.072791
0.19996 0.27305 0.073093
0.20002 0.27338 0.073365
0.20003 0.27371 0.073674
0.20008 0.27404 0.073955
0.20011 0.27436 0.074252
0.20013 0.27469 0.074561
0.20018 0.27502 0.074836
0.20025 0.27534 0.075093
0.20033 0.27567 0.075339
0.20038 0.276 0.075614
0.20043 0.27632 0.075893
0.20044 0.27665 0.076212
0.20046 0.27698 0.076523
0.2005 0.27731 0.076805
0.2005 0.27763 0.077132
0.20052 0.27796 0.077438
0.20054 0.27829 0.077744
0.20066 0.27861 0.077957
0.20094 0.27894 0.078001
0.20096 0.27927 0.078303
0.20175 0.27959 0.077842
0.20251 0.27992 0.077409
0.20254 0.28025 0.077709
0.20259 0.28058 0.077984
0.2026 0.2809 0.078301
0.20266 0.28123 0.078572
0.20281 0.28156 0.078747
0.20294 0.28188 0.078941
0.20297 0.28221 0.079244
0.20326 0.28254 0.07928
0.20329 0.28286 0.079579
0.20364 0.28319 0.079554
0.20373 0.28352 0.079791
0.20376 0.28385 0.080083
0.2038 0.28417 0.080368
0.20386 0.2845 0.08064
0.20412 0.28483 0.080706
0.20416 0.28515 0.080991
0.20419 0.28548 0.081291
0.20422 0.28581 0.081591
0.20675 0.28613 0.07938
0.20994 0.28646 0.076526
0.21158 0.28679 0.075213
0.21204 0.28712 0.075072
0.21204 0.28744 0.075398
0.21532 0.28777 0.072452
0.21638 0.2881 0.071716
0.21911 0.28842 0.069319
0.21914 0.28875 0.06961
0.22042 0.28908 0.068663
0.22284 0.2894 0.066564
0.22393 0.28973 0.0658
0.22476 0.29006 0.065299
0.22525 0.29039 0.065139
0.22529 0.29071 0.065421
0.22567 0.29104 0.065372
0.22576 0.29137 0.065603
0.22576 0.29169 0.06593
0.22576 0.29202 0.066257
0.22816 0.29235 0.064184
0.22816 0.29267 0.064511
0.23041 0.293 0.062594
0.23133 0.29333 0.062001
0.23178 0.29366 0.06188
0.232 0.29398 0.061985
0.23235 0.29431 0.061964
0.23255 0.29464 0.062083
0.23263 0.29496 0.062334
0.23272 0.29529 0.062575
0.23274 0.29562 0.062877
0.23296 0.29595 0.062985
0.2332 0.29627 0.06307
0.23331 0.2966 0.06329
0.23348 0.29693 0.063444
0.23351 0.29725 0.063744
0.23426 0.29758 0.063325
0.23431 0.29791 0.063593
0.23433 0.29823 0.063906
0.23436 0.29856 0.064204
0.23437 0.29889 0.064518
0.23452 0.29922 0.064698
0.23456 0.29954 0.06498
0.23456 0.29987 0.065306
0.23459 0.3002 0.065605
0.23509 0.30052 0.065434
0.23542 0.30085 0.065431
0.2355 0.30118 0.065674
0.23584 0.3015 0.065668
0.23586 0.30183 0.06597
0.23601 0.30216 0.066146
0.23605 0.30249 0.066433
0.23626 0.30281 0.066557
0.2368 0.30314 0.066337
0.23741 0.30347 0.06606
0.23742 0.30379 0.066377
0.23748 0.30412 0.066636
0.23754 0.30445 0.066911
0.23778 0.30477 0.066996
0.23789 0.3051 0.067207
0.23817 0.30543 0.067255
0.23822 0.30576 0.067533
0.23823 0.30608 0.067855
0.23823 0.30641 0.068182
0.23823 0.30674 0.068509
0.24098 0.30706 0.066086
0.24098 0.30739 0.066413
0.24303 0.30772 0.064692
0.24326 0.30804 0.064783
0.24365 0.30837 0.064722
0.24387 0.3087 0.064832
0.24391 0.30903 0.065116
0.2443 0.30935 0.065053
0.24457 0.30968 0.065114
0.24457 0.31001 0.065441
0.24653 0.31033 0.063806
0.24749 0.31066 0.063167
0.24831 0.31099 0.062677
0.24845 0.31131 0.062869
0.24845 0.31164 0.063196
0.24845 0.31197 0.063523
0.24872 0.3123 0.063578
0.24876 0.31262 0.063862
0.24921 0.31295 0.063735
0.2496 0.31328 0.063674
0.24992 0.3136 0.063683
0.25012 0.31393 0.063808
0.25049 0.31426 0.063768
0.25091 0.31458 0.063678
0.25091 0.31491 0.064005
0.25124 0.31524 0.063995
0.25174 0.31557 0.063824
0.25203 0.31589 0.06386
0.25248 0.31622 0.063742
0.25315 0.31655 0.063398
0.2535 0.31687 0.063377
0.25366 0.3172 0.063545
0.2541 0.31753 0.063423
0.25434 0.31785 0.063514
0.25462 0.31818 0.063558
0.25483 0.31851 0.063676
0.25491 0.31884 0.063926
0.25521 0.31916 0.063951
0.25576 0.31949 0.063731
0.25577 0.31982 0.064045
0.25602 0.32014 0.064119
0.25618 0.32047 0.064288
0.25625 0.3208 0.064545
0.25649 0.32112 0.064636
0.25649 0.32145 0.064963
0.25686 0.32178 0.064916
0.2575 0.32211 0.06461
0.2578 0.32243 0.064635
0.25851 0.32276 0.064252
0.25857 0.32309 0.064519
0.25857 0.32341 0.064846
0.25857 0.32374 0.065173
0.25881 0.32407 0.065257
0.25908 0.3244 0.065311
0.25915 0.32472 0.065569
0.25922 0.32505 0.065827
0.25929 0.32538 0.066084
0.2595 0.3257 0.066201
0.25978 0.32603 0.066253
0.26007 0.32636 0.066289
0.26026 0.32668 0.066428
0.26055 0.32701 0.066457
0.26063 0.32734 0.066703
0.26069 0.32767 0.066978
0.26079 0.32799 0.067205
0.26081 0.32832 0.067511
0.26089 0.32865 0.067756
0.261 0.32897 0.067978
0.261 0.3293 0.068305
0.2612 0.32963 0.068423
0.26121 0.32995 0.068742
0.26125 0.33028 0.069034
0.2613 0.33061 0.069309
0.26131 0.33094 0.069626
0.26135 0.33126 0.069908
0.26139 0.33159 0.070195
0.26141 0.33192 0.070509
0.26141 0.33224 0.070829
0.26145 0.33257 0.071119
0.26146 0.3329 0.071436
0.26152 0.33322 0.0717
0.26155 0.33355 0.072006
0.2616 0.33388 0.072281
0.26163 0.33421 0.072574
0.26165 0.33453 0.072884
0.26167 0.33486 0.073188
0.26174 0.33519 0.073445
0.26176 0.33551 0.073757
0.26176 0.33584 0.074084
0.26183 0.33617 0.074342
0.26185 0.33649 0.07464
0.26185 0.33682 0.074967
0.26186 0.33715 0.075284
0.26191 0.33748 0.075567
0.26202 0.3378 0.075778
0.26204 0.33813 0.076093
0.26205 0.33846 0.076404
0.26207 0.33878 0.076715
0.26209 0.33911 0.077019
0.26213 0.33944 0.077307
0.26218 0.33976 0.07758
0.2622 0.34009 0.077888
0.26224 0.34042 0.078177
0.26238 0.34075 0.078364
0.26239 0.34107 0.078679
0.2624 0.3414 0.078996
0.26245 0.34173 0.079272
0.26247 0.34205 0.07958
0.26251 0.34238 0.079869
0.26257 0.34271 0.080142
0.26262 0.34303 0.08042
0.26266 0.34336 0.080697
0.26276 0.34369 0.080932
0.26313 0.34402 0.080883
0.26318 0.34434 0.081164
0.26336 0.34467 0.081305
0.26344 0.345 0.081554
0.26345 0.34532 0.081876
0.26365 0.34565 0.082004
0.26479 0.34598 0.081186
0.26483 0.3463 0.081473
0.26484 0.34663 0.081791
0.26489 0.34696 0.082071
0.26493 0.34729 0.082352
0.26504 0.34761 0.082574
0.26506 0.34794 0.082884
0.26513 0.34827 0.083141
0.26517 0.34859 0.08342
0.26534 0.34892 0.083585
0.26547 0.34925 0.083774
0.26558 0.34957 0.083996
0.26603 0.3499 0.083868
0.26607 0.35023 0.084154
0.26615 0.35056 0.084402
0.26616 0.35088 0.08472
0.26621 0.35121 0.084996
0.26632 0.35154 0.08522
0.26635 0.35186 0.085518
0.26635 0.35219 0.085839
0.26645 0.35252 0.08607
0.26649 0.35284 0.086356
0.26651 0.35317 0.086664
0.26651 0.3535 0.086984
0.26654 0.35383 0.087288
0.2668 0.35415 0.087356
0.26681 0.35448 0.087672
0.26694 0.35481 0.087868
0.26721 0.35513 0.08792
0.26724 0.35546 0.088224
0.26728 0.35579 0.088507
0.26734 0.35612 0.088773
0.26738 0.35644 0.089063
0.26757 0.35677 0.0892
0.26763 0.3571 0.089468
0.26764 0.35742 0.089787
0.26768 0.35775 0.090068
0.26769 0.35808 0.090391
0.26777 0.3584 0.090638
0.26777 0.35873 0.090965
0.26777 0.35906 0.091288
0.26811 0.35939 0.091274
0.26827 0.35971 0.09144
0.26827 0.36004 0.091767
0.26829 0.36037 0.092078
0.26838 0.36069 0.092314
0.26846 0.36102 0.092563
0.26847 0.36135 0.092874
0.26847 0.36167 0.093201
0.26907 0.362 0.092934
0.27026 0.36233 0.092072
0.27052 0.36266 0.092139
0.27185 0.36298 0.091137
0.27274 0.36331 0.090565
0.27358 0.36364 0.090061
0.27639 0.36396 0.087573
0.27677 0.36429 0.087516
0.27776 0.36462 0.086855
0.27834 0.36494 0.086609
0.27957 0.36527 0.085706
0.28002 0.3656 0.085574
0.28016 0.36593 0.085764
0.28016 0.36625 0.086091
0.28043 0.36658 0.086151
0.28044 0.36691 0.086465
0.28059 0.36723 0.086648
0.28078 0.36756 0.086778
0.28093 0.36789 0.08696
0.28093 0.36821 0.087287
0.28097 0.36854 0.087576
0.2811 0.36887 0.087771
0.28114 0.3692 0.08806
0.28133 0.36952 0.088194
0.28186 0.36985 0.087989
0.28196 0.37018 0.088213
0.28204 0.3705 0.088459
0.28206 0.37083 0.088768
0.2821 0.37116 0.089056
0.2821 0.37148 0.089383
0.28213 0.37181 0.089677
0.28214 0.37214 0.089999
0.28216 0.37247 0.090311
0.28217 0.37279 0.090622
0.28219 0.37312 0.090933
0.2822 0.37345 0.091244
0.28222 0.37377 0.091557
0.28225 0.3741 0.091856
0.28226 0.37443 0.092165
0.2823 0.37475 0.092456
0.28231 0.37508 0.092767
0.28233 0.37541 0.093078
0.28234 0.37574 0.093393
0.28236 0.37606 0.093705
0.28239 0.37639 0.093997
0.28241 0.37672 0.094306
0.28245 0.37704 0.094597
0.28246 0.37737 0.094907
0.28248 0.3777 0.09522
0.28249 0.37802 0.095533
0.28251 0.37835 0.095846
0.28253 0.37868 0.096152
0.28253 0.37901 0.096479
0.28253 0.37933 0.096806
0.28256 0.37966 0.097102
0.28257 0.37999 0.097413
0.28265 0.38031 0.097661
0.28267 0.38064 0.097973
0.2827 0.38097 0.098269
0.28274 0.38129 0.09855
0.28276 0.38162 0.098862
0.28284 0.38195 0.09911
0.28286 0.38228 0.099417
0.28297 0.3826 0.099637
0.28297 0.38293 0.09996
0.28309 0.38326 0.10017
0.28311 0.38358 0.10047
0.28316 0.38391 0.10075
0.28325 0.38424 0.10099
0.28336 0.38457 0.10121
0.2834 0.38489 0.10149
0.28349 0.38522 0.10173
0.28349 0.38555 0.10205
0.28352 0.38587 0.10235
0.28354 0.3862 0.10266
0.28365 0.38653 0.10288
0.28365 0.38685 0.10321
0.28367 0.38718 0.10352
0.28375 0.38751 0.10376
0.28379 0.38784 0.10404
0.28384 0.38816 0.10433
0.28384 0.38849 0.10465
0.28384 0.38882 0.10498
0.2853 0.38914 0.10384
0.2853 0.38947 0.10417
0.2853 0.3898 0.10449
0.2853 0.39012 0.10482
0.2875 0.39045 0.10296
0.28879 0.39078 0.10199
0.2913 0.39111 0.099802
0.29132 0.39143 0.10012
0.29172 0.39176 0.10004
0.29238 0.39209 0.099711
0.29286 0.39241 0.099557
0.29286 0.39274 0.099884
0.29505 0.39307 0.098019
0.29566 0.39339 0.097737
0.29619 0.39372 0.097536
0.29623 0.39405 0.097822
0.29652 0.39438 0.097853
0.29676 0.3947 0.097941
0.29692 0.39503 0.098109
0.29692 0.39536 0.098436
0.29805 0.39568 0.097629
0.29817 0.39601 0.097841
0.29841 0.39634 0.097924
0.29987 0.39666 0.096799
0.30099 0.39699 0.096006
0.30116 0.39732 0.096159
0.30116 0.39765 0.096485
0.30152 0.39797 0.096454
0.30198 0.3983 0.096322
0.30345 0.39863 0.095177
0.30372 0.39895 0.09523
0.30436 0.39928 0.094922
0.30708 0.39961 0.092531
0.30801 0.39993 0.091922
0.30847 0.40026 0.091789
0.30956 0.40059 0.091033
0.30963 0.40092 0.091284
0.31041 0.40124 0.09083
0.31041 0.40157 0.091157
0.31041 0.4019 0.091484
0.31041 0.40222 0.091811
0.31041 0.40255 0.092138
0.31242 0.40288 0.090458
0.31388 0.4032 0.089329
0.31422 0.40353 0.089314
0.31527 0.40386 0.088591
0.31564 0.40419 0.088549
0.31648 0.40451 0.08803
0.31755 0.40484 0.087285
0.31798 0.40517 0.087188
0.31923 0.40549 0.08626
0.31958 0.40582 0.086244
0.32324 0.40615 0.082911
0.32344 0.40647 0.083034
0.32384 0.4068 0.082958
0.32431 0.40713 0.08282
0.32437 0.40746 0.083085
0.32455 0.40778 0.083236
0.32469 0.40811 0.083423
0.32489 0.40844 0.083543
0.32592 0.40876 0.08284
0.32607 0.40909 0.083016
0.3261 0.40942 0.083322
0.32616 0.40974 0.083581
0.32621 0.41007 0.083864
0.3266 0.4104 0.083799
0.32684 0.41073 0.083885
0.32719 0.41105 0.083866
0.32808 0.41138 0.083296
0.32866 0.41171 0.083051
0.32868 0.41203 0.083358
0.32869 0.41236 0.083676
0.32869 0.41269 0.083993
0.32887 0.41302 0.084145
0.32895 0.41334 0.084388
0.32896 0.41367 0.084708
0.32897 0.414 0.085024
0.32898 0.41432 0.085341
0.32899 0.41465 0.085659
0.32904 0.41498 0.085939
0.32911 0.4153 0.086199
0.32915 0.41563 0.08648
0.32937 0.41596 0.086584
0.32943 0.41629 0.086854
0.32973 0.41661 0.086877
0.32983 0.41694 0.087105
0.32985 0.41727 0.087416
0.32986 0.41759 0.087735
0.32989 0.41792 0.088031
0.33227 0.41825 0.085981
0.33324 0.41857 0.085329
0.33378 0.4189 0.085123
0.33584 0.41923 0.083385
0.33622 0.41956 0.083336
0.33622 0.41988 0.083663
0.33797 0.42021 0.082237
0.33909 0.42054 0.081444
0.33909 0.42086 0.08177
0.33909 0.42119 0.082097
0.33955 0.42152 0.08197
0.3402 0.42184 0.081647
0.34055 0.42217 0.081626
0.34055 0.4225 0.081953
0.34082 0.42283 0.082008
0.34082 0.42315 0.082335
0.34082 0.42348 0.082662
0.34082 0.42381 0.082989
0.34082 0.42413 0.083316
0.34082 0.42446 0.083643
0.34082 0.42479 0.08397
0.34187 0.42511 0.08324
0.34266 0.42544 0.082779
0.34266 0.42577 0.083106
0.34312 0.4261 0.082976
0.34367 0.42642 0.082756
0.34458 0.42675 0.082173
0.34608 0.42708 0.080996
0.34609 0.4274 0.08131
0.34614 0.42773 0.081594
0.34646 0.42806 0.081598
0.34716 0.42838 0.081225
0.34722 0.42871 0.081488
0.34724 0.42904 0.081796
0.34731 0.42937 0.082051
0.34785 0.42969 0.081839
0.34787 0.43002 0.082145
0.34788 0.43035 0.082469
0.3479 0.43067 0.082777
0.34813 0.431 0.08287
0.34813 0.43133 0.083197
0.34813 0.43165 0.083523
0.34835 0.43198 0.083629
0.34928 0.43231 0.083033
0.34929 0.43264 0.08335
0.34936 0.43296 0.083605
0.34936 0.43329 0.083928
0.3495 0.43362 0.084119
0.3495 0.43394 0.084441
0.34951 0.43427 0.084764
0.34953 0.4346 0.08507
0.34953 0.43492 0.085397
0.34953 0.43525 0.085724
0.34962 0.43558 0.085963
0.34962 0.43591 0.08629
0.34963 0.43623 0.086604
0.34984 0.43656 0.08672
0.35019 0.43689 0.086701
0.35037 0.43721 0.086841
0.35068 0.43754 0.086862
0.35077 0.43787 0.087097
0.35098 0.43819 0.087216
0.35123 0.43852 0.087292
0.35123 0.43885 0.087618
0.3514 0.43918 0.087774
0.35175 0.4395 0.087749
0.35227 0.43983 0.087564
0.35234 0.44016 0.087822
0.35304 0.44048 0.087442
0.35314 0.44081 0.087672
0.35324 0.44114 0.087902
0.35324 0.44147 0.088229
0.35324 0.44179 0.088553
0.35324 0.44212 0.088879
0.35324 0.44245 0.089204
0.35336 0.44277 0.08941
0.35336 0.4431 0.089736
0.35336 0.44343 0.090062
0.35339 0.44375 0.090369
0.35341 0.44408 0.09067
0.35348 0.44441 0.09093
0.35348 0.44474 0.091253
0.35364 0.44506 0.091422
0.35368 0.44539 0.091711
0.35371 0.44572 0.092003
0.35387 0.44604 0.092177
0.35387 0.44637 0.092504
0.35394 0.4467 0.092757
0.35395 0.44702 0.09307
0.35396 0.44735 0.093393
0.35397 0.44768 0.093706
0.35397 0.44801 0.094033
0.35402 0.44833 0.094309
0.35403 0.44866 0.094632
0.35406 0.44899 0.094923
0.35407 0.44931 0.095239
0.35409 0.44964 0.095549
0.35412 0.44997 0.095852
0.35413 0.45029 0.096162
0.35416 0.45062 0.096459
0.35417 0.45095 0.096774
0.35417 0.45128 0.097101
0.35423 0.4516 0.097368
0.35436 0.45193 0.097572
0.35645 0.45226 0.095806
0.35717 0.45258 0.095412
0.35717 0.45291 0.095739
0.358 0.45324 0.095238
0.35849 0.45356 0.095073
0.35917 0.45389 0.094723
0.36001 0.45422 0.094211
0.36084 0.45455 0.09371
0.36133 0.45487 0.093544
0.36154 0.4552 0.093656
0.36296 0.45553 0.092567
0.36333 0.45585 0.092522
0.36399 0.45618 0.092189
0.36612 0.45651 0.090388
0.36656 0.45683 0.090276
0.36657 0.45716 0.090593
0.36708 0.45749 0.090413
0.37192 0.45782 0.085895
0.37232 0.45814 0.085821
0.37594 0.45847 0.082534
0.37597 0.4588 0.082827
0.37634 0.45912 0.082786
0.37643 0.45945 0.083021
0.37694 0.45978 0.08284
0.37776 0.4601 0.082344
0.37999 0.46043 0.080441
0.38016 0.46076 0.080594
0.38017 0.46109 0.080915
0.38018 0.46141 0.081236
0.38025 0.46174 0.081486
0.38025 0.46207 0.081812
0.38026 0.46239 0.082138
0.38026 0.46272 0.082465
0.38026 0.46305 0.082792
0.38026 0.46337 0.083119
0.38026 0.4637 0.083441
0.38027 0.46403 0.083762
0.38028 0.46436 0.084079
0.38028 0.46468 0.084406
0.38028 0.46501 0.084733
0.38028 0.46534 0.08506
0.38028 0.46566 0.085385
0.38028 0.46599 0.085712
0.38028 0.46632 0.086033
0.38029 0.46664 0.086354
0.38044 0.46697 0.08653
0.38085 0.4673 0.086445
0.38089 0.46763 0.086731
0.3809 0.46795 0.087057
0.38101 0.46828 0.087269
0.38107 0.46861 0.087536
0.38189 0.46893 0.08704
0.38279 0.46926 0.086469
0.38285 0.46959 0.086735
0.38313 0.46991 0.086784
0.38373 0.47024 0.086511
0.38454 0.47057 0.086027
0.38482 0.4709 0.086079
0.38705 0.47122 0.084172
0.38705 0.47155 0.084499
0.38784 0.47188 0.084036
0.38854 0.4722 0.083666
0.39028 0.47253 0.082255
0.39075 0.47286 0.082103
0.39098 0.47319 0.082202
0.39125 0.47351 0.082264
0.39219 0.47384 0.081645
0.39226 0.47417 0.081902
0.39232 0.47449 0.082174
0.39246 0.47482 0.082355
0.39258 0.47515 0.08257
0.39266 0.47547 0.08281
0.3927 0.4758 0.083097
0.39272 0.47613 0.08341
0.39273 0.47646 0.08373
0.39276 0.47678 0.084017
0.39295 0.47711 0.084156
0.39295 0.47744 0.084483
0.39296 0.47776 0.084808
0.39299 0.47809 0.085098
0.39318 0.47842 0.085238
0.39445 0.47874 0.084293
0.39446 0.47907 0.084612
0.39466 0.4794 0.084738
0.39479 0.47973 0.084934
0.39511 0.48005 0.084944
0.39568 0.48038 0.084703
0.39568 0.48071 0.08503
0.39599 0.48103 0.085047
0.39602 0.48136 0.085345
0.39603 0.48169 0.085659
0.3961 0.48201 0.085919
0.39614 0.48234 0.086203
0.39627 0.48267 0.086395
0.39702 0.483 0.085972
0.39717 0.48332 0.086151
0.39767 0.48365 0.085979
0.39777 0.48398 0.086209
0.39787 0.4843 0.08643
0.39796 0.48463 0.086666
0.39798 0.48496 0.086974
0.39798 0.48528 0.087301
0.3981 0.48561 0.087507
0.39815 0.48594 0.087792
0.39822 0.48627 0.088043
0.39839 0.48659 0.088202
0.39853 0.48692 0.088392
0.39854 0.48725 0.088703
0.39862 0.48757 0.088953
0.39875 0.4879 0.089149
0.39897 0.48823 0.089257
0.39983 0.48855 0.088722
0.39986 0.48888 0.089022
0.4 0.48921 0.089213
0.40019 0.48954 0.089343
0.40034 0.48986 0.08952
0.40057 0.49019 0.089621
0.40077 0.49052 0.08975
0.40129 0.49084 0.089552
0.40146 0.49117 0.089708
0.40202 0.4915 0.089481
0.40214 0.49182 0.089687
0.40284 0.49215 0.089314
0.40284 0.49248 0.089635
0.40285 0.49281 0.089952
0.40318 0.49313 0.089949
0.40318 0.49346 0.090276
0.40326 0.49379 0.090524
0.40329 0.49411 0.090826
0.40344 0.49444 0.091004
0.40346 0.49477 0.091311
0.40346 0.49509 0.091638
0.40348 0.49542 0.091938
0.4035 0.49575 0.092251
0.4035 0.49608 0.092573
0.40399 0.4964 0.092409
0.404 0.49673 0.092734
0.40404 0.49706 0.093021
0.40406 0.49738 0.093324
0.40412 0.49771 0.093595
0.40413 0.49804 0.093912
0.40415 0.49836 0.09422
0.40418 0.49869 0.094513
0.40419 0.49902 0.094833
0.40429 0.49935 0.095056
0.40432 0.49967 0.095348
0.40434 0.5 0.095665
0.40435 0.50033 0.095981
0.40438 0.50065 0.09627
0.40439 0.50098 0.096587
0.40445 0.50131 0.096861
0.40448 0.50164 0.097154
0.40449 0.50196 0.097471
0.40451 0.50229 0.097777
0.40452 0.50262 0.098093
0.40456 0.50294 0.098378
0.40462 0.50327 0.098652
0.40464 0.5036 0.098962
0.40464 0.50392 0.09928
0.40466 0.50425 0.099589
0.40471 0.50458 0.099865
0.40475 0.50491 0.10016
0.40475 0.50523 0.10048
0.40493 0.50556 0.10063
0.40493 0.50589 0.10095
0.4053 0.50621 0.10092
0.40549 0.50654 0.10105
0.40706 0.50687 0.099806
0.40872 0.50719 0.09847
0.4105 0.50752 0.097025
0.41063 0.50785 0.097216
0.41116 0.50818 0.097018
0.41136 0.5085 0.097146
0.4122 0.50883 0.096626
0.4126 0.50916 0.096561
0.41341 0.50948 0.096069
0.41511 0.50981 0.094696
0.41624 0.51014 0.093902
0.41721 0.51046 0.093258
0.41749 0.51079 0.093298
0.4178 0.51112 0.093319
0.41799 0.51145 0.09346
0.41817 0.51177 0.093598
0.41817 0.5121 0.093925
0.41871 0.51243 0.093716
0.41915 0.51275 0.093607
0.41945 0.51308 0.093631
0.42102 0.51341 0.092383
0.42102 0.51373 0.09271
0.42254 0.51406 0.091524
0.42357 0.51439 0.09082
0.42475 0.51472 0.089966
0.4253 0.51504 0.08974
0.4265 0.51537 0.088871
0.42793 0.5157 0.087769
0.42804 0.51602 0.087984
0.42832 0.51635 0.088028
0.43142 0.51668 0.08526
0.43245 0.517 0.084553
0.4362 0.51733 0.081136
0.43697 0.51766 0.080691
0.43807 0.51799 0.079913
0.43845 0.51831 0.07986
0.43924 0.51864 0.079402
0.43924 0.51897 0.079729
0.44011 0.51929 0.079182
0.44142 0.51962 0.078202
0.44172 0.51995 0.078232
0.44263 0.52027 0.077648
0.44352 0.5206 0.077085
0.44534 0.52093 0.075585
0.44534 0.52126 0.075912
0.44639 0.52158 0.075195
0.44714 0.52191 0.074765
0.44738 0.52224 0.074852
0.44791 0.52256 0.074655
0.44852 0.52289 0.07437
0.44852 0.52322 0.074697
0.44892 0.52354 0.074625
0.44951 0.52387 0.074359
0.44961 0.5242 0.074591
0.45045 0.52453 0.074076
0.45114 0.52485 0.073717
0.45147 0.52518 0.07371
0.45239 0.52551 0.073117
0.45322 0.52583 0.072611
0.45334 0.52616 0.072821
0.45366 0.52649 0.072827
0.45595 0.52681 0.070863
0.45597 0.52714 0.071167
0.4564 0.52747 0.071072
0.4568 0.5278 0.070996
0.45754 0.52812 0.070582
0.4577 0.52845 0.07075
0.45786 0.52878 0.070918
0.45802 0.5291 0.071084
0.45818 0.52943 0.071252
0.45842 0.52976 0.071343
0.45858 0.53009 0.071502
0.45916 0.53041 0.071254
0.4592 0.53074 0.071541
0.45965 0.53107 0.071413
0.46014 0.53139 0.071252
0.46035 0.53172 0.071375
0.46035 0.53205 0.071702
0.46068 0.53237 0.071695
0.46068 0.5327 0.072022
0.46068 0.53303 0.072349
0.46068 0.53336 0.072676
0.46133 0.53368 0.072354
0.46371 0.53401 0.070296
0.46371 0.53434 0.070623
0.46371 0.53466 0.07095
0.46415 0.53499 0.070843
0.46415 0.53532 0.07117
0.46434 0.53564 0.071303
0.46598 0.53597 0.069986
0.46598 0.5363 0.070313
0.46598 0.53663 0.07064
0.46598 0.53695 0.070967
0.46604 0.53728 0.071236
0.46604 0.53761 0.071563
0.46628 0.53793 0.071655
0.46731 0.53826 0.070951
0.46731 0.53859 0.071278
0.46773 0.53891 0.071188
0.46773 0.53924 0.071514
0.46826 0.53957 0.071306
0.4688 0.5399 0.071094
0.46964 0.54022 0.070587
0.47007 0.54055 0.07048
0.47007 0.54088 0.070807
0.47135 0.5412 0.069857
0.4726 0.54153 0.068935
0.47355 0.54186 0.06831
0.47457 0.54218 0.067613
0.47582 0.54251 0.06669
0.47582 0.54284 0.067017
0.47685 0.54317 0.06632
0.47776 0.54349 0.065732
0.47776 0.54382 0.066059
0.47929 0.54415 0.064855
0.47929 0.54447 0.065182
0.47929 0.5448 0.065509
0.47958 0.54513 0.065549
0.47958 0.54545 0.065876
0.48005 0.54578 0.065731
0.48005 0.54611 0.066058
0.48036 0.54644 0.066075
0.48078 0.54676 0.065985
0.48181 0.54709 0.06528
0.48181 0.54742 0.065607
0.48264 0.54774 0.065101
0.48265 0.54807 0.065422
0.48266 0.5484 0.065743
0.48267 0.54872 0.066054
0.48288 0.54905 0.06617
0.4831 0.54938 0.066277
0.48322 0.54971 0.066487
0.48324 0.55003 0.066793
0.48352 0.55036 0.066838
0.48364 0.55069 0.067048
0.48382 0.55101 0.06719
0.48388 0.55134 0.06746
0.48401 0.55167 0.067658
0.48404 0.55199 0.067957
0.4843 0.55232 0.068018
0.48433 0.55265 0.068317
0.48434 0.55298 0.068637
0.4844 0.5533 0.068905
0.48507 0.55363 0.068562
0.48513 0.55396 0.068828
0.48513 0.55428 0.069153
0.48514 0.55461 0.069467
0.48515 0.55494 0.069792
0.48516 0.55526 0.070103
0.48517 0.55559 0.070424
0.48517 0.55592 0.070745
0.48519 0.55625 0.071059
0.4852 0.55657 0.071374
0.4852 0.5569 0.071701
0.4852 0.55723 0.072028
0.4852 0.55755 0.072355
0.4852 0.55788 0.072682
0.4852 0.55821 0.073009
0.4852 0.55853 0.073335
0.4852 0.55886 0.073662
0.48756 0.55919 0.07163
0.48756 0.55952 0.071957
0.48756 0.55984 0.072284
0.48898 0.56017 0.071195
0.48898 0.5605 0.071522
0.48939 0.56082 0.071437
0.48939 0.56115 0.071764
0.49042 0.56148 0.071059
0.49078 0.56181 0.071027
0.49114 0.56213 0.07099
0.49114 0.56246 0.071317
0.49127 0.56279 0.07152
0.49127 0.56311 0.071839
0.49128 0.56344 0.072164
0.49132 0.56377 0.072448
0.49159 0.56409 0.072507
0.49161 0.56442 0.07281
0.49172 0.56475 0.073025
0.49208 0.56508 0.072996
0.49212 0.5654 0.073287
0.49228 0.56573 0.073444
0.49229 0.56606 0.073764
0.49238 0.56638 0.074
0.49243 0.56671 0.074285
0.4926 0.56704 0.074436
0.49271 0.56736 0.074652
0.49287 0.56769 0.07482
0.49321 0.56802 0.074811
0.49322 0.56835 0.075126
0.49322 0.56867 0.075451
0.49322 0.569 0.075776
0.49336 0.56933 0.075963
0.49342 0.56965 0.076232
0.49342 0.56998 0.076559
0.49496 0.57031 0.075344
0.49501 0.57063 0.07562
0.49501 0.57096 0.075947
0.49655 0.57129 0.074738
0.49664 0.57162 0.074971
0.49688 0.57194 0.075061
0.49703 0.57227 0.075243
0.49703 0.5726 0.07557
0.49793 0.57292 0.074993
0.49793 0.57325 0.07532
0.4987 0.57358 0.074882
0.49941 0.5739 0.074496
0.49941 0.57423 0.074823
0.49953 0.57456 0.07503
0.49953 0.57489 0.075357
0.50121 0.57521 0.074005
0.50171 0.57554 0.073826
0.50171 0.57587 0.074153
0.50308 0.57619 0.073112
0.50396 0.57652 0.072556
0.50586 0.57685 0.070989
0.5078 0.57717 0.069371
0.50806 0.5775 0.069447
0.50854 0.57783 0.069285
0.51043 0.57816 0.06773
0.51097 0.57848 0.067514
0.51151 0.57881 0.067296
0.51165 0.57914 0.067485
0.51248 0.57946 0.06698
0.51422 0.57979 0.065573
0.51597 0.58012 0.064145
0.51597 0.58044 0.064472
0.5162 0.58077 0.064573
0.51696 0.5811 0.064138
0.51809 0.58143 0.063338
0.51809 0.58175 0.063665
0.5187 0.58208 0.063377
0.52013 0.58241 0.062277
0.52013 0.58273 0.062604
0.52077 0.58306 0.062288
0.52137 0.58339 0.06202
0.52198 0.58371 0.061732
0.52215 0.58404 0.061888
0.52248 0.58437 0.061887
0.5233 0.5847 0.061395
0.5233 0.58502 0.061722
0.5233 0.58535 0.062049
0.52498 0.58568 0.060697
0.52502 0.586 0.060983
0.52947 0.58633 0.056857
0.53115 0.58666 0.055512
0.53266 0.58698 0.05432
0.53286 0.58731 0.054454
0.53351 0.58764 0.054133
0.53469 0.58797 0.053277
0.53473 0.58829 0.053564
0.53478 0.58862 0.053836
0.53659 0.58895 0.052358
0.53801 0.58927 0.051266
0.54028 0.5896 0.04932
0.54253 0.58993 0.047401
0.54338 0.59026 0.046871
0.54712 0.59058 0.043464
0.54825 0.59091 0.042657
0.54846 0.59124 0.04278
0.54869 0.59156 0.042869
0.5489 0.59189 0.04299
0.54931 0.59222 0.042907
0.54932 0.59254 0.043227
0.54933 0.59287 0.043536
0.54943 0.5932 0.043767
0.55105 0.59353 0.042477
0.55131 0.59385 0.042542
0.55389 0.59418 0.040285
0.55455 0.59451 0.039957
0.55572 0.59483 0.039111
0.55633 0.59516 0.038826
0.55633 0.59549 0.039153
0.55651 0.59581 0.039299
0.55694 0.59614 0.039205
0.55696 0.59647 0.03951
0.55699 0.5968 0.039808
0.55719 0.59712 0.039928
0.55736 0.59745 0.040086
0.55796 0.59778 0.039821
0.55796 0.5981 0.040148
0.55875 0.59843 0.039676
0.55896 0.59876 0.039794
0.55916 0.59908 0.039923
0.55937 0.59941 0.040041
0.55973 0.59974 0.040004
0.56022 0.60007 0.039848
0.56047 0.60039 0.039923
0.56072 0.60072 0.039999
0.56097 0.60105 0.040074
0.56132 0.60137 0.040054
0.56153 0.6017 0.040173
0.56165 0.60203 0.040378
0.56177 0.60235 0.040582
0.56225 0.60268 0.040432
0.56353 0.60301 0.03948
0.56381 0.60334 0.039528
0.56608 0.60366 0.037581
0.5686 0.60399 0.035389
0.5686 0.60432 0.035716
0.56974 0.60464 0.034905
0.57287 0.60497 0.032103
0.57287 0.6053 0.03243
0.57375 0.60562 0.03187
0.57515 0.60595 0.0308
0.57523 0.60628 0.031051
0.57523 0.60661 0.031378
0.57832 0.60693 0.028617
0.58134 0.60726 0.02592
0.58327 0.60759 0.024316
0.58327 0.60791 0.024643
0.58619 0.60824 0.022054
0.58706 0.60857 0.021503
0.58821 0.60889 0.020689
0.58875 0.60922 0.020475
0.58884 0.60955 0.020711
0.58909 0.60988 0.020787
0.59046 0.6102 0.019739
0.59093 0.61053 0.019599
0.59322 0.61086 0.017633
0.59359 0.61118 0.017591
0.59472 0.61151 0.016789
0.59747 0.61184 0.014369
0.60072 0.61216 0.011446
0.60098 0.61249 0.011515
0.6051 0.61282 0.0077182
0.60598 0.61315 0.0071667
0.60598 0.61347 0.0074936
0.60598 0.6138 0.0078205
0.60879 0.61413 0.0053406
0.60889 0.61445 0.0055638
0.60911 0.61478 0.0056755
0.60927 0.61511 0.0058393
0.61001 0.61543 0.0054268
0.61007 0.61576 0.0056897
0.61026 0.61609 0.0058279
0.61116 0.61642 0.0052557
0.61161 0.61674 0.0051363
0.6122 0.61707 0.0048688
0.6127 0.6174 0.0047015
0.61303 0.61772 0.0046912
0.61431 0.61805 0.0037449
0.6144 0.61838 0.0039735
0.61459 0.61871 0.0041101
0.61507 0.61903 0.0039575
0.61576 0.61936 0.0036009
0.61576 0.61969 0.0039278
0.61576 0.62001 0.0042549
0.61595 0.62034 0.004386
0.61652 0.62067 0.0041501
0.61794 0.62099 0.0030564
0.61821 0.62132 0.0031083
0.61978 0.62165 0.0018654
0.62008 0.62198 0.0018946
0.62025 0.6223 0.0020516
0.62093 0.62263 0.001697
0.62099 0.62296 0.0019634
0.62118 0.62328 0.0021035
0.62123 0.62361 0.0023836
0.62174 0.62394 0.0021964
0.62179 0.62426 0.0024709
0.62243 0.62459 0.0021608
0.62286 0.62492 0.0020614
0.6243 0.62525 0.0009428
0.6255 0.62557 7.0425e-05
0.62562 0.6259 0.00027901
0.62613 0.62623 0.00010022
0.62616 0.62655 0.00039759
0.62711 0.62688 0.00022759
0.62778 0.62721 0.00057408
0.62834 0.62753 0.00080622
0.6285 0.62786 0.00064102
0.63078 0.62819 0.0025942
0.63138 0.62852 0.0028667
0.63181 0.62884 0.0029636
0.63192 0.62917 0.0027543
0.63199 0.6295 0.0024914
0.63209 0.62982 0.0022662
0.63209 0.63015 0.0019393
0.63229 0.63048 0.0018084
0.63312 0.6308 0.0023146
0.63332 0.63113 0.0021917
0.63365 0.63146 0.0021959
0.63377 0.63179 0.0019802
0.63396 0.63211 0.0018508
0.63402 0.63244 0.0015758
0.63481 0.63277 0.0020434
0.6372 0.63309 0.0041044
0.63729 0.63342 0.0038744
0.6377 0.63375 0.0039556
0.63776 0.63407 0.0036857
0.63883 0.6344 0.0044311
0.63911 0.63473 0.0043833
0.63917 0.63506 0.0041123
0.63946 0.63538 0.0040806
0.63981 0.63571 0.0041051
0.63998 0.63604 0.0039464
0.64 0.63636 0.0036358
0.64001 0.63669 0.003322
0.64045 0.63702 0.0034276
0.64096 0.63734 0.0036134
0.64097 0.63767 0.0032997
0.64097 0.638 0.0029727
0.64099 0.63833 0.0026629
0.64119 0.63865 0.0025368
0.64144 0.63898 0.0024607
0.64144 0.63931 0.0021337
0.6424 0.63963 0.0027704
0.64241 0.63996 0.0024457
0.64241 0.64029 0.0021209
0.64243 0.64061 0.0018184
0.64282 0.64094 0.0018779
0.64334 0.64127 0.0020686
0.64334 0.6416 0.0017416
0.6435 0.64192 0.0015735
0.64377 0.64225 0.0015198
0.64429 0.64258 0.0017143
0.6448 0.6429 0.0018943
0.64522 0.64323 0.0019899
0.64566 0.64356 0.0021018
0.64584 0.64388 0.0019572
0.64624 0.64421 0.0020331
0.64657 0.64454 0.0020346
0.64658 0.64487 0.0017121
0.64662 0.64519 0.0014313
0.6474 0.64552 0.001881
0.64742 0.64585 0.0015729
0.64785 0.64617 0.0016761
0.64787 0.6465 0.001365
0.64788 0.64683 0.0010517
0.64804 0.64716 0.00088696
0.64924 0.64748 0.0017619
0.64953 0.64781 0.0017199
0.64953 0.64814 0.0013929
0.64953 0.64846 0.0010659
0.65061 0.64879 0.0018201
0.65102 0.64912 0.001899
0.65153 0.64944 0.0020818
0.65171 0.64977 0.0019341
0.65179 0.6501 0.0016881
0.65198 0.65043 0.0015525
0.65209 0.65075 0.0013395
0.65302 0.65108 0.0019407
0.65385 0.65141 0.0024424
0.65403 0.65173 0.0022992
0.65628 0.65206 0.0042234
0.65665 0.65239 0.0042623
0.65665 0.65271 0.0039353
0.65677 0.65304 0.0037305
0.65809 0.65337 0.0047219
0.65815 0.6537 0.0044538
0.65825 0.65402 0.0042281
0.65828 0.65435 0.0039264
0.65828 0.65468 0.0036022
0.65829 0.655 0.003283
0.65836 0.65533 0.003027
0.65847 0.65566 0.002815
0.65857 0.65598 0.0025896
0.6586 0.65631 0.002285
0.65872 0.65664 0.0020772
0.65872 0.65697 0.0017505
0.65879 0.65729 0.0014939
0.65886 0.65762 0.0012442
0.65918 0.65795 0.0012329
0.65938 0.65827 0.0011091
0.65939 0.6586 0.00078502
0.65939 0.65893 0.00045801
0.66002 0.65925 0.00076569
0.66002 0.65958 0.00043868
0.66002 0.65991 0.00011166
0.66002 0.66024 0.00021535
0.66068 0.66056 0.00012163
0.66068 0.66089 0.00020534
0.66162 0.66122 0.00040031
0.66162 0.66154 7.3296e-05
0.66162 0.66187 0.00025366
0.66235 0.6622 0.00015094
0.66235 0.66252 0.00017603
0.66235 0.66285 0.0005029
0.66308 0.66318 9.8353e-05
0.66315 0.66351 0.000358
0.66419 0.66383 0.00035587
0.66507 0.66416 0.0009103
0.66507 0.66449 0.0005834
0.66535 0.66481 0.00053353
0.66546 0.66514 0.00032128
0.66586 0.66547 0.00039707
0.66588 0.66579 8.8902e-05
0.66593 0.66612 0.00019
0.66621 0.66645 0.00024139
0.66646 0.66678 0.00031149
0.66647 0.6671 0.00063572
0.66659 0.66743 0.00084407
0.66666 0.66776 0.001101
0.66669 0.66808 0.0013966
0.66674 0.66841 0.0016679
0.66676 0.66874 0.0019808
0.66677 0.66906 0.0022939
0.66714 0.66939 0.0022505
0.66725 0.66972 0.0024638
0.66766 0.67005 0.0023835
0.66773 0.67037 0.002641
0.6679 0.6707 0.0028047
0.66804 0.67103 0.0029906
0.66804 0.67135 0.0033115
0.66808 0.67168 0.0036029
0.66809 0.67201 0.0039129
0.66813 0.67233 0.0042048
0.66814 0.67266 0.0045199
0.66815 0.67299 0.0048354
0.66815 0.67332 0.0051615
0.66817 0.67364 0.0054686
0.66818 0.67397 0.0057928
0.66826 0.6743 0.0060353
0.66865 0.67462 0.0059784
0.66867 0.67495 0.006284
0.66903 0.67528 0.0062525
0.66915 0.6756 0.0064583
0.66921 0.67593 0.0067185
0.66924 0.67626 0.0070171
0.66929 0.67659 0.007297
0.6693 0.67691 0.0076155
0.6693 0.67724 0.0079366
0.66932 0.67757 0.0082455
0.66934 0.67789 0.0085584
0.66934 0.67822 0.0088854
0.66934 0.67855 0.0092124
0.6695 0.67888 0.0093712
0.66952 0.6792 0.0096848
0.66953 0.67953 0.0099964
0.66955 0.67986 0.010308
0.66955 0.68018 0.010632
0.66957 0.68051 0.010937
0.66959 0.68084 0.011249
0.66959 0.68116 0.011576
0.66984 0.68149 0.011646
0.66986 0.68182 0.011956
0.66997 0.68215 0.012177
0.67003 0.68247 0.012445
0.67031 0.6828 0.012492
0.67032 0.68313 0.012807
0.67032 0.68345 0.013129
0.67033 0.68378 0.013451
0.67035 0.68411 0.013762
0.67035 0.68443 0.014089
0.6704 0.68476 0.014366
0.67045 0.68509 0.014641
0.67046 0.68542 0.014958
0.6709 0.68574 0.014841
0.67104 0.68607 0.015032
0.67121 0.6864 0.015185
0.67122 0.68672 0.015505
0.67125 0.68705 0.015797
0.67143 0.68738 0.015948
0.6716 0.6877 0.016109
0.67188 0.68803 0.016148
0.67202 0.68836 0.016341
0.67223 0.68869 0.016456
0.67259 0.68901 0.016418
0.67295 0.68934 0.016387
0.67297 0.68967 0.016698
0.67297 0.68999 0.017025
0.67305 0.69032 0.017275
0.67306 0.69065 0.017584
0.67306 0.69097 0.017911
0.67307 0.6913 0.018235
0.67321 0.69163 0.01842
0.67331 0.69196 0.018647
0.67343 0.69228 0.01885
0.67343 0.69261 0.019176
0.67343 0.69294 0.019502
0.67344 0.69326 0.019826
0.67344 0.69359 0.02015
0.67344 0.69392 0.020477
0.67344 0.69424 0.020801
0.67349 0.69457 0.021078
0.67351 0.6949 0.021389
0.67358 0.69523 0.021644
0.67367 0.69555 0.021884
0.67367 0.69588 0.022211
0.67367 0.69621 0.022538
0.6738 0.69653 0.022735
0.67392 0.69686 0.022942
0.67392 0.69719 0.023269
0.67392 0.69751 0.023592
0.67393 0.69784 0.023914
0.67395 0.69817 0.024222
0.67401 0.6985 0.024486
0.67411 0.69882 0.024717
0.6742 0.69915 0.024947
0.67428 0.69948 0.025201
0.67434 0.6998 0.025461
0.6749 0.70013 0.02523
0.6749 0.70046 0.025553
0.67495 0.70078 0.025832
0.67505 0.70111 0.026062
0.67543 0.70144 0.026012
0.67647 0.70177 0.025301
0.67721 0.70209 0.024881
0.67728 0.70242 0.025135
0.67734 0.70275 0.025411
0.67756 0.70307 0.025514
0.6778 0.7034 0.025597
0.67797 0.70373 0.025762
0.6782 0.70405 0.025857
0.67875 0.70438 0.025635
0.6789 0.70471 0.025811
0.67931 0.70504 0.025722
0.67946 0.70536 0.025902
0.67946 0.70569 0.026229
0.6796 0.70602 0.026419
0.67972 0.70634 0.026623
0.67972 0.70667 0.02695
0.67973 0.707 0.027267
0.67978 0.70733 0.027549
0.67982 0.70765 0.027833
0.67985 0.70798 0.028125
0.68034 0.70831 0.027967
0.68035 0.70863 0.02828
0.6807 0.70896 0.028263
0.68072 0.70929 0.028568
0.68072 0.70961 0.028895
0.68083 0.70994 0.02911
0.68141 0.71027 0.028854
0.68183 0.7106 0.028768
0.682 0.71092 0.028927
0.68208 0.71125 0.029171
0.68208 0.71158 0.029498
0.68217 0.7119 0.029729
0.68221 0.71223 0.03002
0.68238 0.71256 0.030178
0.6826 0.71288 0.030283
0.6827 0.71321 0.030514
0.68302 0.71354 0.030521
0.68345 0.71387 0.030412
0.68355 0.71419 0.030638
0.68377 0.71452 0.030754
0.68438 0.71485 0.030463
0.68492 0.71517 0.030254
0.68516 0.7155 0.030343
0.68561 0.71583 0.03022
0.68577 0.71615 0.03038
0.68627 0.71648 0.030212
0.68634 0.71681 0.030464
0.68663 0.71714 0.030502
0.68705 0.71746 0.030415
0.68769 0.71779 0.030103
0.68784 0.71812 0.030272
0.68814 0.71844 0.030304
0.68837 0.71877 0.030397
0.68859 0.7191 0.030505
0.68946 0.71942 0.029962
0.68966 0.71975 0.03009
0.68986 0.72008 0.030222
0.69026 0.72041 0.030141
0.69088 0.72073 0.029855
0.69109 0.72106 0.029967
0.69131 0.72139 0.030079
0.69153 0.72171 0.030186
0.69195 0.72204 0.030094
0.69234 0.72237 0.030031
0.6928 0.72269 0.029899
0.69315 0.72302 0.029875
0.69348 0.72335 0.029865
0.69348 0.72368 0.030192
0.69391 0.724 0.030095
0.6946 0.72433 0.029734
0.69481 0.72466 0.029845
0.69524 0.72498 0.029745
0.69544 0.72531 0.029875
0.69564 0.72564 0.03
0.69586 0.72596 0.030106
0.69607 0.72629 0.030222
0.69648 0.72662 0.030136
0.6969 0.72695 0.030049
0.69733 0.72727 0.029941
0.69799 0.7276 0.029609
0.69836 0.72793 0.029564
0.6988 0.72825 0.029456
0.69925 0.72858 0.029334
0.6993 0.72891 0.029603
0.69975 0.72923 0.029487
0.69996 0.72956 0.029606
0.70023 0.72989 0.029658
0.7034 0.73022 0.026816
0.70371 0.73054 0.02683
0.70429 0.73087 0.026577
0.70433 0.7312 0.026869
0.70437 0.73152 0.027153
0.70437 0.73185 0.02748
0.70437 0.73218 0.027807
0.70467 0.7325 0.027834
0.70467 0.73283 0.028161
0.70476 0.73316 0.028394
0.70476 0.73349 0.028721
0.70686 0.73381 0.026948
0.70698 0.73414 0.027156
0.70708 0.73447 0.02739
0.70824 0.73479 0.026559
0.70845 0.73512 0.026676
0.70848 0.73545 0.026966
0.7085 0.73578 0.027272
0.7085 0.7361 0.027599
0.71124 0.73643 0.025192
0.71241 0.73676 0.024344
0.7127 0.73708 0.02438
0.71287 0.73741 0.024538
0.71334 0.73774 0.0244
0.71366 0.73806 0.024402
0.71384 0.73839 0.024548
0.71395 0.73872 0.024766
0.71428 0.73905 0.024768
0.71428 0.73937 0.025095
0.71451 0.7397 0.025187
0.71497 0.74003 0.025056
0.71636 0.74035 0.023992
0.71693 0.74068 0.023747
0.71775 0.74101 0.023255
0.71813 0.74133 0.023207
0.71987 0.74166 0.021788
0.71987 0.74199 0.022115
0.72077 0.74232 0.021541
0.72197 0.74264 0.020673
0.72238 0.74297 0.02059
0.72321 0.7433 0.020085
0.72415 0.74362 0.019471
0.72415 0.74395 0.019798
0.7247 0.74428 0.019573
0.7247 0.7446 0.0199
0.7247 0.74493 0.020227
0.72508 0.74526 0.020181
0.72633 0.74559 0.019254
0.72767 0.74591 0.018247
0.7279 0.74624 0.01834
0.72815 0.74657 0.018412
0.73017 0.74689 0.01672
0.73038 0.74722 0.016841
0.73109 0.74755 0.016458
0.733 0.74787 0.014874
0.73414 0.7482 0.014062
0.73556 0.74853 0.012967
0.73588 0.74886 0.012977
0.73664 0.74918 0.012543
0.73673 0.74951 0.012778
0.73679 0.74984 0.013048
0.73682 0.75016 0.013344
0.73751 0.75049 0.012978
0.73916 0.75082 0.01166
0.73936 0.75114 0.011783
0.74054 0.75147 0.010936
0.74054 0.7518 0.011263
0.74054 0.75213 0.01159
0.74062 0.75245 0.011831
0.74068 0.75278 0.012101
0.74087 0.75311 0.012242
0.74089 0.75343 0.01254
0.7409 0.75376 0.012858
0.74126 0.75409 0.012823
0.74173 0.75441 0.012686
0.74173 0.75474 0.013013
0.74182 0.75507 0.013246
0.7425 0.7554 0.012892
0.74281 0.75572 0.012915
0.74306 0.75605 0.012993
0.74311 0.75638 0.013265
0.74321 0.7567 0.013493
0.74386 0.75703 0.013171
0.7439 0.75736 0.013453
0.74391 0.75768 0.013774
0.74392 0.75801 0.014088
0.74393 0.75834 0.014405
0.74395 0.75867 0.014714
0.74395 0.75899 0.015041
0.74399 0.75932 0.01533
0.74403 0.75965 0.015618
0.74404 0.75997 0.015937
0.74408 0.7603 0.016217
0.7445 0.76063 0.016131
0.74454 0.76095 0.016418
0.74463 0.76128 0.016651
0.74503 0.76161 0.016574
0.74507 0.76194 0.016863
0.74516 0.76226 0.017103
0.7452 0.76259 0.017391
0.74538 0.76292 0.017536
0.74542 0.76324 0.017825
0.74602 0.76357 0.017548
0.74612 0.7639 0.017783
0.74638 0.76422 0.017848
0.74649 0.76455 0.018065
0.74653 0.76488 0.018345
0.74665 0.76521 0.018561
0.7467 0.76553 0.018829
0.74679 0.76586 0.019073
0.74681 0.76619 0.01938
0.74684 0.76651 0.019675
0.74685 0.76684 0.019991
0.74698 0.76717 0.020193
0.74719 0.7675 0.020302
0.74723 0.76782 0.020588
0.74743 0.76815 0.020722
0.74792 0.76848 0.020559
0.74824 0.7688 0.02056
0.74859 0.76913 0.02054
0.74886 0.76946 0.020595
0.74967 0.76978 0.020114
0.74983 0.77011 0.020277
0.74984 0.77044 0.020597
0.7499 0.77077 0.020866
0.75026 0.77109 0.020836
0.75026 0.77142 0.021155
0.75037 0.77175 0.021377
0.75045 0.77207 0.021623
0.75046 0.7724 0.021943
0.75061 0.77273 0.022116
0.75108 0.77305 0.021972
0.75126 0.77338 0.022125
0.75126 0.77371 0.022452
0.75126 0.77404 0.022779
0.75151 0.77436 0.022856
0.75218 0.77469 0.022506
0.75218 0.77502 0.022833
0.75268 0.77534 0.022661
0.7534 0.77567 0.022273
0.75367 0.776 0.022329
0.75426 0.77632 0.022061
0.75573 0.77665 0.020926
0.75573 0.77698 0.021253
0.75644 0.77731 0.020866
0.757 0.77763 0.020635
0.75819 0.77796 0.019773
0.75914 0.77829 0.01915
0.76157 0.77861 0.017039
0.762 0.77894 0.016938
0.76407 0.77927 0.015201
0.76515 0.77959 0.014442
0.76515 0.77992 0.014769
0.766 0.78025 0.014253
0.76706 0.78058 0.013516
0.76763 0.7809 0.013274
0.76813 0.78123 0.013099
0.76833 0.78156 0.013226
0.76901 0.78188 0.012876
0.76901 0.78221 0.013203
0.76992 0.78254 0.012615
0.77104 0.78286 0.011825
0.77183 0.78319 0.01136
0.77234 0.78352 0.01118
0.77275 0.78385 0.011098
0.77496 0.78417 0.0092091
0.77602 0.7845 0.0084749
0.77671 0.78483 0.008117
0.77697 0.78515 0.008185
0.77742 0.78548 0.0080569
0.77799 0.78581 0.0078172
0.77809 0.78613 0.0080495
0.77809 0.78646 0.0083765
0.77809 0.78679 0.0087034
0.77809 0.78712 0.0090304
0.77882 0.78744 0.0086198
0.77882 0.78777 0.0089467
0.77882 0.7881 0.0092737
0.77978 0.78842 0.0086476
0.77978 0.78875 0.0089745
0.7816 0.78908 0.0074748
0.78172 0.7894 0.0076821
0.78172 0.78973 0.0080092
0.78172 0.79006 0.0083361
0.78351 0.79039 0.006873
0.78351 0.79071 0.0071999
0.78518 0.79104 0.005864
0.78518 0.79137 0.0061909
0.78561 0.79169 0.00608
0.78561 0.79202 0.0064069
0.78561 0.79235 0.0067339
0.7862 0.79267 0.0064716
0.7862 0.793 0.0067985
0.78701 0.79333 0.0063166
0.78701 0.79366 0.0066437
0.78701 0.79398 0.0069706
0.78701 0.79431 0.0072975
0.7876 0.79464 0.0070358
0.78776 0.79496 0.0072027
0.78798 0.79529 0.0073076
0.78845 0.79562 0.0071724
0.78845 0.79595 0.0074993
0.78867 0.79627 0.0075983
0.78987 0.7966 0.0067307
0.79051 0.79693 0.00642
0.79071 0.79725 0.0065466
0.79075 0.79758 0.0068303
0.79216 0.79791 0.0057425
0.79237 0.79823 0.0058663
0.79288 0.79856 0.0056773
0.79305 0.79889 0.0058411
0.79333 0.79922 0.0058857
0.79381 0.79954 0.0057277
0.79464 0.79987 0.0052315
0.79466 0.8002 0.0055347
0.79467 0.80052 0.0058529
0.79507 0.80085 0.0057848
0.79524 0.80118 0.0059336
0.79565 0.8015 0.0058517
0.79601 0.80183 0.0058256
0.79639 0.80216 0.0057647
0.79738 0.80249 0.0051075
0.79865 0.80281 0.0041587
0.79878 0.80314 0.004357
0.79889 0.80347 0.0045809
0.79889 0.80379 0.0049079
0.79917 0.80412 0.0049482
0.79917 0.80445 0.0052751
0.79931 0.80477 0.0054661
0.7997 0.8051 0.0054038
0.80054 0.80543 0.0048859
0.80054 0.80576 0.0052127
0.80054 0.80608 0.0055396
0.80101 0.80641 0.0054005
0.80101 0.80674 0.0057273
0.80101 0.80706 0.0060543
0.80113 0.80739 0.0062563
0.80113 0.80772 0.0065833
0.8018 0.80804 0.0062419
0.80249 0.80837 0.0058811
0.80272 0.8087 0.0059784
0.80272 0.80903 0.0063052
0.80294 0.80935 0.0064161
0.80337 0.80968 0.006312
0.80361 0.81001 0.0063986
0.80392 0.81033 0.0064094
0.80464 0.81066 0.0060236
0.80464 0.81099 0.0063505
0.80489 0.81131 0.006426
0.80509 0.81164 0.0065557
0.80536 0.81197 0.0066091
0.80582 0.8123 0.0064781
0.80625 0.81262 0.0063739
0.8071 0.81295 0.0058493
0.80839 0.81328 0.0048851
0.80841 0.8136 0.0051972
0.8085 0.81393 0.0054304
0.80903 0.81426 0.005225
0.80907 0.81458 0.0055176
0.80909 0.81491 0.0058191
0.81011 0.81524 0.0051301
0.81064 0.81557 0.0049211
0.81072 0.81589 0.0051704
0.81075 0.81622 0.0054705
0.81117 0.81655 0.005376
0.81153 0.81687 0.0053392
0.81249 0.8172 0.0047077
0.81466 0.81753 0.0028691
0.81509 0.81785 0.0027651
0.81658 0.81818 0.0016053
0.81722 0.81851 0.0012889
0.81765 0.81884 0.0011894
0.81774 0.81916 0.0014255
0.81783 0.81949 0.0016592
0.81815 0.81982 0.0016638
0.8185 0.82014 0.0016482
0.8185 0.82047 0.0019752
0.81944 0.8208 0.0013608
0.82038 0.82112 0.00074089
0.82146 0.82145 8.7275e-06
0.82157 0.82178 0.00021307
0.82187 0.82211 0.00023753
0.82252 0.82243 8.7672e-05
0.82314 0.82276 0.00037692
0.82361 0.82309 0.00052297
0.82363 0.82341 0.00021354
0.82363 0.82374 0.00011338
0.82399 0.82407 7.9576e-05
0.82399 0.8244 0.00040653
0.82399 0.82472 0.0007335
0.82423 0.82505 0.00081855
0.82446 0.82538 0.00091319
0.82462 0.8257 0.0010814
0.82466 0.82603 0.0013734
0.82472 0.82636 0.0016407
0.82472 0.82668 0.0019677
0.82476 0.82701 0.0022539
0.82486 0.82734 0.002481
0.8249 0.82767 0.0027666
0.82498 0.82799 0.0030139
0.82506 0.82832 0.0032558
0.82507 0.82865 0.0035811
0.82507 0.82897 0.0039073
0.82519 0.8293 0.0041128
0.8252 0.82963 0.0044234
0.82534 0.82995 0.0046096
0.82542 0.83028 0.0048598
0.82553 0.83061 0.0050755
0.82559 0.83094 0.0053427
0.82563 0.83126 0.0056302
0.82581 0.83159 0.0057824
0.82583 0.83192 0.0060822
0.82584 0.83224 0.0064027
0.82586 0.83257 0.0067131
0.82605 0.8329 0.006851
0.82606 0.83322 0.0071623
0.82607 0.83355 0.00748
0.82608 0.83388 0.0077984
0.82608 0.83421 0.0081248
0.82633 0.83453 0.0082029
0.82633 0.83486 0.008528
0.82634 0.83519 0.0088439
0.82635 0.83551 0.0091669
0.8264 0.83584 0.00944
0.82642 0.83617 0.009751
0.82661 0.83649 0.0098812
0.82665 0.83682 0.01017
0.82665 0.83715 0.010497
0.82674 0.83748 0.010739
0.82683 0.8378 0.010972
0.82684 0.83813 0.011286
0.82686 0.83846 0.0116
0.82713 0.83878 0.011654
0.82721 0.83911 0.011898
0.82725 0.83944 0.012188
0.82725 0.83976 0.01251
0.82726 0.84009 0.012829
0.82726 0.84042 0.013154
0.82728 0.84075 0.013466
0.8274 0.84107 0.013672
0.82743 0.8414 0.013974
0.82744 0.84173 0.014288
0.82744 0.84205 0.014609
0.82798 0.84238 0.014399
0.82812 0.84271 0.014586
0.82812 0.84303 0.014913
0.82813 0.84336 0.015234
0.82813 0.84369 0.015556
0.82814 0.84402 0.015871
0.82816 0.84434 0.016185
0.82819 0.84467 0.016475
0.82842 0.845 0.01658
0.82859 0.84532 0.016735
0.8287 0.84565 0.016955
0.82873 0.84598 0.017251
0.8288 0.8463 0.017504
0.82911 0.84663 0.017526
0.82914 0.84696 0.017817
0.82919 0.84729 0.0181
0.82926 0.84761 0.018357
0.82928 0.84794 0.018659
0.82928 0.84827 0.018984
0.82928 0.84859 0.019311
0.82929 0.84892 0.019631
0.82933 0.84925 0.01992
0.82934 0.84957 0.020238
0.82937 0.8499 0.020535
0.82947 0.85023 0.020758
0.82947 0.85056 0.021085
0.82948 0.85088 0.021402
0.82953 0.85121 0.021682
0.82954 0.85154 0.021993
0.82955 0.85186 0.022312
0.82973 0.85219 0.02246
0.82977 0.85252 0.022745
0.82978 0.85284 0.023063
0.82979 0.85317 0.02338
0.82986 0.8535 0.023636
0.82988 0.85383 0.023947
0.82991 0.85415 0.024245
0.83001 0.85448 0.024471
0.83006 0.85481 0.024742
0.83014 0.85513 0.024993
0.83021 0.85546 0.025248
0.83027 0.85579 0.025523
0.83038 0.85612 0.025734
0.83044 0.85644 0.026005
0.83045 0.85677 0.026323
0.83045 0.8571 0.026648
0.83049 0.85742 0.026935
0.83051 0.85775 0.02724
0.83055 0.85808 0.027528
0.83056 0.8584 0.027844
0.83061 0.85873 0.028126
0.83063 0.85906 0.028428
0.83064 0.85939 0.028745
0.83068 0.85971 0.029037
0.83069 0.86004 0.029353
0.83071 0.86037 0.029658
0.83075 0.86069 0.029942
0.83079 0.86102 0.030225
0.83088 0.86135 0.030472
0.8309 0.86167 0.030778
0.83103 0.862 0.030971
0.83104 0.86233 0.031292
0.83105 0.86266 0.03161
0.83106 0.86298 0.031923
0.83107 0.86331 0.032243
0.83108 0.86364 0.032558
0.83108 0.86396 0.032885
0.83108 0.86429 0.033212
0.83148 0.86462 0.03314
0.83202 0.86494 0.032921
0.83256 0.86527 0.032715
0.83323 0.8656 0.032368
0.83383 0.86593 0.032094
0.83445 0.86625 0.031806
0.83504 0.86658 0.031535
0.83566 0.86691 0.031247
0.83581 0.86723 0.031425
0.83581 0.86756 0.031752
0.83581 0.86789 0.032079
0.83644 0.86821 0.031777
0.83819 0.86854 0.030353
0.83872 0.86887 0.030153
0.83872 0.8692 0.03048
0.83891 0.86952 0.030608
0.83975 0.86985 0.030099
0.84031 0.87018 0.029863
0.84091 0.8705 0.029592
0.84147 0.87083 0.029358
0.84202 0.87116 0.029139
0.84227 0.87148 0.029214
0.84227 0.87181 0.029541
0.84227 0.87214 0.029868
0.84248 0.87247 0.029986
0.84273 0.87279 0.030066
0.84291 0.87312 0.030214
0.84291 0.87345 0.030541
0.84291 0.87377 0.030868
0.84374 0.8741 0.030361
0.84374 0.87443 0.030688
0.84374 0.87475 0.031015
0.84499 0.87508 0.030093
0.84503 0.87541 0.030376
0.84552 0.87574 0.030214
0.84575 0.87606 0.030315
0.84575 0.87639 0.030642
0.84666 0.87672 0.030059
0.84743 0.87704 0.029618
0.84951 0.87737 0.027858
0.85029 0.8777 0.027407
0.85177 0.87802 0.026259
0.85177 0.87835 0.026586
0.85177 0.87868 0.026913
0.85241 0.87901 0.026592
0.85411 0.87933 0.025223
0.85604 0.87966 0.023619
0.85662 0.87999 0.023365
0.85662 0.88031 0.023692
0.85723 0.88064 0.023409
0.85788 0.88097 0.023088
0.85823 0.88129 0.02306
0.85853 0.88162 0.02309
0.85863 0.88195 0.02332
0.85863 0.88228 0.023647
0.85863 0.8826 0.023974
0.85863 0.88293 0.024301
0.85991 0.88326 0.023346
0.85996 0.88358 0.023622
0.85996 0.88391 0.023949
0.85996 0.88424 0.024276
0.86038 0.88457 0.024185
0.86148 0.88489 0.023412
0.86189 0.88522 0.023332
0.86189 0.88555 0.023659
0.86265 0.88587 0.023227
0.86513 0.8862 0.021067
0.86543 0.88653 0.021093
0.86543 0.88685 0.02142
0.86582 0.88718 0.021362
0.8676 0.88751 0.019907
0.86832 0.88784 0.01952
0.86832 0.88816 0.019847
0.86851 0.88849 0.019984
0.87047 0.88882 0.018343
0.87047 0.88914 0.01867
0.87132 0.88947 0.018149
0.87139 0.8898 0.018405
0.87141 0.89012 0.018714
0.87164 0.89045 0.01881
0.87259 0.89078 0.01819
0.87296 0.89111 0.018143
0.87319 0.89143 0.018243
0.87329 0.89176 0.018465
0.87337 0.89209 0.018714
0.87339 0.89241 0.01902
0.87356 0.89274 0.019178
0.87371 0.89307 0.019358
0.87519 0.89339 0.0182
0.87528 0.89372 0.018442
0.87898 0.89405 0.015071
0.87904 0.89438 0.015331
0.87964 0.8947 0.015059
0.88139 0.89503 0.013638
0.88217 0.89536 0.013188
0.8823 0.89568 0.013384
0.88231 0.89601 0.013697
0.88234 0.89634 0.013996
0.88248 0.89666 0.014183
0.88254 0.89699 0.01445
0.88255 0.89732 0.014772
0.88255 0.89765 0.015098
0.88258 0.89797 0.015395
0.88285 0.8983 0.015445
0.88294 0.89863 0.015684
0.88294 0.89895 0.016011
0.88308 0.89928 0.016204
0.88313 0.89961 0.01648
0.88324 0.89993 0.016691
0.88355 0.90026 0.016714
0.88373 0.90059 0.016862
0.88374 0.90092 0.017172
0.88425 0.90124 0.016989
0.88484 0.90157 0.016729
0.88496 0.9019 0.016939
0.88508 0.90222 0.017141
0.88511 0.90255 0.017445
0.88584 0.90288 0.017033
0.88584 0.9032 0.01736
0.88584 0.90353 0.017687
0.88641 0.90386 0.017445
0.88726 0.90419 0.016929
0.88793 0.90451 0.01658
0.88897 0.90484 0.015866
0.89035 0.90517 0.014814
0.89104 0.90549 0.014452
0.89183 0.90582 0.013991
0.89291 0.90615 0.013235
0.89291 0.90647 0.013562
0.89501 0.9068 0.011794
0.89501 0.90713 0.01212
0.89546 0.90746 0.011997
0.89546 0.90778 0.012324
0.8956 0.90811 0.012512
0.89644 0.90844 0.011997
0.89746 0.90876 0.011308
0.89746 0.90909 0.011635
0.89825 0.90942 0.011165
0.89845 0.90974 0.011293
0.89845 0.91007 0.01162
0.89845 0.9104 0.011947
0.89878 0.91073 0.011948
0.89878 0.91105 0.012275
0.89941 0.91138 0.011968
0.89995 0.91171 0.011757
0.90014 0.91203 0.011895
0.90029 0.91236 0.01207
0.90076 0.91269 0.011932
0.9009 0.91302 0.012114
0.90116 0.91334 0.012186
0.90135 0.91367 0.012319
0.90154 0.914 0.012454
0.90155 0.91432 0.012772
0.90155 0.91465 0.013097
0.90155 0.91498 0.013422
0.90166 0.9153 0.013641
0.9018 0.91563 0.013829
0.90189 0.91596 0.014073
0.90193 0.91629 0.014357
0.90198 0.91661 0.014636
0.90213 0.91694 0.014805
0.90237 0.91727 0.014901
0.90237 0.91759 0.015228
0.90259 0.91792 0.015329
0.90262 0.91825 0.01563
0.90267 0.91857 0.015899
0.90286 0.9189 0.016039
0.90286 0.91923 0.016365
0.90286 0.91956 0.016691
0.90286 0.91988 0.017018
0.90442 0.92021 0.015791
0.90476 0.92054 0.015771
0.90507 0.92086 0.015789
0.90552 0.92119 0.015669
0.90552 0.92152 0.015996
0.90552 0.92184 0.016323
0.90681 0.92217 0.015357
0.90926 0.9225 0.013238
0.90927 0.92283 0.013553
0.90927 0.92315 0.01388
0.90943 0.92348 0.014054
0.90943 0.92381 0.014381
0.91073 0.92413 0.013404
0.91073 0.92446 0.013731
0.9117 0.92479 0.013089
0.91188 0.92511 0.013239
0.91218 0.92544 0.013264
0.91235 0.92577 0.013421
0.91441 0.9261 0.011688
0.91441 0.92642 0.012014
0.91441 0.92675 0.012341
0.91441 0.92708 0.012668
0.91441 0.9274 0.012995
0.91441 0.92773 0.013322
0.91441 0.92806 0.013649
0.91507 0.92838 0.013314
0.91531 0.92871 0.013397
0.91595 0.92904 0.013091
0.91665 0.92937 0.012712
0.91665 0.92969 0.013039
0.91805 0.93002 0.011967
0.9184 0.93035 0.011942
0.91896 0.93067 0.011718
0.91998 0.931 0.011022
0.92064 0.93133 0.010689
0.92064 0.93165 0.011016
0.92194 0.93198 0.010047
0.92461 0.93231 0.0077029
0.92461 0.93264 0.0080299
0.92498 0.93296 0.0079819
0.92527 0.93329 0.0080205
0.92566 0.93362 0.0079555
0.92566 0.93394 0.0082825
0.92566 0.93427 0.0086094
0.92566 0.9346 0.0089364
0.92774 0.93492 0.0071889
0.92802 0.93525 0.0072337
0.9291 0.93558 0.0064766
0.93036 0.93591 0.0055488
0.93061 0.93623 0.0056184
0.93076 0.93656 0.0058043
0.9309 0.93689 0.0059902
0.93139 0.93721 0.0058287
0.93237 0.93754 0.0051727
0.93265 0.93787 0.0052175
0.93413 0.93819 0.0040682
0.9344 0.93852 0.004122
0.93463 0.93885 0.0042171
0.93519 0.93918 0.0039902
0.93541 0.9395 0.0040881
0.93588 0.93983 0.0039457
0.93655 0.94016 0.0036104
0.93689 0.94048 0.003595
0.93755 0.94081 0.0032597
0.93888 0.94114 0.0022625
0.93908 0.94147 0.0023802
0.93929 0.94179 0.0025006
0.93969 0.94212 0.0024246
0.94011 0.94245 0.0023383
0.94051 0.94277 0.0022624
0.94065 0.9431 0.0024486
0.94097 0.94343 0.0024596
0.94155 0.94375 0.0022007
0.94175 0.94408 0.0023312
0.94215 0.94441 0.0022555
0.9422 0.94474 0.0025302
0.94225 0.94506 0.0028165
0.94226 0.94539 0.0031334
0.94239 0.94572 0.0033285
0.94281 0.94604 0.0032358
0.94514 0.94637 0.0012294
0.94548 0.9467 0.0012177
0.9457 0.94702 0.0013268
0.94587 0.94735 0.0014856
0.9468 0.94768 0.00088234
0.94683 0.94801 0.0011714
0.94804 0.94833 0.00029356
0.94822 0.94866 0.00043951
0.94822 0.94899 0.00076652
0.94822 0.94931 0.0010935
0.9484 0.94964 0.0012408
0.94857 0.94997 0.001395
0.9492 0.95029 0.0010905
0.94925 0.95062 0.0013695
0.94943 0.95095 0.0015212
0.94954 0.95128 0.0017396
0.94958 0.9516 0.0020202
0.94986 0.95193 0.0020731
0.95041 0.95226 0.0018469
0.95105 0.95258 0.0015344
0.95139 0.95291 0.0015197
0.95151 0.95324 0.0017246
0.95168 0.95356 0.0018856
0.95168 0.95389 0.002211
0.95176 0.95422 0.0024548
0.95178 0.95455 0.0027658
0.95209 0.95487 0.0027846
0.95223 0.9552 0.002968
0.95252 0.95553 0.0030047
0.95272 0.95585 0.0031317
0.95292 0.95618 0.003265
0.95304 0.95651 0.0034717
0.95306 0.95683 0.0037754
0.95325 0.95716 0.0039109
0.95341 0.95749 0.0040777
0.95342 0.95782 0.0043959
0.9536 0.95814 0.0045396
0.9537 0.95847 0.0047741
0.9537 0.9588 0.0050948
0.95375 0.95912 0.0053753
0.95381 0.95945 0.0056385
0.95383 0.95978 0.0059481
0.95391 0.9601 0.0061931
0.95397 0.96043 0.0064603
0.95401 0.96076 0.0067512
0.95422 0.96109 0.0068628
0.9545 0.96141 0.0069162
0.9546 0.96174 0.0071349
0.95465 0.96207 0.0074153
0.9548 0.96239 0.0075931
0.9548 0.96272 0.0079201
0.95756 0.96305 0.0054828
0.95785 0.96337 0.0055264
0.95792 0.9637 0.0057789
0.95809 0.96403 0.005942
0.9582 0.96436 0.0061542
0.95826 0.96468 0.0064232
0.95831 0.96501 0.0066949
0.9588 0.96534 0.0065356
0.95891 0.96566 0.0067586
0.95919 0.96599 0.0067965
0.95928 0.96632 0.0070342
0.95936 0.96664 0.0072876
0.9595 0.96697 0.0074679
0.9596 0.9673 0.0077014
0.95963 0.96763 0.0079954
0.95983 0.96795 0.0081199
0.95999 0.96828 0.008293
0.96 0.96861 0.0086021
0.96003 0.96893 0.0089082
0.96005 0.96926 0.0092147
0.96005 0.96959 0.0095387
0.96046 0.96991 0.0094587
0.96083 0.97024 0.0094148
0.96087 0.97057 0.0097002
0.96151 0.9709 0.0093875
0.9616 0.97122 0.0096257
0.96192 0.97155 0.0096258
0.9621 0.97188 0.0097735
0.9623 0.9722 0.0099019
0.9623 0.97253 0.010229
0.96253 0.97286 0.010326
0.96285 0.97319 0.010339
0.96336 0.97351 0.010149
0.9637 0.97384 0.010141
0.96391 0.97417 0.010258
0.96416 0.97449 0.010335
0.96428 0.97482 0.010542
0.96452 0.97515 0.010628
0.96475 0.97547 0.010724
0.96501 0.9758 0.010792
0.96506 0.97613 0.011064
0.96511 0.97646 0.011349
0.96521 0.97678 0.011572
0.96522 0.97711 0.011891
0.96522 0.97744 0.012216
0.96523 0.97776 0.01253
0.96535 0.97809 0.012742
0.96546 0.97842 0.012959
0.9657 0.97874 0.013047
0.96573 0.97907 0.013339
0.96576 0.9794 0.013637
0.96592 0.97973 0.013802
0.96593 0.98005 0.014122
0.96608 0.98038 0.014301
0.96628 0.98071 0.014425
0.96664 0.98103 0.014398
0.96688 0.98136 0.014478
0.96702 0.98169 0.014664
0.96702 0.98201 0.014991
0.96702 0.98234 0.015318
0.96702 0.98267 0.015645
0.96823 0.983 0.014762
0.97252 0.98332 0.010805
0.97252 0.98365 0.011132
0.97293 0.98398 0.011047
0.97362 0.9843 0.010685
0.97406 0.98463 0.010568
0.97599 0.98496 0.0089678
0.97772 0.98528 0.007564
0.97846 0.98561 0.0071528
0.97903 0.98594 0.0069111
0.97975 0.98627 0.0065146
0.97975 0.98659 0.0068416
0.97975 0.98692 0.0071686
0.98101 0.98725 0.0062384
0.98231 0.98757 0.0052612
0.9839 0.9879 0.0040019
0.98449 0.98823 0.0037426
0.98571 0.98855 0.0028404
0.98747 0.98888 0.0014147
0.98886 0.98921 0.00034498
0.98914 0.98954 0.00039918
0.98936 0.98986 0.0005009
0.98964 0.99019 0.00055135
0.98991 0.99052 0.00060184
0.99083 0.99084 9.1483e-06
0.99132 0.99117 0.00014548
0.99139 0.9915 0.00010821
0.99145 0.99182 0.00037832
0.9923 0.99215 0.00015253
0.9923 0.99248 0.00017442
0.99372 0.99281 0.00091484
0.99453 0.99313 0.0013962
0.99453 0.99346 0.0010692
0.99533 0.99379 0.0015387
0.99564 0.99411 0.0015278
0.99627 0.99444 0.0018291
0.99649 0.99477 0.0017195
0.99666 0.99509 0.0015647
0.99682 0.99542 0.0013978
0.99741 0.99575 0.0016644
0.99742 0.99608 0.0013469
0.99768 0.9964 0.0012749
0.99777 0.99673 0.0010407
0.99786 0.99706 0.00080752
0.99804 0.99738 0.00065642
0.99827 0.99771 0.00056279
0.99844 0.99804 0.0004019
0.99859 0.99836 0.00022996
0.99869 0.99869 4.0971e-06
0.99888 0.99902 0.0001352
0.99913 0.99935 0.00021229
0.99967 0.99967 1.8799e-06
