0.5 0.5 0.5 0.5 0.5 0.5 0.5 0.5 0.5 0.5 0.5 0.5 0.49999997814430497 0.4999999999999995 0.7071067966408575 
0.8333333333333333 0.5 0.5 0.5 0.5 0.5 0.5 0.5 0.5 0.5 0.5 0.5 0.18301267301282126 0.18301268101255974 0.9659258357168511 
0.16666666666666669 0.5 0.5 0.5 0.5 0.5 0.5 0.5 0.5 0.5 0.5 0.5 0.6830126856312119 0.6830127154866464 0.2588190521395142 
0.5 0.8333333333333333 0.5 0.5 0.5 0.5 0.5 0.5 0.5 0.5 0.5 0.5 0.18301267301282123 0.6830126936309509 0.7071067966408575 
0.5 0.16666666666666669 0.5 0.5 0.5 0.5 0.5 0.5 0.5 0.5 0.5 0.5 0.6830126856312119 0.18301270286825516 0.7071067966408575 
0.16666666666666669 0.8333333333333333 0.5 0.5 0.5 0.5 0.5 0.5 0.5 0.5 0.5 0.5 0.2499999655259137 0.9330127091774502 0.2588190521395142 
0.16666666666666669 0.16666666666666669 0.5 0.5 0.5 0.5 0.5 0.5 0.5 0.5 0.5 0.5 0.9330126982496033 0.2500000063091957 0.2588190521395142 
0.8333333333333333 0.8333333333333333 0.5 0.5 0.5 0.5 0.5 0.5 0.5 0.5 0.5 0.5 0.06698727989470278 0.2499999684540211 0.9659258357168511 
0.8333333333333333 0.16666666666666669 0.5 0.5 0.5 0.5 0.5 0.5 0.5 0.5 0.5 0.5 0.24999996552591372 0.0669872908225488 0.9659258357168511 
0.2777777777777778 0.16666666666666669 0.5 0.5 0.5 0.5 0.5 0.5 0.5 0.5 0.5 0.5 0.8754260914000951 0.23456972105936857 0.4226182727451364 
0.05555555555555558 0.16666666666666669 0.5 0.5 0.5 0.5 0.5 0.5 0.5 0.5 0.5 0.5 0.9622501848162385 0.2578341674517361 0.08715574516682793 
0.16666666666666669 0.2777777777777778 0.5 0.5 0.5 0.5 0.5 0.5 0.5 0.5 0.5 0.5 0.875426091400095 0.40821790350933396 0.2588190521395142 
0.16666666666666669 0.05555555555555558 0.5 0.5 0.5 0.5 0.5 0.5 0.5 0.5 0.5 0.5 0.9622501848162384 0.08418598500177063 0.2588190521395142 
0.05555555555555558 0.2777777777777778 0.5 0.5 0.5 0.5 0.5 0.5 0.5 0.5 0.5 0.5 0.902859006981427 0.421010082535949 0.08715574516682793 
0.05555555555555558 0.05555555555555558 0.5 0.5 0.5 0.5 0.5 0.5 0.5 0.5 0.5 0.5 0.9924038760844149 0.08682409122498276 0.08715574516682793 
0.09259259259259262 0.05555555555555558 0.5 0.5 0.5 0.5 0.5 0.5 0.5 0.5 0.5 0.5 0.9856765136317728 0.08623552325848476 0.1449318633118643 
0.018518518518518545 0.05555555555555558 0.5 0.5 0.5 0.5 0.5 0.5 0.5 0.5 0.5 0.5 0.9957732577715915 0.08711887393394743 0.029084719552239187 
0.05555555555555558 0.09259259259259262 0.5 0.5 0.5 0.5 0.5 0.5 0.5 0.5 0.5 0.5 0.9856765136317729 0.14438035378516198 0.08715574516682793 
0.05555555555555558 0.018518518518518545 0.5 0.5 0.5 0.5 0.5 0.5 0.5 0.5 0.5 0.5 0.9957732577715916 0.028974043407270226 0.08715574516682793 
0.2777777777777778 0.5 0.5 0.5 0.5 0.5 0.5 0.5 0.5 0.5 0.5 0.5 0.6408563644209414 0.6408563924336645 0.4226182727451364 
0.05555555555555558 0.5 0.5 0.5 0.5 0.5 0.5 0.5 0.5 0.5 0.5 0.5 0.7044160108575976 0.7044160416486013 0.08715574516682793 
0.16666666666666669 0.6111111111111112 0.5 0.5 0.5 0.5 0.5 0.5 0.5 0.5 0.5 0.5 0.5540322710047979 0.7912401284912625 0.2588190521395142 
0.16666666666666669 0.3888888888888889 0.5 0.5 0.5 0.5 0.5 0.5 0.5 0.5 0.5 0.5 0.7912401042737409 0.5540323055910032 0.2588190521395142 
0.018518518518518545 0.09259259259259262 0.5 0.5 0.5 0.5 0.5 0.5 0.5 0.5 0.5 0.5 0.9890230547674389 0.14487054989559153 0.029084719552239187 
0.018518518518518545 0.018518518518518545 0.5 0.5 0.5 0.5 0.5 0.5 0.5 0.5 0.5 0.5 0.9991540790885676 0.029072415263338643 0.029084719552239187 
0.05555555555555558 0.6111111111111112 0.5 0.5 0.5 0.5 0.5 0.5 0.5 0.5 0.5 0.5 0.5713937829235259 0.8160349385417008 0.08715574516682793 
0.05555555555555558 0.3888888888888889 0.5 0.5 0.5 0.5 0.5 0.5 0.5 0.5 0.5 0.5 0.8160349135652836 0.571393818593547 0.08715574516682793 
0.2777777777777778 0.8333333333333333 0.5 0.5 0.5 0.5 0.5 0.5 0.5 0.5 0.5 0.5 0.2345696827932772 0.8754261016534627 0.4226182727451364 
0.05555555555555558 0.8333333333333333 0.5 0.5 0.5 0.5 0.5 0.5 0.5 0.5 0.5 0.5 0.2578341253904429 0.9622501960865274 0.08715574516682793 
0.16666666666666669 0.9444444444444444 0.5 0.5 0.5 0.5 0.5 0.5 0.5 0.5 0.5 0.5 0.08418594294047754 0.9622501884961239 0.2588190521395142 
0.16666666666666669 0.7222222222222221 0.5 0.5 0.5 0.5 0.5 0.5 0.5 0.5 0.5 0.5 0.4082178652432425 0.875426109243866 0.2588190521395142 
0.05555555555555558 0.9444444444444444 0.5 0.5 0.5 0.5 0.5 0.5 0.5 0.5 0.5 0.5 0.08682404784562991 0.9924038798796158 0.08715574516682793 
0.05555555555555558 0.7222222222222221 0.5 0.5 0.5 0.5 0.5 0.5 0.5 0.5 0.5 0.5 0.4210100430707267 0.9028590253843619 0.08715574516682793 
0.6111111111111112 0.16666666666666669 0.5 0.5 0.5 0.5 0.5 0.5 0.5 0.5 0.5 0.5 0.5540322710047979 0.14845250392255996 0.8191520596106613 
0.3888888888888889 0.16666666666666669 0.5 0.5 0.5 0.5 0.5 0.5 0.5 0.5 0.5 0.5 0.7912401042737409 0.2120121531374967 0.5735764502757084 
0.5 0.2777777777777778 0.5 0.5 0.5 0.5 0.5 0.5 0.5 0.5 0.5 0.5 0.6408563644209414 0.2988362399801579 0.7071067966408575 
0.5 0.05555555555555558 0.5 0.5 0.5 0.5 0.5 0.5 0.5 0.5 0.5 0.5 0.7044160108575975 0.06162841707989876 0.7071067966408575 
0.6111111111111112 0.5 0.5 0.5 0.5 0.5 0.5 0.5 0.5 0.5 0.5 0.5 0.4055797633357744 0.40557978106423 0.8191520596106613 
0.3888888888888889 0.5 0.5 0.5 0.5 0.5 0.5 0.5 0.5 0.5 0.5 0.5 0.5792279457857397 0.5792279711045989 0.5735764502757084 
0.5 0.6111111111111112 0.5 0.5 0.5 0.5 0.5 0.5 0.5 0.5 0.5 0.5 0.4055797633357744 0.5792279635141955 0.7071067966408575 
0.5 0.3888888888888889 0.5 0.5 0.5 0.5 0.5 0.5 0.5 0.5 0.5 0.5 0.5792279457857397 0.4055797886546335 0.7071067966408575 
0.030864197530864224 0.018518518518518545 0.5 0.5 0.5 0.5 0.5 0.5 0.5 0.5 0.5 0.5 0.9984024557192774 0.02905054525632875 0.048462379574534774 
0.006172839506172867 0.018518518518518545 0.5 0.5 0.5 0.5 0.5 0.5 0.5 0.5 0.5 0.5 0.9995299614502084 0.029083352323334193 0.009696121955789151 
0.018518518518518545 0.030864197530864224 0.5 0.5 0.5 0.5 0.5 0.5 0.5 0.5 0.5 0.5 0.9984024557192773 0.04844187756769844 0.029084719552239187 
0.018518518518518545 0.006172839506172867 0.5 0.5 0.5 0.5 0.5 0.5 0.5 0.5 0.5 0.5 0.9995299614502084 0.009692020011964503 0.029084719552239187 
0.6111111111111112 0.8333333333333333 0.5 0.5 0.5 0.5 0.5 0.5 0.5 0.5 0.5 0.5 0.14845247970503925 0.5540322774938626 0.8191520596106613 
0.3888888888888889 0.8333333333333333 0.5 0.5 0.5 0.5 0.5 0.5 0.5 0.5 0.5 0.5 0.21201211855129184 0.791240113541086 0.5735764502757084 
0.5 0.9444444444444444 0.5 0.5 0.5 0.5 0.5 0.5 0.5 0.5 0.5 0.5 0.0616283862888958 0.7044160135514607 0.7071067966408575 
0.5 0.7222222222222221 0.5 0.5 0.5 0.5 0.5 0.5 0.5 0.5 0.5 0.5 0.2988362119674353 0.6408563774834881 0.7071067966408575 
0.006172839506172867 0.030864197530864224 0.5 0.5 0.5 0.5 0.5 0.5 0.5 0.5 0.5 0.5 0.9987780553197576 0.04846010143098795 0.009696121955789151 
0.006172839506172867 0.006172839506172867 0.5 0.5 0.5 0.5 0.5 0.5 0.5 0.5 0.5 0.5 0.9999059852190185 0.00969566615568489 0.009696121955789151 
0.2777777777777778 0.2777777777777778 0.5 0.5 0.5 0.5 0.5 0.5 0.5 0.5 0.5 0.5 0.8213937955419175 0.38302222936425 0.4226182727451364 
0.2777777777777778 0.05555555555555558 0.5 0.5 0.5 0.5 0.5 0.5 0.5 0.5 0.5 0.5 0.902859006981427 0.07898993008244239 0.4226182727451364 
0.9444444444444444 0.16666666666666669 0.5 0.5 0.5 0.5 0.5 0.5 0.5 0.5 0.5 0.5 0.08418594294047754 0.02255755608230161 0.9961947016897934 
0.7222222222222221 0.16666666666666669 0.5 0.5 0.5 0.5 0.5 0.5 0.5 0.5 0.5 0.5 0.40821786524324255 0.10938165051536632 0.9063078003784278 
0.8333333333333333 0.2777777777777778 0.5 0.5 0.5 0.5 0.5 0.5 0.5 0.5 0.5 0.5 0.23456968279327722 0.1093816429249629 0.9659258357168511 
0.8333333333333333 0.05555555555555558 0.5 0.5 0.5 0.5 0.5 0.5 0.5 0.5 0.5 0.5 0.2578341253904429 0.022557563672705026 0.9659258357168511 
0.2777777777777778 0.6111111111111112 0.5 0.5 0.5 0.5 0.5 0.5 0.5 0.5 0.5 0.5 0.5198367679509281 0.7424038861888119 0.4226182727451364 
0.2777777777777778 0.3888888888888889 0.5 0.5 0.5 0.5 0.5 0.5 0.5 0.5 0.5 0.5 0.7424038634660235 0.5198368004024335 0.4226182727451364 
0.9444444444444444 0.5 0.5 0.5 0.5 0.5 0.5 0.5 0.5 0.5 0.5 0.5 0.0616283862888958 0.06162838898275829 0.9961947016897934 
0.7222222222222221 0.5 0.5 0.5 0.5 0.5 0.5 0.5 0.5 0.5 0.5 0.5 0.2988362119674353 0.2988362250299818 0.9063078003784278 
0.8333333333333333 0.6111111111111112 0.5 0.5 0.5 0.5 0.5 0.5 0.5 0.5 0.5 0.5 0.14845247970503928 0.21201212504035633 0.9659258357168511 
0.8333333333333333 0.3888888888888889 0.5 0.5 0.5 0.5 0.5 0.5 0.5 0.5 0.5 0.5 0.21201211855129187 0.14845248897238383 0.9659258357168511 
0.2777777777777778 0.9444444444444444 0.5 0.5 0.5 0.5 0.5 0.5 0.5 0.5 0.5 0.5 0.07898989061722024 0.9028590104341857 0.4226182727451364 
0.2777777777777778 0.7222222222222221 0.5 0.5 0.5 0.5 0.5 0.5 0.5 0.5 0.5 0.5 0.38302219345998534 0.8213938122843507 0.4226182727451364 
0.9444444444444444 0.8333333333333333 0.5 0.5 0.5 0.5 0.5 0.5 0.5 0.5 0.5 0.5 0.022557552402417018 0.0841859439264996 0.9961947016897934 
0.7222222222222221 0.8333333333333333 0.5 0.5 0.5 0.5 0.5 0.5 0.5 0.5 0.5 0.5 0.10938163267159597 0.40821787002446613 0.9063078003784278 
0.8333333333333333 0.9444444444444444 0.5 0.5 0.5 0.5 0.5 0.5 0.5 0.5 0.5 0.5 0.02255755240241702 0.25783412637646513 0.9659258357168511 
0.8333333333333333 0.7222222222222221 0.5 0.5 0.5 0.5 0.5 0.5 0.5 0.5 0.5 0.5 0.10938163267159597 0.2345696875745006 0.9659258357168511 
0.9444444444444444 0.2777777777777778 0.5 0.5 0.5 0.5 0.5 0.5 0.5 0.5 0.5 0.5 0.07898989061722024 0.03683359207928419 0.9961947016897934 
0.9444444444444444 0.05555555555555558 0.5 0.5 0.5 0.5 0.5 0.5 0.5 0.5 0.5 0.5 0.08682404784562991 0.007596120120383339 0.9961947016897934 
0.9814814814814814 0.05555555555555558 0.5 0.5 0.5 0.5 0.5 0.5 0.5 0.5 0.5 0.5 0.02897399988063713 0.0025348965974565526 0.9995769513299899 
0.9074074074074074 0.05555555555555558 0.5 0.5 0.5 0.5 0.5 0.5 0.5 0.5 0.5 0.5 0.14438031069987117 0.012631640775887768 0.9894416443295266 
0.9444444444444444 0.09259259259259262 0.5 0.5 0.5 0.5 0.5 0.5 0.5 0.5 0.5 0.5 0.08623548017319428 0.012631638234296435 0.9961947016897934 
0.9444444444444444 0.018518518518518545 0.5 0.5 0.5 0.5 0.5 0.5 0.5 0.5 0.5 0.5 0.08711883040731423 0.0025348991390479057 0.9961947016897934 
0.9814814814814814 0.09259259259259262 0.5 0.5 0.5 0.5 0.5 0.5 0.5 0.5 0.5 0.5 0.02877758932280163 0.00421529626611595 0.9995769513299899 
0.9814814814814814 0.018518518518518545 0.5 0.5 0.5 0.5 0.5 0.5 0.5 0.5 0.5 0.5 0.02907237158892515 0.0008459196406367263 0.9995769513299899 
0.7222222222222221 0.2777777777777778 0.5 0.5 0.5 0.5 0.5 0.5 0.5 0.5 0.5 0.5 0.38302219345998534 0.1786061877156484 0.9063078003784278 
0.7222222222222221 0.05555555555555558 0.5 0.5 0.5 0.5 0.5 0.5 0.5 0.5 0.5 0.5 0.4210100430707267 0.03683360702946044 0.9063078003784278 
0.9444444444444444 0.6111111111111112 0.5 0.5 0.5 0.5 0.5 0.5 0.5 0.5 0.5 0.5 0.04999045483678436 0.07139377249028761 0.9961947016897934 
0.9444444444444444 0.3888888888888889 0.5 0.5 0.5 0.5 0.5 0.5 0.5 0.5 0.5 0.5 0.07139377030513526 0.049990457957505355 0.9961947016897934 
0.9938271604938271 0.018518518518518545 0.5 0.5 0.5 0.5 0.5 0.5 0.5 0.5 0.5 0.5 0.009691976321120479 0.00028200771655467863 0.9999529919284399 
0.9691358024691357 0.018518518518518545 0.5 0.5 0.5 0.5 0.5 0.5 0.5 0.5 0.5 0.5 0.04844183392613941 0.0014095134489197976 0.998825010698926 
0.9814814814814814 0.030864197530864224 0.5 0.5 0.5 0.5 0.5 0.5 0.5 0.5 0.5 0.5 0.029050501614769755 0.001409512601297712 0.9995769513299899 
0.9814814814814814 0.006172839506172867 0.5 0.5 0.5 0.5 0.5 0.5 0.5 0.5 0.5 0.5 0.029083308632490357 0.000282008564176771 0.9995769513299899 
0.6111111111111112 0.05555555555555558 0.5 0.5 0.5 0.5 0.5 0.5 0.5 0.5 0.5 0.5 0.5713937829235259 0.04999047981320084 0.8191520596106613 
0.3888888888888889 0.05555555555555558 0.5 0.5 0.5 0.5 0.5 0.5 0.5 0.5 0.5 0.5 0.8160349135652835 0.0713938059751556 0.5735764502757084 
0.9938271604938271 0.030864197530864224 0.5 0.5 0.5 0.5 0.5 0.5 0.5 0.5 0.5 0.5 0.00968468543771218 0.00046989502436403814 0.9999529919284399 
0.9938271604938271 0.006172839506172867 0.5 0.5 0.5 0.5 0.5 0.5 0.5 0.5 0.5 0.5 0.009695622448404344 0.00009401435717049117 0.9999529919284399 
0.9074074074074074 0.09259259259259262 0.5 0.5 0.5 0.5 0.5 0.5 0.5 0.5 0.5 0.5 0.14340157743964305 0.021005238734764727 0.9894416443295266 
0.9074074074074074 0.018518518518518545 0.5 0.5 0.5 0.5 0.5 0.5 0.5 0.5 0.5 0.5 0.14487050666401877 0.004215301340698708 0.9894416443295266 
0.9444444444444444 0.9444444444444444 0.5 0.5 0.5 0.5 0.5 0.5 0.5 0.5 0.5 0.5 0.007596116325183524 0.0868240481776668 0.9961947016897934 
0.9444444444444444 0.7222222222222221 0.5 0.5 0.5 0.5 0.5 0.5 0.5 0.5 0.5 0.5 0.03683358862652626 0.07898989222726766 0.9961947016897934 
0.9814814814814814 0.9444444444444444 0.5 0.5 0.5 0.5 0.5 0.5 0.5 0.5 0.5 0.5 0.0025348953309627447 0.028973999991440957 0.9995769513299899 
0.9074074074074074 0.9444444444444444 0.5 0.5 0.5 0.5 0.5 0.5 0.5 0.5 0.5 0.5 0.012631634464823701 0.1443803112520176 0.9894416443295266 
0.9444444444444444 0.9814814814814814 0.5 0.5 0.5 0.5 0.5 0.5 0.5 0.5 0.5 0.5 0.0025348953309627443 0.08711883051811811 0.9961947016897934 
0.9444444444444444 0.9074074074074074 0.5 0.5 0.5 0.5 0.5 0.5 0.5 0.5 0.5 0.5 0.012631634464823703 0.08623548072534067 0.9961947016897934 
0.9814814814814814 0.9814814814814814 0.5 0.5 0.5 0.5 0.5 0.5 0.5 0.5 0.5 0.5 0.0008459183698429572 0.029072371625901445 0.9995769513299899 
0.9074074074074074 0.9814814814814814 0.5 0.5 0.5 0.5 0.5 0.5 0.5 0.5 0.5 0.5 0.00421529500820751 0.14487050684827532 0.9894416443295266 
0.7222222222222221 0.9444444444444444 0.5 0.5 0.5 0.5 0.5 0.5 0.5 0.5 0.5 0.5 0.03683358862652626 0.42101004468077446 0.9063078003784278 
0.7222222222222221 0.7222222222222221 0.5 0.5 0.5 0.5 0.5 0.5 0.5 0.5 0.5 0.5 0.17860617097321585 0.3830222012671097 0.9063078003784278 
0.6111111111111112 0.9444444444444444 0.5 0.5 0.5 0.5 0.5 0.5 0.5 0.5 0.5 0.5 0.04999045483678436 0.5713937851086788 0.8191520596106613 
0.3888888888888889 0.9444444444444444 0.5 0.5 0.5 0.5 0.5 0.5 0.5 0.5 0.5 0.5 0.07139377030513526 0.8160349166860051 0.5735764502757084 
0.9938271604938271 0.9814814814814814 0.5 0.5 0.5 0.5 0.5 0.5 0.5 0.5 0.5 0.5 0.000282007292904923 0.009691976333447419 0.9999529919284399 
0.9691358024691357 0.9814814814814814 0.5 0.5 0.5 0.5 0.5 0.5 0.5 0.5 0.5 0.5 0.0014095113314599088 0.048441833987751155 0.998825010698926 
0.9814814814814814 0.9938271604938271 0.5 0.5 0.5 0.5 0.5 0.5 0.5 0.5 0.5 0.5 0.000282007292904923 0.029083308644817316 0.9995769513299899 
0.9814814814814814 0.9691358024691357 0.5 0.5 0.5 0.5 0.5 0.5 0.5 0.5 0.5 0.5 0.0014095113314599088 0.029050501676381485 0.9995769513299899 
0.9938271604938271 0.9938271604938271 0.5 0.5 0.5 0.5 0.5 0.5 0.5 0.5 0.5 0.5 0.00009401393336135642 0.009695622452513833 0.9999529919284399 
0.9938271604938271 0.9691358024691357 0.5 0.5 0.5 0.5 0.5 0.5 0.5 0.5 0.5 0.5 0.0004698946010329768 0.009684685458251935 0.9999529919284399 
0.9814814814814814 0.9074074074074074 0.5 0.5 0.5 0.5 0.5 0.5 0.5 0.5 0.5 0.5 0.00421529500820751 0.028777589507058058 0.9995769513299899 
0.9074074074074074 0.9074074074074074 0.5 0.5 0.5 0.5 0.5 0.5 0.5 0.5 0.5 0.5 0.021005232466482403 0.1434015783578111 0.9894416443295266 
0. 1. 0.5 0.5 0.5 0.5 0.5 0.5 0.5 0.5 0.5 0.5 4.371139000186444E-8 0.999999999999999 0. 
0.010288065843621425 0.006172839506172867 0.5 0.5 0.5 0.5 0.5 0.5 0.5 0.5 0.5 0.5 0.9998224203077639 0.009694855862023457 0.01615975308411958 
0.0020576131687243078 0.006172839506172867 0.5 0.5 0.5 0.5 0.5 0.5 0.5 0.5 0.5 0.5 0.9999477685476147 0.009696071310980419 0.003232085670046975 
0.006172839506172867 0.010288065843621425 0.5 0.5 0.5 0.5 0.5 0.5 0.5 0.5 0.5 0.5 0.9998224203077639 0.016158993438441217 0.009696121955789151 
0.006172839506172867 0.0020576131687243078 0.5 0.5 0.5 0.5 0.5 0.5 0.5 0.5 0.5 0.5 0.9999477685476146 0.0032319337345626544 0.009696121955789151 
0.09259259259259262 0.16666666666666669 0.5 0.5 0.5 0.5 0.5 0.5 0.5 0.5 0.5 0.5 0.9557272298788576 0.25608634689306714 0.1449318633118643 
0.018518518518518545 0.16666666666666669 0.5 0.5 0.5 0.5 0.5 0.5 0.5 0.5 0.5 0.5 0.9655171895401563 0.25870955875468826 0.029084719552239187 
0.05555555555555558 0.20370370370370372 0.5 0.5 0.5 0.5 0.5 0.5 0.5 0.5 0.5 0.5 0.9456304857390389 0.3133478267442817 0.08715574516682793 
0.05555555555555558 0.12962962962962965 0.5 0.5 0.5 0.5 0.5 0.5 0.5 0.5 0.5 0.5 0.9756139336799751 0.2014480789034737 0.08715574516682793 
0.3888888888888889 0.2777777777777778 0.5 0.5 0.5 0.5 0.5 0.5 0.5 0.5 0.5 0.5 0.7424038634660234 0.3461886179524681 0.5735764502757084 
0.0020576131687243078 0.010288065843621425 0.5 0.5 0.5 0.5 0.5 0.5 0.5 0.5 0.5 0.5 0.9998642001444117 0.01615966867845638 0.003232085670046975 
0.0020576131687243078 0.0020576131687243078 0.5 0.5 0.5 0.5 0.5 0.5 0.5 0.5 0.5 0.5 0.9999895536222215 0.0032320687882089255 0.003232085670046975 
0.018518518518518545 0.20370370370370372 0.5 0.5 0.5 0.5 0.5 0.5 0.5 0.5 0.5 0.5 0.9488410637287745 0.3144116964596182 0.029084719552239187 
0.018518518518518545 0.12962962962962965 0.5 0.5 0.5 0.5 0.5 0.5 0.5 0.5 0.5 0.5 0.9789263106276201 0.20213202974680605 0.029084719552239187 
0.3888888888888889 0.6111111111111112 0.5 0.5 0.5 0.5 0.5 0.5 0.5 0.5 0.5 0.5 0.46984628687612845 0.6710100762267528 0.5735764502757084 
0.3888888888888889 0.3888888888888889 0.5 0.5 0.5 0.5 0.5 0.5 0.5 0.5 0.5 0.5 0.6710100556891179 0.4698463162069112 0.5735764502757084 
0.3888888888888889 0.7222222222222221 0.5 0.5 0.5 0.5 0.5 0.5 0.5 0.5 0.5 0.5 0.34618858550096315 0.7424038785984083 0.5735764502757084 
0.6111111111111112 0.2777777777777778 0.5 0.5 0.5 0.5 0.5 0.5 0.5 0.5 0.5 0.5 0.5198367679509281 0.2424038735704205 0.8191520596106613 
0.003429355281207161 0.0020576131687243078 0.5 0.5 0.5 0.5 0.5 0.5 0.5 0.5 0.5 0.5 0.9999802679997896 0.003232038776124967 0.005386792776647323 
0.0006858710562414546 0.0020576131687243078 0.5 0.5 0.5 0.5 0.5 0.5 0.5 0.5 0.5 0.5 0.9999941964442153 0.0032320837942857402 0.0010773635573611043 
0.0020576131687243078 0.003429355281207161 0.5 0.5 0.5 0.5 0.5 0.5 0.5 0.5 0.5 0.5 0.9999802679997897 0.005386764640337663 0.003232085670046975 
0.0020576131687243078 0.0006858710562414546 0.5 0.5 0.5 0.5 0.5 0.5 0.5 0.5 0.5 0.5 0.9999941964442154 0.0010773579300730456 0.003232085670046975 
0.09259259259259262 0.2777777777777778 0.5 0.5 0.5 0.5 0.5 0.5 0.5 0.5 0.5 0.5 0.8967386562553078 0.41815611603129255 0.1449318633118643 
0.018518518518518545 0.2777777777777778 0.5 0.5 0.5 0.5 0.5 0.5 0.5 0.5 0.5 0.5 0.9059243684512233 0.4224394841096412 0.029084719552239187 
0.05555555555555558 0.3148148148148148 0.5 0.5 0.5 0.5 0.5 0.5 0.5 0.5 0.5 0.5 0.8768519524541905 0.4727943840208861 0.08715574516682793 
0.05555555555555558 0.24074074074074076 0.5 0.5 0.5 0.5 0.5 0.5 0.5 0.5 0.5 0.5 0.9258110722523407 0.3678012161200478 0.08715574516682793 
0.6111111111111112 0.6111111111111112 0.5 0.5 0.5 0.5 0.5 0.5 0.5 0.5 0.5 0.5 0.3289899032356115 0.4698463012567349 0.8191520596106613 
0.6111111111111112 0.3888888888888889 0.5 0.5 0.5 0.5 0.5 0.5 0.5 0.5 0.5 0.5 0.46984628687612845 0.3289899237732462 0.8191520596106613 
0.0006858710562414546 0.003429355281207161 0.5 0.5 0.5 0.5 0.5 0.5 0.5 0.5 0.5 0.5 0.9999849107786716 0.005386789650388275 0.0010773635573611043 
0.0006858710562414546 0.0006858710562414546 0.5 0.5 0.5 0.5 0.5 0.5 0.5 0.5 0.5 0.5 0.9999988392877652 0.0010773629321063917 0.0010773635573611043 
0.018518518518518545 0.3148148148148148 0.5 0.5 0.5 0.5 0.5 0.5 0.5 0.5 0.5 0.5 0.879829015504993 0.47439960219637856 0.029084719552239187 
0.018518518518518545 0.24074074074074076 0.5 0.5 0.5 0.5 0.5 0.5 0.5 0.5 0.5 0.5 0.9289543599276571 0.3690499644492116 0.029084719552239187 
0.6111111111111112 0.7222222222222221 0.5 0.5 0.5 0.5 0.5 0.5 0.5 0.5 0.5 0.5 0.24240385084763272 0.5198367785467378 0.8191520596106613 
0.7222222222222221 0.6111111111111112 0.5 0.5 0.5 0.5 0.5 0.5 0.5 0.5 0.5 0.5 0.24240385084763275 0.34618859609677277 0.9063078003784278 
0.7222222222222221 0.3888888888888889 0.5 0.5 0.5 0.5 0.5 0.5 0.5 0.5 0.5 0.5 0.34618858550096315 0.24240386598001729 0.9063078003784278 
0.9814814814814814 0.16666666666666669 0.5 0.5 0.5 0.5 0.5 0.5 0.5 0.5 0.5 0.5 0.028093639506943265 0.007527668237699756 0.9995769513299899 
0.9074074074074074 0.16666666666666669 0.5 0.5 0.5 0.5 0.5 0.5 0.5 0.5 0.5 0.5 0.1399933877756836 0.0375111162933001 0.9894416443295266 
0.9444444444444444 0.20370370370370372 0.5 0.5 0.5 0.5 0.5 0.5 0.5 0.5 0.5 0.5 0.0827319083658121 0.027414369650502535 0.9961947016897934 
0.9444444444444444 0.12962962962962965 0.5 0.5 0.5 0.5 0.5 0.5 0.5 0.5 0.5 0.5 0.08535511891681498 0.017624414880497367 0.9961947016897934 
0.9691358024691357 0.030864197530864224 0.5 0.5 0.5 0.5 0.5 0.5 0.5 0.5 0.5 0.5 0.04840539308564024 0.002348600118157368 0.998825010698926 
0.9691358024691357 0.006172839506172867 0.5 0.5 0.5 0.5 0.5 0.5 0.5 0.5 0.5 0.5 0.04846005777301094 0.0004698967192894646 0.998825010698926 
0.9814814814814814 0.20370370370370372 0.5 0.5 0.5 0.5 0.5 0.5 0.5 0.5 0.5 0.5 0.02760841451872683 0.009148432521755344 0.9995769513299899 
0.9814814814814814 0.12962962962962965 0.5 0.5 0.5 0.5 0.5 0.5 0.5 0.5 0.5 0.5 0.028483804506611036 0.005881432705737784 0.9995769513299899 
0.9979423868312757 0.006172839506172867 0.5 0.5 0.5 0.5 0.5 0.5 0.5 0.5 0.5 0.5 0.003231890025455712 0.00003133827299957892 0.9999947769387478 
0.9897119341563786 0.006172839506172867 0.5 0.5 0.5 0.5 0.5 0.5 0.5 0.5 0.5 0.5 0.0161589497348134 0.000156686512903437 0.9998694233712743 
0.9938271604938271 0.010288065843621425 0.5 0.5 0.5 0.5 0.5 0.5 0.5 0.5 0.5 0.5 0.009694812158395648 0.00015668623034699805 0.9999529919284399 
0.9938271604938271 0.0020576131687243078 0.5 0.5 0.5 0.5 0.5 0.5 0.5 0.5 0.5 0.5 0.009696027601873464 0.00003133855555601783 0.9999529919284399 
0.9938271604938271 0.05555555555555558 0.5 0.5 0.5 0.5 0.5 0.5 0.5 0.5 0.5 0.5 0.009659181739347903 0.0008450689247655594 0.9999529919284399 
0.9691358024691357 0.05555555555555558 0.5 0.5 0.5 0.5 0.5 0.5 0.5 0.5 0.5 0.5 0.04827792208491438 0.004223770999153843 0.998825010698926 
0.9814814814814814 0.06790123456790126 0.5 0.5 0.5 0.5 0.5 0.5 0.5 0.5 0.5 0.5 0.028919396889835015 0.0030962644220347314 0.9995769513299899 
0.9814814814814814 0.0432098765432099 0.5 0.5 0.5 0.5 0.5 0.5 0.5 0.5 0.5 0.5 0.029017706934427498 0.0019725755018846908 0.9995769513299899 
0.9938271604938271 0.06790123456790126 0.5 0.5 0.5 0.5 0.5 0.5 0.5 0.5 0.5 0.5 0.009640978515290392 0.0010322144297894163 0.9999529919284399 
0.9938271604938271 0.0432098765432099 0.5 0.5 0.5 0.5 0.5 0.5 0.5 0.5 0.5 0.5 0.009673752539982674 0.000657605623862198 0.9999529919284399 
0.8703703703703702 0.05555555555555558 0.5 0.5 0.5 0.5 0.5 0.5 0.5 0.5 0.5 0.5 0.20144803625803256 0.017624419955080153 0.9793406294589382 
0.7962962962962963 0.05555555555555558 0.5 0.5 0.5 0.5 0.5 0.5 0.5 0.5 0.5 0.5 0.3133477854094584 0.02741437973104304 0.9492426545214613 
0.8333333333333333 0.09259259259259262 0.5 0.5 0.5 0.5 0.5 0.5 0.5 0.5 0.5 0.5 0.25608630511690145 0.037511121367882955 0.9659258357168511 
0.8333333333333333 0.018518518518518545 0.5 0.5 0.5 0.5 0.5 0.5 0.5 0.5 0.5 0.5 0.25870951655058977 0.0075276783182402635 0.9659258357168511 
0.8703703703703702 0.018518518518518545 0.5 0.5 0.5 0.5 0.5 0.5 0.5 0.5 0.5 0.5 0.20213198695657636 0.005881440296141185 0.9793406294589382 
0.7962962962962963 0.018518518518518545 0.5 0.5 0.5 0.5 0.5 0.5 0.5 0.5 0.5 0.5 0.31441165498445606 0.00914844505832359 0.9492426545214613 
0.9814814814814814 0.8333333333333333 0.5 0.5 0.5 0.5 0.5 0.5 0.5 0.5 0.5 0.5 0.007527667009687721 0.02809363983598808 0.9995769513299899 
0.9074074074074074 0.8333333333333333 0.5 0.5 0.5 0.5 0.5 0.5 0.5 0.5 0.5 0.5 0.037511110173994514 0.1399933894153465 0.9894416443295266 
0.9444444444444444 0.8703703703703702 0.5 0.5 0.5 0.5 0.5 0.5 0.5 0.5 0.5 0.5 0.01762441114950648 0.08535511968720257 0.9961947016897934 
0.9444444444444444 0.7962962962962963 0.5 0.5 0.5 0.5 0.5 0.5 0.5 0.5 0.5 0.5 0.02741436603417579 0.08273190956413222 0.9961947016897934 
0.9691358024691357 0.9938271604938271 0.5 0.5 0.5 0.5 0.5 0.5 0.5 0.5 0.5 0.5 0.0004698946010329768 0.04846005779355073 0.998825010698926 
0.9691358024691357 0.9691358024691357 0.5 0.5 0.5 0.5 0.5 0.5 0.5 0.5 0.5 0.5 0.002348598002290357 0.04840539318830077 0.998825010698926 
0.9814814814814814 0.8703703703703702 0.5 0.5 0.5 0.5 0.5 0.5 0.5 0.5 0.5 0.5 0.005881431460671098 0.028483804763696607 0.9995769513299899 
0.9814814814814814 0.7962962962962963 0.5 0.5 0.5 0.5 0.5 0.5 0.5 0.5 0.5 0.5 0.00914843131495316 0.027608414918617506 0.9995769513299899 
0.9979423868312757 0.9938271604938271 0.5 0.5 0.5 0.5 0.5 0.5 0.5 0.5 0.5 0.5 0.00003133813172917338 0.0032318900268255486 0.9999947769387478 
0.9897119341563786 0.9938271604938271 0.5 0.5 0.5 0.5 0.5 0.5 0.5 0.5 0.5 0.5 0.00015668580657328212 0.01615894974166237 0.9998694233712743 
0.9938271604938271 0.9979423868312757 0.5 0.5 0.5 0.5 0.5 0.5 0.5 0.5 0.5 0.5 0.00003133813172917338 0.009696027603243307 0.9999529919284399 
0.9938271604938271 0.9897119341563786 0.5 0.5 0.5 0.5 0.5 0.5 0.5 0.5 0.5 0.5 0.00015668580657328212 0.00969481216524461 0.9999529919284399 
0.9567901234567902 0.9814814814814814 0.5 0.5 0.5 0.5 0.5 0.5 0.5 0.5 0.5 0.5 0.0019725742334803812 0.06779307935594985 0.9976974528093832 
0.9320987654320987 0.9814814814814814 0.5 0.5 0.5 0.5 0.5 0.5 0.5 0.5 0.5 0.5 0.0030962631579276954 0.10641181984920406 0.9943173224634264 
0.9444444444444444 0.9938271604938271 0.5 0.5 0.5 0.5 0.5 0.5 0.5 0.5 0.5 0.5 0.0008450685025492995 0.08715160460031429 0.9961947016897934 
0.9444444444444444 0.9691358024691357 0.5 0.5 0.5 0.5 0.5 0.5 0.5 0.5 0.5 0.5 0.004223768888858764 0.08705329460483982 0.9961947016897934 
0.9979423868312757 0.9979423868312757 0.5 0.5 0.5 0.5 0.5 0.5 0.5 0.5 0.5 0.5 0.000010446095223994722 0.0032320250777321162 0.9999947769387478 
0.9979423868312757 0.9897119341563786 0.5 0.5 0.5 0.5 0.5 0.5 0.5 0.5 0.5 0.5 0.000052228858754500374 0.0032316199297423454 0.9999947769387478 
1. 0.9 0.5 0.5 0.5 0.5 0.5 0.5 0.5 0.5 0.5 0.5 6.8379662126608394E-9 4.317323052505572E-8 0.999999999999999 
1. 0.09999999999999998 0.5 0.5 0.5 0.5 0.5 0.5 0.5 0.5 0.5 0.5 4.317323022615867E-8 6.837968099822749E-9 0.999999999999999 
0. 0.5 0.5 0.5 0.5 0.5 0.5 0.5 0.5 0.5 0.5 0.5 0.7071067657322372 0.7071067966408575 0. 
0.1333333333333333 1. 0.5 0.5 0.5 0.5 0.5 0.5 0.5 0.5 0.5 0.5 4.275619120209617E-8 0.9781475995220569 0.2079116965185848 
0. 0.8666666666666667 0.5 0.5 0.5 0.5 0.5 0.5 0.5 0.5 0.5 0.5 0.20791165376239343 0.978147608610166 0. 
0.1333333333333333 0.8666666666666667 0.5 0.5 0.5 0.5 0.5 0.5 0.5 0.5 0.5 0.5 0.20336828504034635 0.9567727353402752 0.2079116965185848 
0.2 0.8 0.5 0.5 0.5 0.5 0.5 0.5 0.5 0.5 0.5 0.5 0.2938925936815643 0.9045085048953462 0.3090170026893479 
0.13333 1. 0.5 0.5 0.5 0.5 0.5 0.5 0.5 0.5 0.5 0.5 4.2756238786740175E-8 0.9781486881317762 0.2079065749467377 
0.2666633333333333 1. 0.5 0.5 0.5 0.5 0.5 0.5 0.5 0.5 0.5 0.5 3.9932434666418354E-8 0.9135475825572023 0.40673187040591013 
0.13333 0.8666666666666667 0.5 0.5 0.5 0.5 0.5 0.5 0.5 0.5 0.5 0.5 0.2033685113749934 0.9567738001612689 0.2079065749467377 
0.2666633333333333 0.8666666666666667 0.5 0.5 0.5 0.5 0.5 0.5 0.5 0.5 0.5 0.5 0.18993718868010476 0.8935843832299265 0.40673187040591013 
0.33333 0.8 0.5 0.5 0.5 0.5 0.5 0.5 0.5 0.5 0.5 0.5 0.2676173452775159 0.8236415958249853 0.49999547811303885 
0.1333333333333333 0.5 0.5 0.5 0.5 0.5 0.5 0.5 0.5 0.5 0.5 0.5 0.6916547855067939 0.6916548157399867 0.2079116965185848 
0. 0.6333333333333333 0.5 0.5 0.5 0.5 0.5 0.5 0.5 0.5 0.5 0.5 0.5446390117973712 0.8386705830231456 0. 
0. 0.36666666666666664 0.5 0.5 0.5 0.5 0.5 0.5 0.5 0.5 0.5 0.5 0.8386705592162165 0.5446390484568276 0. 
0.1333333333333333 0.36666666666666664 0.5 0.5 0.5 0.5 0.5 0.5 0.5 0.5 0.5 0.5 0.820343594287164 0.5327373778540236 0.2079116965185848 
0.1333333333333333 0.6333333333333333 0.5 0.5 0.5 0.5 0.5 0.5 0.5 0.5 0.5 0.5 0.5327373419956644 0.8203436175738545 0.2079116965185848 
0.033333333333333326 1. 0.5 0.5 0.5 0.5 0.5 0.5 0.5 0.5 0.5 0.5 4.365148505770436E-8 0.9986295346783169 0.05233595769799332 
0. 0.9666666666666667 0.5 0.5 0.5 0.5 0.5 0.5 0.5 0.5 0.5 0.5 0.052335914046508225 0.9986295369659944 0. 
0.033333333333333326 0.9666666666666667 0.5 0.5 0.5 0.5 0.5 0.5 0.5 0.5 0.5 0.5 0.052264189491228956 0.9972609498163751 0.05233595769799332 
0.005000000000000001 1. 0.5 0.5 0.5 0.5 0.5 0.5 0.5 0.5 0.5 0.5 4.371004183957223E-8 0.9999691576430721 0.007853901107261543 
0.013333333333333332 1. 0.5 0.5 0.5 0.5 0.5 0.5 0.5 0.5 0.5 0.5 4.370180337116603E-8 0.9997806834626388 0.02094242046604767 
0.005000000000000001 0.9916666666666667 0.5 0.5 0.5 0.5 0.5 0.5 0.5 0.5 0.5 0.5 0.013089148515287837 0.9998834884267976 0.007853901107261543 
0.013333333333333332 0.9916666666666667 0.5 0.5 0.5 0.5 0.5 0.5 0.5 0.5 0.5 0.5 0.013086681472659439 0.9996950303932977 0.02094242046604767 
0. 0.9875 0.5 0.5 0.5 0.5 0.5 0.5 0.5 0.5 0.5 0.5 0.01963364930395112 0.9998072413295522 0. 
0.014 0.9875 0.5 0.5 0.5 0.5 0.5 0.5 0.5 0.5 0.5 0.5 0.019628901974399413 0.9995654923612736 0.0219893767043166 
0.0175 1. 0.5 0.5 0.5 0.5 0.5 0.5 0.5 0.5 0.5 0.5 4.36948759688209E-8 0.9996222029763209 0.02748547465053379 
0.018519000000000008 0.31481000000000003 0.5 0.5 0.5 0.5 0.5 0.5 0.5 0.5 0.5 0.5 0.8798325840462812 0.47439293751378747 0.029085475541637783 
0.1518523333333333 0.31481000000000003 0.5 0.5 0.5 0.5 0.5 0.5 0.5 0.5 0.5 0.5 0.8552833452485488 0.4611563448731458 0.23627362299607615 
0.018519000000000008 0.44814333333333334 0.5 0.5 0.5 0.5 0.5 0.5 0.5 0.5 0.5 0.5 0.7619742896112326 0.6469537982607214 0.029085475541637783 
0.018519000000000008 0.18147666666666668 0.5 0.5 0.5 0.5 0.5 0.5 0.5 0.5 0.5 0.5 0.9592379705210856 0.281098827857936 0.029085475541637783 
0.1518523333333333 0.18147666666666668 0.5 0.5 0.5 0.5 0.5 0.5 0.5 0.5 0.5 0.5 0.9324731490889486 0.2732555604273174 0.23627362299607615 
0.1518523333333333 0.44814333333333334 0.5 0.5 0.5 0.5 0.5 0.5 0.5 0.5 0.5 0.5 0.740713553043178 0.62890238305675 0.23627362299607615 
0.06296344444444447 0.18147666666666668 0.5 0.5 0.5 0.5 0.5 0.5 0.5 0.5 0.5 0.5 0.9549542930008853 0.27984352232703047 0.09874158845582712 
0.018519000000000008 0.22592111111111113 0.5 0.5 0.5 0.5 0.5 0.5 0.5 0.5 0.5 0.5 0.9372928513562893 0.3473271453671794 0.029085475541637783 
0.018519000000000008 0.13703222222222222 0.5 0.5 0.5 0.5 0.5 0.5 0.5 0.5 0.5 0.5 0.9765097784557791 0.21350102503913626 0.029085475541637783 
0.21852 0.11481 0.5 0.5 0.5 0.5 0.5 0.5 0.5 0.5 0.5 0.5 0.926393970919238 0.16890389563705244 0.33654967639727956 
0. 0.36667000000000005 0.5 0.5 0.5 0.5 0.5 0.5 0.5 0.5 0.5 0.5 0.8386677074812516 0.5446434397182635 0. 
0.1333333333333333 0.36667000000000005 0.5 0.5 0.5 0.5 0.5 0.5 0.5 0.5 0.5 0.5 0.8203408048694536 0.532741673155856 0.2079116965185848 
0. 0.5000033333333334 0.5 0.5 0.5 0.5 0.5 0.5 0.5 0.5 0.5 0.5 0.7071030633199119 0.7071104990336352 0. 
0. 0.2333366666666667 0.5 0.5 0.5 0.5 0.5 0.5 0.5 0.5 0.5 0.5 0.9335785464189954 0.35837284727807667 0. 
0.1333333333333333 0.2333366666666667 0.5 0.5 0.5 0.5 0.5 0.5 0.5 0.5 0.5 0.5 0.9131776141450323 0.3505415402989357 0.2079116965185848 
0.1333333333333333 0.5000033333333334 0.5 0.5 0.5 0.5 0.5 0.5 0.5 0.5 0.5 0.5 0.6916511640010655 0.6916584372265946 0.2079116965185848 
0.2 0.56667 0.5 0.5 0.5 0.5 0.5 0.5 0.5 0.5 0.5 0.5 0.5985153687597747 0.739112877311201 0.3090170026893479 
0. 0.23334000000000002 0.5 0.5 0.5 0.5 0.5 0.5 0.5 0.5 0.5 0.5 0.9335766699703055 0.3583777354791384 0. 
0.1333333333333333 0.23334000000000002 0.5 0.5 0.5 0.5 0.5 0.5 0.5 0.5 0.5 0.5 0.9131757787012507 0.35054632168107025 0.2079116965185848 
0. 0.36667333333333335 0.5 0.5 0.5 0.5 0.5 0.5 0.5 0.5 0.5 0.5 0.8386648557232943 0.5446478309647674 0. 
0. 0.10000666666666667 0.5 0.5 0.5 0.5 0.5 0.5 0.5 0.5 0.5 0.5 0.9876867016792069 0.15644481239737307 0. 
0.1333333333333333 0.10000666666666667 0.5 0.5 0.5 0.5 0.5 0.5 0.5 0.5 0.5 0.5 0.9661033763273751 0.15302611770416913 0.2079116965185848 
0.1333333333333333 0.36667333333333335 0.5 0.5 0.5 0.5 0.5 0.5 0.5 0.5 0.5 0.5 0.8203380154292532 0.5327459684430828 0.2079116965185848 
0. 0.2733403 0.5 0.5 0.5 0.5 0.5 0.5 0.5 0.5 0.5 0.5 0.9092315485687849 0.4162907530647413 0. 
0. 0.10001000000000002 0.5 0.5 0.5 0.5 0.5 0.5 0.5 0.5 0.5 0.5 0.987685882522523 0.1564499839108492 0. 
0.1333333333333333 0.10001000000000002 0.5 0.5 0.5 0.5 0.5 0.5 0.5 0.5 0.5 0.5 0.966102575071231 0.1530311762076617 0.2079116965185848 
0. 0.23334333333333332 0.5 0.5 0.5 0.5 0.5 0.5 0.5 0.5 0.5 0.5 0.933574793496021 0.35838262367037504 0. 
0.1333333333333333 0.23334333333333332 0.5 0.5 0.5 0.5 0.5 0.5 0.5 0.5 0.5 0.5 0.9131739432324337 0.3505511030535944 0.2079116965185848 
0. 0.0550085 0.5 0.5 0.5 0.5 0.5 0.5 0.5 0.5 0.5 0.5 0.9962692241210267 0.08629967015746627 0. 
0.030000000000000006 0.0550085 0.5 0.5 0.5 0.5 0.5 0.5 0.5 0.5 0.5 0.5 0.9951632406491691 0.08620386672751978 0.04710645201952862 
0. 0.055009 0.5 0.5 0.5 0.5 0.5 0.5 0.5 0.5 0.5 0.5 0.9962691563411151 0.0863004526254803 0. 
0.1333333333333333 0.055009 0.5 0.5 0.5 0.5 0.5 0.5 0.5 0.5 0.5 0.5 0.9744982837529274 0.08441458057328063 0.2079116965185848 
0. 0.1883423333333333 0.5 0.5 0.5 0.5 0.5 0.5 0.5 0.5 0.5 0.5 0.956555410237242 0.2915505910573011 0. 
0.1333333333333333 0.1883423333333333 0.5 0.5 0.5 0.5 0.5 0.5 0.5 0.5 0.5 0.5 0.9356523783333955 0.28517951078193615 0.2079116965185848 
0. 0.157013 0.5 0.5 0.5 0.5 0.5 0.5 0.5 0.5 0.5 0.5 0.9697393388693175 0.24414261129368434 0. 
0.27777999999999997 0.38889 0.5 0.5 0.5 0.5 0.5 0.5 0.5 0.5 0.5 0.5 0.7424017477491704 0.5198372499863624 0.42262143635361576 
0.4111133333333333 0.38889 0.5 0.5 0.5 0.5 0.5 0.5 0.5 0.5 0.5 0.5 0.6542013737325987 0.45807845157896127 0.6018178252639265 
0.14444666666666667 0.38889 0.5 0.5 0.5 0.5 0.5 0.5 0.5 0.5 0.5 0.5 0.798155601151064 0.5588766648536552 0.2249544616877803 
0.27777999999999997 0.5222233333333334 0.5 0.5 0.5 0.5 0.5 0.5 0.5 0.5 0.5 0.5 0.6180982428836109 0.6628315650892007 0.42262143635361576 
0.27777999999999997 0.25555666666666665 0.5 0.5 0.5 0.5 0.5 0.5 0.5 0.5 0.5 0.5 0.8342587320000516 0.35412355134341567 0.42262143635361576 
0.14444666666666667 0.5222233333333334 0.5 0.5 0.5 0.5 0.5 0.5 0.5 0.5 0.5 0.5 0.6645169897766261 0.7126097532766251 0.2249544616877803 
0.14444666666666667 0.25555666666666665 0.5 0.5 0.5 0.5 0.5 0.5 0.5 0.5 0.5 0.5 0.8969109808453701 0.3807179830343677 0.2249544616877803 
0.4111133333333333 0.5222233333333334 0.5 0.5 0.5 0.5 0.5 0.5 0.5 0.5 0.5 0.5 0.5446656353141857 0.5840844552822756 0.6018178252639265 
0.4111133333333333 0.25555666666666665 0.5 0.5 0.5 0.5 0.5 0.5 0.5 0.5 0.5 0.5 0.7351453713269622 0.31205222032720875 0.6018178252639265 
0.31111333333333335 0.38889 0.5 0.5 0.5 0.5 0.5 0.5 0.5 0.5 0.5 0.5 0.72326608554925 0.5064382648077398 0.46947465685890943 
0.24444666666666667 0.38889 0.5 0.5 0.5 0.5 0.5 0.5 0.5 0.5 0.5 0.5 0.7595025382489982 0.5318113973169352 0.37460983980287804 
0.27778 0.42222333333333334 0.5 0.5 0.5 0.5 0.5 0.5 0.5 0.5 0.5 0.5 0.7141781315739966 0.5579791375274544 0.4226214363536159 
0.27778 0.3555566666666667 0.5 0.5 0.5 0.5 0.5 0.5 0.5 0.5 0.5 0.5 0.7685904922242515 0.4802705245972206 0.4226214363536159 
0.24444666666666667 0.42222333333333334 0.5 0.5 0.5 0.5 0.5 0.5 0.5 0.5 0.5 0.5 0.7306288075653086 0.5708318609525552 0.37460983980287804 
0.24444666666666667 0.3555566666666667 0.5 0.5 0.5 0.5 0.5 0.5 0.5 0.5 0.5 0.5 0.7862945251518882 0.49133327552591893 0.37460983980287804 
0.31111333333333335 0.42222333333333334 0.5 0.5 0.5 0.5 0.5 0.5 0.5 0.5 0.5 0.5 0.695769942857033 0.5435970319859467 0.46947465685890943 
0.31111333333333335 0.3555566666666667 0.5 0.5 0.5 0.5 0.5 0.5 0.5 0.5 0.5 0.5 0.748779806064279 0.46789138547054915 0.46947465685890943 
0.033333333333333326 0.055009 0.5 0.5 0.5 0.5 0.5 0.5 0.5 0.5 0.5 0.5 0.9949038040112882 0.08618218084791161 0.05233595769799332 
0. 0.08834233333333333 0.5 0.5 0.5 0.5 0.5 0.5 0.5 0.5 0.5 0.5 0.9903871871733634 0.13832288126999573 0. 
0. 0.02167566666666667 0.5 0.5 0.5 0.5 0.5 0.5 0.5 0.5 0.5 0.5 0.999420420849213 0.03404148042582752 0. 
0.033333333333333326 0.02167566666666667 0.5 0.5 0.5 0.5 0.5 0.5 0.5 0.5 0.5 0.5 0.9980507498206582 0.033994827757405206 0.05233595769799332 
0.033333333333333326 0.08834233333333333 0.5 0.5 0.5 0.5 0.5 0.5 0.5 0.5 0.5 0.5 0.989029895878304 0.13813331455802005 0.05233595769799332 
0. 0.021676 0.5 0.5 0.5 0.5 0.5 0.5 0.5 0.5 0.5 0.5 0.999420403024998 0.034042003721146075 0. 
0.1333333333333333 0.021676 0.5 0.5 0.5 0.5 0.5 0.5 0.5 0.5 0.5 0.5 0.9775806681322693 0.03329810422275999 0.2079116965185848 
0. 0.1550093333333333 0.5 0.5 0.5 0.5 0.5 0.5 0.5 0.5 0.5 0.5 0.9705029373857139 0.24108929575097507 0. 
0.1333333333333333 0.1550093333333333 0.5 0.5 0.5 0.5 0.5 0.5 0.5 0.5 0.5 0.5 0.9492951185329419 0.2358209159092797 0.2079116965185848 
0.2 0.132516 0.5 0.5 0.5 0.5 0.5 0.5 0.5 0.5 0.5 0.5 0.9305267449102753 0.19654126552858794 0.3090170026893479 
0.033333333333333326 0.021676000000000004 0.5 0.5 0.5 0.5 0.5 0.5 0.5 0.5 0.5 0.5 0.9980507320208708 0.03399535033556567 0.05233595769799332 
0. 0.055009333333333334 0.5 0.5 0.5 0.5 0.5 0.5 0.5 0.5 0.5 0.5 0.9962691111541659 0.08630097427079342 0. 
0.033333333333333326 0.055009333333333334 0.5 0.5 0.5 0.5 0.5 0.5 0.5 0.5 0.5 0.5 0.9949037588862661 0.08618270177832793 0.05233595769799332 
0.008333333333333331 0.021676 0.5 0.5 0.5 0.5 0.5 0.5 0.5 0.5 0.5 0.5 0.9993347802497188 0.034039087259939316 0.013089595935574813 
0. 0.03000933333333333 0.5 0.5 0.5 0.5 0.5 0.5 0.5 0.5 0.5 0.5 0.9988891841761716 0.047121096505305854 0. 
0. 0.013342666666666668 0.5 0.5 0.5 0.5 0.5 0.5 0.5 0.5 0.5 0.5 0.9997803763232659 0.02095707801457275 0. 
0.008333333333333331 0.013342666666666668 0.5 0.5 0.5 0.5 0.5 0.5 0.5 0.5 0.5 0.5 0.9996947227081991 0.020955282570757593 0.013089595935574813 
0.008333333333333331 0.03000933333333333 0.5 0.5 0.5 0.5 0.5 0.5 0.5 0.5 0.5 0.5 0.9988036069117023 0.047117059526428126 0.013089595935574813 
0.24445 0.35556 0.5 0.5 0.5 0.5 0.5 0.5 0.5 0.5 0.5 0.5 0.7862902891163841 0.4913363531179182 0.3746146945143204 
0.3777833333333333 0.35556 0.5 0.5 0.5 0.5 0.5 0.5 0.5 0.5 0.5 0.5 0.7030565149376827 0.43932530881625037 0.5592001518572631 
0.11111666666666668 0.35556 0.5 0.5 0.5 0.5 0.5 0.5 0.5 0.5 0.5 0.5 0.835159402715709 0.5218736399041772 0.1736567765124797 
0.24445 0.48889333333333335 0.5 0.5 0.5 0.5 0.5 0.5 0.5 0.5 0.5 0.5 0.6669533840886951 0.6440784223264897 0.3746146945143204 
0.24445 0.22222666666666668 0.5 0.5 0.5 0.5 0.5 0.5 0.5 0.5 0.5 0.5 0.8712625335646967 0.3171205263939378 0.3746146945143204 
0.11111666666666668 0.48889333333333335 0.5 0.5 0.5 0.5 0.5 0.5 0.5 0.5 0.5 0.5 0.7084055311438398 0.6841088564081808 0.1736567765124797 
0.11111666666666668 0.22222666666666668 0.5 0.5 0.5 0.5 0.5 0.5 0.5 0.5 0.5 0.5 0.9254127988254528 0.33683003984403864 0.1736567765124797 
0.3777833333333333 0.48889333333333335 0.5 0.5 0.5 0.5 0.5 0.5 0.5 0.5 0.5 0.5 0.5963521721351004 0.5758986689970395 0.5592001518572631 
0.3777833333333333 0.22222666666666668 0.5 0.5 0.5 0.5 0.5 0.5 0.5 0.5 0.5 0.5 0.779033912694176 0.2835513234587646 0.5592001518572631 
0.44445 0.15555999999999992 0.5 0.5 0.5 0.5 0.5 0.5 0.5 0.5 0.5 0.5 0.743282899326157 0.18532675788512165 0.6427943095431785 
0. 0.86667 0.5 0.5 0.5 0.5 0.5 0.5 0.5 0.5 0.5 0.5 0.2079065321904987 0.9781486972196616 0. 
0.1333333333333333 0.86667 0.5 0.5 0.5 0.5 0.5 0.5 0.5 0.5 0.5 0.5 0.20336327538709173 0.9567738001610401 0.2079116965185848 
0. 0.7333366666666666 0.5 0.5 0.5 0.5 0.5 0.5 0.5 0.5 0.5 0.5 0.4067318304734751 0.9135476003360177 0. 
0.1333333333333333 0.7333366666666666 0.5 0.5 0.5 0.5 0.5 0.5 0.5 0.5 0.5 0.5 0.3978437636268422 0.893584392317812 0.2079116965185848 
0.2 1. 0.5 0.5 0.5 0.5 0.5 0.5 0.5 0.5 0.5 0.5 4.157200217950513E-8 0.9510565135936402 0.3090170026893479 
0.26666 1. 0.5 0.5 0.5 0.5 0.5 0.5 0.5 0.5 0.5 0.5 3.993252775553338E-8 0.9135497121878322 0.40672708707624494 
0.3999933333333333 1. 0.5 0.5 0.5 0.5 0.5 0.5 0.5 0.5 0.5 0.5 3.536352596363385E-8 0.8090231393265107 0.5877767943992652 
0.13332666666666668 1. 0.5 0.5 0.5 0.5 0.5 0.5 0.5 0.5 0.5 0.5 4.275628637021199E-8 0.9781497767146791 0.20790145336919066 
0.26666 0.8666666666666667 0.5 0.5 0.5 0.5 0.5 0.5 0.5 0.5 0.5 0.5 0.18993763145513093 0.8935864663230344 0.40672708707624494 
0.13332666666666668 0.8666666666666667 0.5 0.5 0.5 0.5 0.5 0.5 0.5 0.5 0.5 0.5 0.203368737704065 0.9567748649560321 0.20790145336919066 
0.3999933333333333 0.8666666666666667 0.5 0.5 0.5 0.5 0.5 0.5 0.5 0.5 0.5 0.5 0.16820533882941824 0.7913440490425164 0.5877767943992652 
0.27777999999999997 0.35556 0.5 0.5 0.5 0.5 0.5 0.5 0.5 0.5 0.5 0.5 0.7685879775230595 0.4802745489211558 0.42262143635361576 
0.4111133333333333 0.35556 0.5 0.5 0.5 0.5 0.5 0.5 0.5 0.5 0.5 0.5 0.6772765719563287 0.42321596174256226 0.6018178252639265 
0.14444666666666667 0.35556 0.5 0.5 0.5 0.5 0.5 0.5 0.5 0.5 0.5 0.5 0.8263083985150592 0.5163428325349729 0.2249544616877803 
0.27777999999999997 0.48889333333333335 0.5 0.5 0.5 0.5 0.5 0.5 0.5 0.5 0.5 0.5 0.6519377889747984 0.6295778274693749 0.42262143635361576 
0.27777999999999997 0.22222666666666668 0.5 0.5 0.5 0.5 0.5 0.5 0.5 0.5 0.5 0.5 0.8516471814965895 0.30998096680816034 0.42262143635361576 
0.14444666666666667 0.48889333333333335 0.5 0.5 0.5 0.5 0.5 0.5 0.5 0.5 0.5 0.5 0.7008978621748633 0.6768586831573246 0.2249544616877803 
0.14444666666666667 0.22222666666666668 0.5 0.5 0.5 0.5 0.5 0.5 0.5 0.5 0.5 0.5 0.9156052907699789 0.3332603211916828 0.2249544616877803 
0.4111133333333333 0.48889333333333335 0.5 0.5 0.5 0.5 0.5 0.5 0.5 0.5 0.5 0.5 0.5744849044719705 0.5547813981456381 0.6018178252639265 
0.4111133333333333 0.22222666666666668 0.5 0.5 0.5 0.5 0.5 0.5 0.5 0.5 0.5 0.5 0.7504680016712518 0.2731539559701746 0.6018178252639265 
0.31111333333333335 0.35556 0.5 0.5 0.5 0.5 0.5 0.5 0.5 0.5 0.5 0.5 0.7487773561803812 0.46789530606614094 0.46947465685890943 
0.24444666666666667 0.35556 0.5 0.5 0.5 0.5 0.5 0.5 0.5 0.5 0.5 0.5 0.7862919525260236 0.49133739254780473 0.37460983980287804 
0.27778 0.3888933333333333 0.5 0.5 0.5 0.5 0.5 0.5 0.5 0.5 0.5 0.5 0.742399025877442 0.5198411371858059 0.4226214363536159 
0.27778 0.32222666666666666 0.5 0.5 0.5 0.5 0.5 0.5 0.5 0.5 0.5 0.5 0.7926702828289629 0.43939156142813973 0.4226214363536159 
0.24444666666666667 0.3888933333333333 0.5 0.5 0.5 0.5 0.5 0.5 0.5 0.5 0.5 0.5 0.7594997536805448 0.5318153740557469 0.37460983980287804 
0.24444666666666667 0.32222666666666666 0.5 0.5 0.5 0.5 0.5 0.5 0.5 0.5 0.5 0.5 0.8109289796641932 0.4495126893243977 0.37460983980287804 
0.31111333333333335 0.3888933333333333 0.5 0.5 0.5 0.5 0.5 0.5 0.5 0.5 0.5 0.5 0.723263433834708 0.5064420518132712 0.46947465685890943 
0.31111333333333335 0.32222666666666666 0.5 0.5 0.5 0.5 0.5 0.5 0.5 0.5 0.5 0.5 0.7722389317254424 0.42806609173672777 0.46947465685890943 
0.26778 0.40556 0.5 0.5 0.5 0.5 0.5 0.5 0.5 0.5 0.5 0.5 0.7337830660417557 0.5429788542650159 0.40833365745602096 
0.27778 0.40556 0.5 0.5 0.5 0.5 0.5 0.5 0.5 0.5 0.5 0.5 0.7285367693039398 0.5390967420663796 0.4226214363536159 
0.24445 0.32223 0.5 0.5 0.5 0.5 0.5 0.5 0.5 0.5 0.5 0.5 0.8109249104855006 0.44951598437433266 0.3746146945143204 
0.3777833333333333 0.32223 0.5 0.5 0.5 0.5 0.5 0.5 0.5 0.5 0.5 0.5 0.7250834066420732 0.40193188922395773 0.5592001518572631 
0.11111666666666668 0.32223 0.5 0.5 0.5 0.5 0.5 0.5 0.5 0.5 0.5 0.5 0.8613251025259908 0.4774540729011389 0.1736567765124797 
0.24445 0.45556333333333326 0.5 0.5 0.5 0.5 0.5 0.5 0.5 0.5 0.5 0.5 0.6997446236605429 0.6082937549507702 0.3746146945143204 
0.24445 0.18889666666666668 0.5 0.5 0.5 0.5 0.5 0.5 0.5 0.5 0.5 0.5 0.8866638855075212 0.2710922071743263 0.3746146945143204 
0.11111666666666668 0.45556333333333326 0.5 0.5 0.5 0.5 0.5 0.5 0.5 0.5 0.5 0.5 0.7432347951373044 0.6461001186105013 0.1736567765124797 
0.11111666666666668 0.18889666666666668 0.5 0.5 0.5 0.5 0.5 0.5 0.5 0.5 0.5 0.5 0.9417713677504721 0.2879409919700558 0.1736567765124797 
0.3777833333333333 0.45556333333333326 0.5 0.5 0.5 0.5 0.5 0.5 0.5 0.5 0.5 0.5 0.6256722526867471 0.5439020338082081 0.5592001518572631 
0.3777833333333333 0.18889666666666668 0.5 0.5 0.5 0.5 0.5 0.5 0.5 0.5 0.5 0.5 0.792804934633693 0.2423953914233515 0.5592001518572631 
0.2777833333333333 0.32223 0.5 0.5 0.5 0.5 0.5 0.5 0.5 0.5 0.5 0.5 0.7926660467773445 0.43939463899795905 0.42262618175667965 
0.21111666666666667 0.32223 0.5 0.5 0.5 0.5 0.5 0.5 0.5 0.5 0.5 0.5 0.8269610852570397 0.4584052376144526 0.3255764143763124 
0.24445 0.35556333333333334 0.5 0.5 0.5 0.5 0.5 0.5 0.5 0.5 0.5 0.5 0.7862877164744052 0.49134047011762405 0.3746146945143204 
0.24445 0.2888966666666667 0.5 0.5 0.5 0.5 0.5 0.5 0.5 0.5 0.5 0.5 0.833339415559979 0.4064594064947877 0.3746146945143204 
0.21111666666666667 0.35556333333333334 0.5 0.5 0.5 0.5 0.5 0.5 0.5 0.5 0.5 0.5 0.8018366866429859 0.5010568095089237 0.3255764143763124 
0.21111666666666667 0.2888966666666667 0.5 0.5 0.5 0.5 0.5 0.5 0.5 0.5 0.5 0.5 0.8498188408916431 0.41449720875712553 0.3255764143763124 
0.2777833333333333 0.35556333333333334 0.5 0.5 0.5 0.5 0.5 0.5 0.5 0.5 0.5 0.5 0.7685835862092391 0.4802774005754541 0.42262618175667965 
0.2777833333333333 0.2888966666666667 0.5 0.5 0.5 0.5 0.5 0.5 0.5 0.5 0.5 0.5 0.8145758646878836 0.39730752718990464 0.42262618175667965 
0.27777999999999997 0.32223 0.5 0.5 0.5 0.5 0.5 0.5 0.5 0.5 0.5 0.5 0.7926679821691973 0.43939571183412757 0.42262143635361576 
0.4111133333333333 0.32223 0.5 0.5 0.5 0.5 0.5 0.5 0.5 0.5 0.5 0.5 0.6984957732402044 0.38719369824438904 0.6018178252639265 
0.14444666666666667 0.32223 0.5 0.5 0.5 0.5 0.5 0.5 0.5 0.5 0.5 0.5 0.852196794713383 0.4723940232972864 0.2249544616877803 
0.27777999999999997 0.45556333333333326 0.5 0.5 0.5 0.5 0.5 0.5 0.5 0.5 0.5 0.5 0.683990776086369 0.5945988057195988 0.42262143635361576 
0.27777999999999997 0.18889666666666668 0.5 0.5 0.5 0.5 0.5 0.5 0.5 0.5 0.5 0.5 0.8667017918672184 0.2649889158220765 0.42262143635361576 
0.14444666666666667 0.45556333333333326 0.5 0.5 0.5 0.5 0.5 0.5 0.5 0.5 0.5 0.5 0.7353580062603088 0.6392527612733673 0.2249544616877803 
0.14444666666666667 0.18889666666666668 0.5 0.5 0.5 0.5 0.5 0.5 0.5 0.5 0.5 0.5 0.9317904918782661 0.2848893985602481 0.2249544616877803 
0.4111133333333333 0.45556333333333326 0.5 0.5 0.5 0.5 0.5 0.5 0.5 0.5 0.5 0.5 0.6027298651879137 0.5239580277132487 0.6018178252639265 
0.4111133333333333 0.18889666666666668 0.5 0.5 0.5 0.5 0.5 0.5 0.5 0.5 0.5 0.5 0.7637340625545055 0.2335071452623855 0.6018178252639265 
0.018519000000000008 0.44814 0.5 0.5 0.5 0.5 0.5 0.5 0.5 0.5 0.5 0.5 0.7619776770430482 0.6469498085636913 0.029085475541637783 
0.1518523333333333 0.44814 0.5 0.5 0.5 0.5 0.5 0.5 0.5 0.5 0.5 0.5 0.7407168459582935 0.6288985046809268 0.23627362299607615 
0.018519000000000008 0.5814733333333333 0.5 0.5 0.5 0.5 0.5 0.5 0.5 0.5 0.5 0.5 0.6108182034282006 0.7912364738011399 0.029085475541637783 
0.018519000000000008 0.3148066666666667 0.5 0.5 0.5 0.5 0.5 0.5 0.5 0.5 0.5 0.5 0.8798350679499021 0.474388330714519 0.029085475541637783 
0.1518523333333333 0.3148066666666667 0.5 0.5 0.5 0.5 0.5 0.5 0.5 0.5 0.5 0.5 0.8552857598458672 0.4611518666135761 0.23627362299607615 
0.1518523333333333 0.5814733333333333 0.5 0.5 0.5 0.5 0.5 0.5 0.5 0.5 0.5 0.5 0.593775049753442 0.7691592587797442 0.23627362299607615 
0.06296344444444447 0.3148066666666667 0.5 0.5 0.5 0.5 0.5 0.5 0.5 0.5 0.5 0.5 0.8759059806765809 0.47226985053485804 0.09874158845582712 
0.018519000000000008 0.35925111111111113 0.5 0.5 0.5 0.5 0.5 0.5 0.5 0.5 0.5 0.5 0.8446001757701291 0.5346069380410094 0.029085475541637783 
0.018519000000000008 0.2703622222222222 0.5 0.5 0.5 0.5 0.5 0.5 0.5 0.5 0.5 0.5 0.9107834918808682 0.4118585509975595 0.029085475541637783 
0. 0.60814 0.5 0.5 0.5 0.5 0.5 0.5 0.5 0.5 0.5 0.5 0.5773931453763654 0.81646626119662 0. 
0.24445 0.28890000000000005 0.5 0.5 0.5 0.5 0.5 0.5 0.5 0.5 0.5 0.5 0.8333372873320208 0.4064637698443139 0.3746146945143204 
0.3777833333333333 0.28890000000000005 0.5 0.5 0.5 0.5 0.5 0.5 0.5 0.5 0.5 0.5 0.7451232923882041 0.36343702247208787 0.5592001518572631 
0.11111666666666668 0.28890000000000005 0.5 0.5 0.5 0.5 0.5 0.5 0.5 0.5 0.5 0.5 0.8851304420038749 0.4317260990597158 0.1736567765124797 
0.24445 0.42223333333333335 0.5 0.5 0.5 0.5 0.5 0.5 0.5 0.5 0.5 0.5 0.7306182952343686 0.5708421299472977 0.3746146945143204 
0.24445 0.1555666666666667 0.5 0.5 0.5 0.5 0.5 0.5 0.5 0.5 0.5 0.5 0.8996354391577104 0.22432099158450594 0.3746146945143204 
0.11111666666666668 0.42223333333333335 0.5 0.5 0.5 0.5 0.5 0.5 0.5 0.5 0.5 0.5 0.7760273114231322 0.6063208192835536 0.1736567765124797 
0.11111666666666668 0.1555666666666667 0.5 0.5 0.5 0.5 0.5 0.5 0.5 0.5 0.5 0.5 0.9555491227968445 0.23826287560901258 0.1736567765124797 
0.3777833333333333 0.42223333333333335 0.5 0.5 0.5 0.5 0.5 0.5 0.5 0.5 0.5 0.5 0.6532777518776594 0.5104148989444619 0.5592001518572631 
0.3777833333333333 0.1555666666666667 0.5 0.5 0.5 0.5 0.5 0.5 0.5 0.5 0.5 0.5 0.804403367717329 0.2005752032725718 0.5592001518572631 
0.018519000000000008 0.5814699999999999 0.5 0.5 0.5 0.5 0.5 0.5 0.5 0.5 0.5 0.5 0.610822346324432 0.7912332755535705 0.029085475541637783 
0.1518523333333333 0.5814699999999999 0.5 0.5 0.5 0.5 0.5 0.5 0.5 0.5 0.5 0.5 0.5937790770538761 0.7691561497702238 0.23627362299607615 
0.018519000000000008 0.7148033333333333 0.5 0.5 0.5 0.5 0.5 0.5 0.5 0.5 0.5 0.5 0.4329677591293743 0.9009400394404751 0.029085475541637783 
0.018519000000000008 0.4481366666666666 0.5 0.5 0.5 0.5 0.5 0.5 0.5 0.5 0.5 0.5 0.7619810644539738 0.6469458188489247 0.029085475541637783 
0.1518523333333333 0.4481366666666666 0.5 0.5 0.5 0.5 0.5 0.5 0.5 0.5 0.5 0.5 0.7407201388531017 0.628894626287862 0.23627362299607615 
0.1518523333333333 0.7148033333333333 0.5 0.5 0.5 0.5 0.5 0.5 0.5 0.5 0.5 0.5 0.4208870188802418 0.8758018568228837 0.23627362299607615 
0.06296344444444447 0.4481366666666666 0.5 0.5 0.5 0.5 0.5 0.5 0.5 0.5 0.5 0.5 0.7585782788502652 0.6440567471626931 0.09874158845582712 
0.018519000000000008 0.4925811111111111 0.5 0.5 0.5 0.5 0.5 0.5 0.5 0.5 0.5 0.5 0.7149962564945511 0.6985230048547397 0.029085475541637783 
0.018519000000000008 0.40369222222222223 0.5 0.5 0.5 0.5 0.5 0.5 0.5 0.5 0.5 0.5 0.8052535770549213 0.5922167776690986 0.029085475541637783 
0.10592700000000001 0.78147 0.5 0.5 0.5 0.5 0.5 0.5 0.5 0.5 0.5 0.5 0.33191618052132615 0.9286552947129572 0.1656230440178091 
0.033333333333333326 0.86667 0.5 0.5 0.5 0.5 0.5 0.5 0.5 0.5 0.5 0.5 0.20762160349798045 0.9768081783506736 0.05233595769799332 
0. 0.9000033333333333 0.5 0.5 0.5 0.5 0.5 0.5 0.5 0.5 0.5 0.5 0.15642925465794516 0.9876891658245319 0. 
0. 0.8333366666666667 0.5 0.5 0.5 0.5 0.5 0.5 0.5 0.5 0.5 0.5 0.25881395233801596 0.9659271908768151 0. 
0.033333333333333326 0.8333366666666667 0.5 0.5 0.5 0.5 0.5 0.5 0.5 0.5 0.5 0.5 0.2584592567915692 0.9646034211584487 0.05233595769799332 
0.033333333333333326 0.9000033333333333 0.5 0.5 0.5 0.5 0.5 0.5 0.5 0.5 0.5 0.5 0.15621487378913987 0.9863355720741683 0.05233595769799332 
0. 0.91667 0.5 0.5 0.5 0.5 0.5 0.5 0.5 0.5 0.5 0.5 0.1305209612989553 0.9914455500235989 0. 
0.27777999999999997 0.61111 0.5 0.5 0.5 0.5 0.5 0.5 0.5 0.5 0.5 0.5 0.5198372175349495 0.7424017704719785 0.42262143635361576 
0.4111133333333333 0.61111 0.5 0.5 0.5 0.5 0.5 0.5 0.5 0.5 0.5 0.5 0.45807842298290935 0.654201393755844 0.6018178252639265 
0.14444666666666667 0.61111 0.5 0.5 0.5 0.5 0.5 0.5 0.5 0.5 0.5 0.5 0.5588766299651637 0.7981556255803391 0.2249544616877803 
0.27777999999999997 0.7444433333333333 0.5 0.5 0.5 0.5 0.5 0.5 0.5 0.5 0.5 0.5 0.35412351487680654 0.8342587474792834 0.42262143635361576 
0.27777999999999997 0.4777766666666666 0.5 0.5 0.5 0.5 0.5 0.5 0.5 0.5 0.5 0.5 0.6628315380712667 0.6180982718568994 0.42262143635361576 
0.14444666666666667 0.7444433333333333 0.5 0.5 0.5 0.5 0.5 0.5 0.5 0.5 0.5 0.5 0.38071794382914165 0.8969109974870816 0.2249544616877803 
0.14444666666666667 0.4777766666666666 0.5 0.5 0.5 0.5 0.5 0.5 0.5 0.5 0.5 0.5 0.7126097242296631 0.6645170209257883 0.2249544616877803 
0.4111133333333333 0.7444433333333333 0.5 0.5 0.5 0.5 0.5 0.5 0.5 0.5 0.5 0.5 0.3120521881929824 0.7351453849671978 0.6018178252639265 
0.4111133333333333 0.4777766666666666 0.5 0.5 0.5 0.5 0.5 0.5 0.5 0.5 0.5 0.5 0.584084431474183 0.5446656608453286 0.6018178252639265 
0.27778 0.45111 0.5 0.5 0.5 0.5 0.5 0.5 0.5 0.5 0.5 0.5 0.6881333920869317 0.5897995898856999 0.4226214363536159 
0.31111333333333335 0.61111 0.5 0.5 0.5 0.5 0.5 0.5 0.5 0.5 0.5 0.5 0.5064382331927733 0.7232661076863698 0.46947465685890943 
0.24444666666666667 0.61111 0.5 0.5 0.5 0.5 0.5 0.5 0.5 0.5 0.5 0.5 0.531811364118023 0.7595025614952129 0.37460983980287804 
0.27778 0.6444433333333333 0.5 0.5 0.5 0.5 0.5 0.5 0.5 0.5 0.5 0.5 0.48027049100106156 0.7685905132175429 0.4226214363536159 
0.27778 0.5777766666666667 0.5 0.5 0.5 0.5 0.5 0.5 0.5 0.5 0.5 0.5 0.5579791063097349 0.7141781559640397 0.4226214363536159 
0.24444666666666667 0.6444433333333333 0.5 0.5 0.5 0.5 0.5 0.5 0.5 0.5 0.5 0.5 0.491333241155892 0.7862945466287479 0.37460983980287804 
0.24444666666666667 0.5777766666666667 0.5 0.5 0.5 0.5 0.5 0.5 0.5 0.5 0.5 0.5 0.5708318290157538 0.730628832517162 0.37460983980287804 
0.31111333333333335 0.6444433333333333 0.5 0.5 0.5 0.5 0.5 0.5 0.5 0.5 0.5 0.5 0.4678913527403427 0.748779826516461 0.46947465685890943 
0.31111333333333335 0.5777766666666667 0.5 0.5 0.5 0.5 0.5 0.5 0.5 0.5 0.5 0.5 0.5435970015728747 0.6957699666184142 0.46947465685890943 
