0.5 0.5 0.5 0.5 0.5 0.5 0.5 0.5 0.5 0.5 0.5 0.5 0.49999997814430497 0.4999999999999995 0.7071067966408575
0.8333333333333333 0.5 0.5 0.5 0.5 0.5 0.5 0.5 0.5 0.5 0.5 0.5 0.18301267301282126 0.18301268101255974 0.9659258357168511
0.16666666666666669 0.5 0.5 0.5 0.5 0.5 0.5 0.5 0.5 0.5 0.5 0.5 0.6830126856312119 0.6830127154866464 0.2588190521395142
0.5 0.8333333333333333 0.5 0.5 0.5 0.5 0.5 0.5 0.5 0.5 0.5 0.5 0.18301267301282123 0.6830126936309509 0.7071067966408575
0.5 0.16666666666666669 0.5 0.5 0.5 0.5 0.5 0.5 0.5 0.5 0.5 0.5 0.6830126856312119 0.18301270286825516 0.7071067966408575
0.16666666666666669 0.8333333333333333 0.5 0.5 0.5 0.5 0.5 0.5 0.5 0.5 0.5 0.5 0.2499999655259137 0.9330127091774502 0.2588190521395142
0.16666666666666669 0.16666666666666669 0.5 0.5 0.5 0.5 0.5 0.5 0.5 0.5 0.5 0.5 0.9330126982496033 0.2500000063091957 0.2588190521395142
0.8333333333333333 0.8333333333333333 0.5 0.5 0.5 0.5 0.5 0.5 0.5 0.5 0.5 0.5 0.06698727989470278 0.2499999684540211 0.9659258357168511
0.8333333333333333 0.16666666666666669 0.5 0.5 0.5 0.5 0.5 0.5 0.5 0.5 0.5 0.5 0.24999996552591372 0.0669872908225488 0.9659258357168511
0.6 0.5 0.5 0.5 0.5 0.5 0.5 0.5 0.5 0.5 0.5 0.5 0.4156269136902785 0.415626931857909 0.8090170097906934
0.9 0.5 0.5 0.5 0.5 0.5 0.5 0.5 0.5 0.5 0.5 0.5 0.1106158411483754 0.11061584598354768 0.987688346749308
1. 0.5 0.5 0.5 0.5 0.5 0.5 0.5 0.5 0.5 0.5 0.5 3.090861960987881E-8 3.090862096093757E-8 0.999999999999999
1. 0.9 0.5 0.5 0.5 0.5 0.5 0.5 0.5 0.5 0.5 0.5 6.8379662126608394E-9 4.317323052505572E-8 0.999999999999999
0. 0.5 0.5 0.5 0.5 0.5 0.5 0.5 0.5 0.5 0.5 0.5 0.7071067657322372 0.7071067966408575 0.
1. 0. 0.5 0.5 0.5 0.5 0.5 0.5 0.5 0.5 0.5 0.5 4.371139000186444E-8 0. 0.999999999999999
0. 0. 0.5 0.5 0.5 0.5 0.5 0.5 0.5 0.5 0.5 0.5 1. 0. 0.
0.4 0.5 0.5 0.5 0.5 0.5 0.5 0.5 0.5 0.5 0.5 0.5 0.5720613830478322 0.572061408053431 0.587785266437776
0.09999999999999998 0.5 0.5 0.5 0.5 0.5 0.5 0.5 0.5 0.5 0.5 0.5 0.6984011075861508 0.6984011381142348 0.15643446935755387
0. 1. 0.5 0.5 0.5 0.5 0.5 0.5 0.5 0.5 0.5 0.5 4.371139000186444E-8 0.999999999999999 0.
0.8 0.5 0.5 0.5 0.5 0.5 0.5 0.5 0.5 0.5 0.5 0.5 0.21850798393209062 0.21850799348337852 0.9510565271012029
0. 0.9 0.5 0.5 0.5 0.5 0.5 0.5 0.5 0.5 0.5 0.5 0.15643442618432352 0.987688346749308 0.
0. 0.09999999999999998 0.5 0.5 0.5 0.5 0.5 0.5 0.5 0.5 0.5 0.5 0.987688339911341 0.15643446935755387 0.
0. 0.7 0.5 0.5 0.5 0.5 0.5 0.5 0.5 0.5 0.5 0.5 0.453990472476553 0.8910065380795565 0.
0. 0.3 0.5 0.5 0.5 0.5 0.5 0.5 0.5 0.5 0.5 0.5 0.8910065182350011 0.45399051142368685 0.
0.2 0.5 0.5 0.5 0.5 0.5 0.5 0.5 0.5 0.5 0.5 0.5 0.672498495355777 0.6724985247516216 0.3090170026893479
0. 0.6 0.5 0.5 0.5 0.5 0.5 0.5 0.5 0.5 0.5 0.5 0.5877852310745185 0.8090170097906934 0.
0. 0.4 0.5 0.5 0.5 0.5 0.5 0.5 0.5 0.5 0.5 0.5 0.8090169840977831 0.587785266437776 0.
0. 0.55 0.5 0.5 0.5 0.5 0.5 0.5 0.5 0.5 0.5 0.5 0.6494480300490625 0.760405981213583 0.
0. 0.45 0.5 0.5 0.5 0.5 0.5 0.5 0.5 0.5 0.5 0.5 0.7604059528253062 0.6494480632874643 0.
0.05 0.5 0.5 0.5 0.5 0.5 0.5 0.5 0.5 0.5 0.5 0.5 0.7049269914371843 0.7049270222505236 0.07845909790667706
0. 0.525 0.5 0.5 0.5 0.5 0.5 0.5 0.5 0.5 0.5 0.5 0.6788007286813563 0.7343225250131306 0.
0. 0.475 0.5 0.5 0.5 0.5 0.5 0.5 0.5 0.5 0.5 0.5 0.7343224953418064 0.6788007607796139 0.
0. 0.5125 0.5 0.5 0.5 0.5 0.5 0.5 0.5 0.5 0.5 0.5 0.6930873463970105 0.7208536122295222 0.
0. 0.4875 0.5 0.5 0.5 0.5 0.5 0.5 0.5 0.5 0.5 0.5 0.7208535819337103 0.6930873779065232 0.
0.005859375 0.5 0.5 0.5 0.5 0.5 0.5 0.5 0.5 0.5 0.5 0.5 0.7070768159066984 0.7070768468140095 0.009203755038170397
0.4 0. 0.5 0.5 0.5 0.5 0.5 0.5 0.5 0.5 0.5 0.5 0.8090169840977831 0. 0.587785266437776
0. 0.2 0.5 0.5 0.5 0.5 0.5 0.5 0.5 0.5 0.5 0.5 0.9510565135936411 0.3090170026893479 0.
0.2 0. 0.5 0.5 0.5 0.5 0.5 0.5 0.5 0.5 0.5 0.5 0.9510565135936411 0. 0.3090170026893479
0.1 0.1 0.5 0.5 0.5 0.5 0.5 0.5 0.5 0.5 0.5 0.5 0.9755282567968205 0.15450850134467395 0.1564344693575539
0.13919273333333332 0.5 0.5 0.5 0.5 0.5 0.5 0.5 0.5 0.5 0.5 0.5 0.6902723870249771 0.6902724171977432 0.21690555955720683
0.005859400000000015 0.6333333333333333 0.5 0.5 0.5 0.5 0.5 0.5 0.5 0.5 0.5 0.5 0.5446159431698752 0.8386350604497481 0.009203794306416381
0.005859400000000015 0.36666666666666664 0.5 0.5 0.5 0.5 0.5 0.5 0.5 0.5 0.5 0.5 0.8386350366438274 0.5446159798277788 0.009203794306416381
0.13919273333333332 0.36666666666666664 0.5 0.5 0.5 0.5 0.5 0.5 0.5 0.5 0.5 0.5 0.8187039877044093 0.5316726048519648 0.21690555955720683
0.13919273333333332 0.6333333333333333 0.5 0.5 0.5 0.5 0.5 0.5 0.5 0.5 0.5 0.5 0.5316725690652749 0.8187040109445571 0.21690555955720683
0. 0.41999999999999993 0.5 0.5 0.5 0.5 0.5 0.5 0.5 0.5 0.5 0.5 0.7901550011234622 0.6129070681592613 0.
0.005859400000000015 0.63333 0.5 0.5 0.5 0.5 0.5 0.5 0.5 0.5 0.5 0.5 0.5446203342454402 0.8386322088357627 0.009203794306416381
0.13919273333333332 0.63333 0.5 0.5 0.5 0.5 0.5 0.5 0.5 0.5 0.5 0.5 0.5316768557822833 0.8187012271021952 0.21690555955720683
0.005859400000000015 0.7666633333333334 0.5 0.5 0.5 0.5 0.5 0.5 0.5 0.5 0.5 0.5 0.35835762729890636 0.9335390196060706 0.009203794306416381
0.005859400000000015 0.49999666666666664 0.5 0.5 0.5 0.5 0.5 0.5 0.5 0.5 0.5 0.5 0.7070805178872495 0.7070731443030942 0.009203794306416381
0.13919273333333332 0.49999666666666664 0.5 0.5 0.5 0.5 0.5 0.5 0.5 0.5 0.5 0.5 0.6902760012735403 0.6902688029304138 0.21690555955720683
0.13919273333333332 0.7666633333333334 0.5 0.5 0.5 0.5 0.5 0.5 0.5 0.5 0.5 0.5 0.34984087913621104 0.9113524771011368 0.21690555955720683
0.005859400000000015 0.76666 0.5 0.5 0.5 0.5 0.5 0.5 0.5 0.5 0.5 0.5 0.3583625152930065 0.9335371432370728 0.009203794306416381
0.13919273333333332 0.76666 0.5 0.5 0.5 0.5 0.5 0.5 0.5 0.5 0.5 0.5 0.34984565096195974 0.9113506453260335 0.21690555955720683
0.005859400000000015 0.8999933333333333 0.5 0.5 0.5 0.5 0.5 0.5 0.5 0.5 0.5 0.5 0.15643814287900806 0.9876448742452584 0.009203794306416381
0.005859400000000015 0.6333266666666667 0.5 0.5 0.5 0.5 0.5 0.5 0.5 0.5 0.5 0.5 0.5446247253060739 0.838629357198786 0.009203794306416381
0.13919273333333332 0.6333266666666667 0.5 0.5 0.5 0.5 0.5 0.5 0.5 0.5 0.5 0.5 0.5316811424847152 0.8186984432373882 0.21690555955720683
0.13919273333333332 0.8999933333333333 0.5 0.5 0.5 0.5 0.5 0.5 0.5 0.5 0.5 0.5 0.1527202248986299 0.9641724488596876 0.21690555955720683
0.005859400000000015 0.8999900000000001 0.5 0.5 0.5 0.5 0.5 0.5 0.5 0.5 0.5 0.5 0.15644331417347612 0.9876440551234965 0.009203794306416381
0.13919273333333332 0.8999900000000001 0.5 0.5 0.5 0.5 0.5 0.5 0.5 0.5 0.5 0.5 0.1527252732918136 0.964171649205221 0.21690555955720683
0.005859400000000015 0.7666566666666667 0.5 0.5 0.5 0.5 0.5 0.5 0.5 0.5 0.5 0.5 0.3583674032772819 0.9335352668424816 0.009203794306416381
0.13919273333333332 0.7666566666666667 0.5 0.5 0.5 0.5 0.5 0.5 0.5 0.5 0.5 0.5 0.3498504227781173 0.911348813525945 0.21690555955720683
0. 0.7199840000000002 0.5 0.5 0.5 0.5 0.5 0.5 0.5 0.5 0.5 0.5 0.4258020037388343 0.904816364580125 0.
0.03919273333333333 0.8999900000000001 0.5 0.5 0.5 0.5 0.5 0.5 0.5 0.5 0.5 0.5 0.15615355376015397 0.9858147653827384 0.06152492179150892
0.005859400000000001 0.9333233333333333 0.5 0.5 0.5 0.5 0.5 0.5 0.5 0.5 0.5 0.5 0.10453961654697468 0.9944781338685013 0.009203794306416359
0.005859400000000001 0.8666566666666667 0.5 0.5 0.5 0.5 0.5 0.5 0.5 0.5 0.5 0.5 0.2079182115262103 0.9781029125230675 0.009203794306416359
0.03919273333333333 0.8666566666666667 0.5 0.5 0.5 0.5 0.5 0.5 0.5 0.5 0.5 0.5 0.20753311058899648 0.9762912946491964 0.06152492179150892
0.03919273333333333 0.9333233333333333 0.5 0.5 0.5 0.5 0.5 0.5 0.5 0.5 0.5 0.5 0.10434599087074027 0.9926361862171619 0.06152492179150892
0. 0.94999 0.5 0.5 0.5 0.5 0.5 0.5 0.5 0.5 0.5 0.5 0.07847471386170092 0.996916104436238 0.
0.044687199999999996 0.94999 0.5 0.5 0.5 0.5 0.5 0.5 0.5 0.5 0.5 0.5 0.07828146031213237 0.9944610769971591 0.07013686127173414
0.0335154 0.94999 0.5 0.5 0.5 0.5 0.5 0.5 0.5 0.5 0.5 0.5 0.07836598920928091 0.9955349033892644 0.052621553274098856
0.005859400000000015 0.93332 0.5 0.5 0.5 0.5 0.5 0.5 0.5 0.5 0.5 0.5 0.10454482362101909 0.9944775864867017 0.009203794306416381
0.13919273333333332 0.93332 0.5 0.5 0.5 0.5 0.5 0.5 0.5 0.5 0.5 0.5 0.10206020527703459 0.9708427744655591 0.21690555955720683
0.005859400000000015 0.7999866666666666 0.5 0.5 0.5 0.5 0.5 0.5 0.5 0.5 0.5 0.5 0.3090237904235146 0.9510097723591745 0.009203794306416381
0.13919273333333332 0.7999866666666666 0.5 0.5 0.5 0.5 0.5 0.5 0.5 0.5 0.5 0.5 0.3016795130904041 0.928408018930638 0.21690555955720683
0.03919273333333333 0.9333199999999999 0.5 0.5 0.5 0.5 0.5 0.5 0.5 0.5 0.5 0.5 0.10435118830037172 0.9926356398492092 0.06152492179150892
0.005859400000000001 0.9666533333333333 0.5 0.5 0.5 0.5 0.5 0.5 0.5 0.5 0.5 0.5 0.05235461166771459 0.9985861429078055 0.009203794306416359
0.005859400000000001 0.8999866666666667 0.5 0.5 0.5 0.5 0.5 0.5 0.5 0.5 0.5 0.5 0.15644848546365564 0.9876432359746578 0.009203794306416359
0.03919273333333333 0.8999866666666667 0.5 0.5 0.5 0.5 0.5 0.5 0.5 0.5 0.5 0.5 0.1561587154721985 0.9858139477511066 0.06152492179150892
0.03919273333333333 0.9666533333333333 0.5 0.5 0.5 0.5 0.5 0.5 0.5 0.5 0.5 0.5 0.05225764175886098 0.9967365865043538 0.06152492179150892
0.005859400000000015 0.96665 0.5 0.5 0.5 0.5 0.5 0.5 0.5 0.5 0.5 0.5 0.052359840251959965 0.9985858687660037 0.009203794306416381
0.13919273333333332 0.96665 0.5 0.5 0.5 0.5 0.5 0.5 0.5 0.5 0.5 0.5 0.05111545325055551 0.9748534190698442 0.21690555955720683
0.005859400000000015 0.8333166666666667 0.5 0.5 0.5 0.5 0.5 0.5 0.5 0.5 0.5 0.5 0.2588333341484378 0.9658781472338881 0.009203794306416381
0.13919273333333332 0.8333166666666667 0.5 0.5 0.5 0.5 0.5 0.5 0.5 0.5 0.5 0.5 0.2526818861112671 0.9429230311453993 0.21690555955720683
0.03919273333333333 0.96665 0.5 0.5 0.5 0.5 0.5 0.5 0.5 0.5 0.5 0.5 0.05226286065885274 0.9967363128703107 0.06152492179150892
0.005859400000000001 0.9999833333333333 0.5 0.5 0.5 0.5 0.5 0.5 0.5 0.5 0.5 0.5 0.000026135121094348717 0.9999576438466384 0.009203794306416359
0.005859400000000001 0.9333166666666667 0.5 0.5 0.5 0.5 0.5 0.5 0.5 0.5 0.5 0.5 0.10455003069219734 0.994477039077638 0.009203794306416359
0.03919273333333333 0.9333166666666667 0.5 0.5 0.5 0.5 0.5 0.5 0.5 0.5 0.5 0.5 0.10435638572714231 0.992635093454043 0.06152492179150892
0.03919273333333333 0.9999833333333333 0.5 0.5 0.5 0.5 0.5 0.5 0.5 0.5 0.5 0.5 0.000026086714273446637 0.9981055471832786 0.06152492179150892
0.13919273333333332 0.9999800000000001 0.5 0.5 0.5 0.5 0.5 0.5 0.5 0.5 0.5 0.5 0.000030625324893311296 0.9761925923173482 0.21690555955720683
0.005859400000000015 0.8666466666666667 0.5 0.5 0.5 0.5 0.5 0.5 0.5 0.5 0.5 0.5 0.20793357550560876 0.9780996464306786 0.009203794306416381
0.13919273333333332 0.8666466666666667 0.5 0.5 0.5 0.5 0.5 0.5 0.5 0.5 0.5 0.5 0.2029918140856043 0.9548540734831739 0.21690555955720683
0. 0.9199720000000001 0.5 0.5 0.5 0.5 0.5 0.5 0.5 0.5 0.5 0.5 0.12537682903072558 0.992109192953175 0.
0. 0.9399740000000001 0.5 0.5 0.5 0.5 0.5 0.5 0.5 0.5 0.5 0.5 0.09414893178695864 0.9955581241913375 0.
0.005859400000000001 0.9666466666666667 0.5 0.5 0.5 0.5 0.5 0.5 0.5 0.5 0.5 0.5 0.05236506883476987 0.9985855945968253 0.009203794306416359
0.03919273333333333 0.9666466666666667 0.5 0.5 0.5 0.5 0.5 0.5 0.5 0.5 0.5 0.5 0.05226807955741168 0.9967360392089416 0.06152492179150892
0.014192733333333332 0.9999800000000001 0.5 0.5 0.5 0.5 0.5 0.5 0.5 0.5 0.5 0.5 0.00003136442006423405 0.9997515009456087 0.022292047310098408
0.005859400000000001 0.9916466666666667 0.5 0.5 0.5 0.5 0.5 0.5 0.5 0.5 0.5 0.5 0.01312040970827048 0.9998715642618567 0.009203794306416359
0.014192733333333332 0.9916466666666667 0.5 0.5 0.5 0.5 0.5 0.5 0.5 0.5 0.5 0.5 0.013117704916360811 0.9996654392567803 0.022292047310098408
0.039193000000000006 0.93332 0.5 0.5 0.5 0.5 0.5 0.5 0.5 0.5 0.5 0.5 0.10435118560597155 0.9926356142188577 0.06152533987698926
0.1725263333333333 0.93332 0.5 0.5 0.5 0.5 0.5 0.5 0.5 0.5 0.5 0.5 0.10073348463624292 0.9582224084340522 0.26769867584260515
0.039193000000000006 0.7999866666666666 0.5 0.5 0.5 0.5 0.5 0.5 0.5 0.5 0.5 0.5 0.30845141628477196 0.9492483112152158 0.06152533987698926
0.1725263333333333 0.7999866666666666 0.5 0.5 0.5 0.5 0.5 0.5 0.5 0.5 0.5 0.5 0.2977578627680812 0.9163392789310629 0.26769867584260515
0. 0.9866560000000001 0.5 0.5 0.5 0.5 0.5 0.5 0.5 0.5 0.5 0.5 0.020959128247920497 0.9997803333448239 0.
0.19135200000000002 1. 0.5 0.5 0.5 0.5 0.5 0.5 0.5 0.5 0.5 0.5 4.175165098628619E-8 0.9551663990668178 0.2960695021337506
0.039193000000000006 0.96665 0.5 0.5 0.5 0.5 0.5 0.5 0.5 0.5 0.5 0.5 0.05226285930939939 0.9967362871340778 0.06152533987698926
0.1725263333333333 0.96665 0.5 0.5 0.5 0.5 0.5 0.5 0.5 0.5 0.5 0.5 0.05045098342407561 0.9621809170959791 0.26769867584260515
0.039193000000000006 0.8333166666666667 0.5 0.5 0.5 0.5 0.5 0.5 0.5 0.5 0.5 0.5 0.25835392281732944 0.9640891468727973 0.06152533987698926
0.1725263333333333 0.8333166666666667 0.5 0.5 0.5 0.5 0.5 0.5 0.5 0.5 0.5 0.5 0.24939717516101953 0.9306656048086335 0.26769867584260515
0.011959500000000001 0.976665 0.5 0.5 0.5 0.5 0.5 0.5 0.5 0.5 0.5 0.5 0.03663981602207768 0.9991519673623531 0.01878483425020196
0.05979750000000001 0.976665 0.5 0.5 0.5 0.5 0.5 0.5 0.5 0.5 0.5 0.5 0.03648473991710264 0.994923108918213 0.09379163658716617
0.0358785 1. 0.5 0.5 0.5 0.5 0.5 0.5 0.5 0.5 0.5 0.5 4.364199023657148E-8 0.9984123184989075 0.05632798833292314
0.0597975 1. 0.5 0.5 0.5 0.5 0.5 0.5 0.5 0.5 0.5 0.5 4.3518703574801947E-8 0.9955918485535621 0.09379163658716616
0.3333333333333333 0.5 0.5 0.5 0.5 0.5 0.5 0.5 0.5 0.5 0.5 0.5 0.6123724171605325 0.6123724439281827 0.5000000126183913
0.06666666666666668 0.5 0.5 0.5 0.5 0.5 0.5 0.5 0.5 0.5 0.5 0.5 0.7032331606683655 0.7032331914076652 0.10452846616578244
0.2 0.6333333333333333 0.5 0.5 0.5 0.5 0.5 0.5 0.5 0.5 0.5 0.5 0.5179824797270939 0.7976231207435391 0.3090170026893479
0.2 0.36666666666666664 0.5 0.5 0.5 0.5 0.5 0.5 0.5 0.5 0.5 0.5 0.7976230981018042 0.5179825145923086 0.3090170026893479
0.06666666666666668 0.6333333333333333 0.5 0.5 0.5 0.5 0.5 0.5 0.5 0.5 0.5 0.5 0.541655422138325 0.8340762575623298 0.10452846616578244
0.06666666666666668 0.36666666666666664 0.5 0.5 0.5 0.5 0.5 0.5 0.5 0.5 0.5 0.5 0.8340762338858176 0.541655458596957 0.10452846616578244
0.3333333333333333 0.6333333333333333 0.5 0.5 0.5 0.5 0.5 0.5 0.5 0.5 0.5 0.5 0.47167121614075463 0.7263100241948406 0.5000000126183913
0.3333333333333333 0.36666666666666664 0.5 0.5 0.5 0.5 0.5 0.5 0.5 0.5 0.5 0.5 0.7263100035774355 0.4716712478887749 0.5000000126183913
0.1333333333333333 0. 0.5 0.5 0.5 0.5 0.5 0.5 0.5 0.5 0.5 0.5 0.9781475995220578 0. 0.2079116965185848
0. 0.1333333333333333 0.5 0.5 0.5 0.5 0.5 0.5 0.5 0.5 0.5 0.5 0.9781475995220578 0.2079116965185848 0.
0.1333333333333333 0.1333333333333333 0.5 0.5 0.5 0.5 0.5 0.5 0.5 0.5 0.5 0.5 0.9567727264507639 0.2033683268622123 0.2079116965185848
0.033333333333333326 0. 0.5 0.5 0.5 0.5 0.5 0.5 0.5 0.5 0.5 0.5 0.9986295346783179 0. 0.05233595769799332
0. 0.033333333333333326 0.5 0.5 0.5 0.5 0.5 0.5 0.5 0.5 0.5 0.5 0.9986295346783179 0.05233595769799332 0.
0.033333333333333326 0.033333333333333326 0.5 0.5 0.5 0.5 0.5 0.5 0.5 0.5 0.5 0.5 0.9972609475318338 0.0522642330828912 0.05233595769799332
0.020000000000000004 0.020000000000000004 0.5 0.5 0.5 0.5 0.5 0.5 0.5 0.5 0.5 0.5 0.9990133641592425 0.0313952606371594 0.031410759951924716
0.05 0.04000000000000001 0.5 0.5 0.5 0.5 0.5 0.5 0.5 0.5 0.5 0.5 0.9949501448185216 0.06259695904173997 0.07845909790667706
0.15333333333333332 0.020000000000000018 0.5 0.5 0.5 0.5 0.5 0.5 0.5 0.5 0.5 0.5 0.9706550821411035 0.030504065697108926 0.23853346408752402
0.020000000000000018 0.15333333333333332 0.5 0.5 0.5 0.5 0.5 0.5 0.5 0.5 0.5 0.5 0.9706550821411034 0.23841576221569372 0.031410759951924744
0.15333333333333332 0.15333333333333332 0.5 0.5 0.5 0.5 0.5 0.5 0.5 0.5 0.5 0.5 0.9431017865104059 0.23164802349963334 0.23853346408752402
0.020000000000000018 0.15332999999999997 0.5 0.5 0.5 0.5 0.5 0.5 0.5 0.5 0.5 0.5 0.9706563304698445 0.23841067987415873 0.031410759951924744
0.15333333333333332 0.15332999999999997 0.5 0.5 0.5 0.5 0.5 0.5 0.5 0.5 0.5 0.5 0.9431029994037265 0.23164308542691373 0.23853346408752402
0.020000000000000018 0.28666333333333327 0.5 0.5 0.5 0.5 0.5 0.5 0.5 0.5 0.5 0.5 0.899876790689182 0.4350116386238196 0.031410759951924744
0.020000000000000018 0.019996666666666666 0.5 0.5 0.5 0.5 0.5 0.5 0.5 0.5 0.5 0.5 0.9990135285307531 0.0313900298148407 0.031410759951924744
0.15333333333333332 0.019996666666666666 0.5 0.5 0.5 0.5 0.5 0.5 0.5 0.5 0.5 0.5 0.9706552418467169 0.030498983358423975 0.23853346408752402
0.15333333333333332 0.28666333333333327 0.5 0.5 0.5 0.5 0.5 0.5 0.5 0.5 0.5 0.5 0.8743326280908987 0.4226632725540133 0.23853346408752402
0.008333333333333331 0. 0.5 0.5 0.5 0.5 0.5 0.5 0.5 0.5 0.5 0.5 0.999914327569239 0. 0.013089595935574813
0. 0.008333333333333331 0.5 0.5 0.5 0.5 0.5 0.5 0.5 0.5 0.5 0.5 0.999914327569239 0.013089595935574813 0.
0.008333333333333331 0.008333333333333331 0.5 0.5 0.5 0.5 0.5 0.5 0.5 0.5 0.5 0.5 0.9998286624782434 0.013088474518073333 0.013089595935574813
0.2 0.36667000000000005 0.5 0.5 0.5 0.5 0.5 0.5 0.5 0.5 0.5 0.5 0.7976203859406908 0.5179866909301001 0.3090170026893479
0.3333333333333333 0.36667000000000005 0.5 0.5 0.5 0.5 0.5 0.5 0.5 0.5 0.5 0.5 0.7263075339025318 0.471675050832701 0.5000000126183913
0.06666666666666668 0.36667000000000005 0.5 0.5 0.5 0.5 0.5 0.5 0.5 0.5 0.5 0.5 0.8340733977729561 0.5416598258026019 0.10452846616578244
0.2 0.5000033333333334 0.5 0.5 0.5 0.5 0.5 0.5 0.5 0.5 0.5 0.5 0.6724949741524191 0.6725020459363888 0.3090170026893479
0.2 0.2333366666666667 0.5 0.5 0.5 0.5 0.5 0.5 0.5 0.5 0.5 0.5 0.887885957523069 0.340832830698914 0.3090170026893479
0.06666666666666668 0.5000033333333334 0.5 0.5 0.5 0.5 0.5 0.5 0.5 0.5 0.5 0.5 0.7032294785382435 0.7032368735183466 0.10452846616578244
0.06666666666666668 0.2333366666666667 0.5 0.5 0.5 0.5 0.5 0.5 0.5 0.5 0.5 0.5 0.9284643051754036 0.3564096432143552 0.10452846616578244
0.3333333333333333 0.5000033333333334 0.5 0.5 0.5 0.5 0.5 0.5 0.5 0.5 0.5 0.5 0.6123692107774305 0.6123756502943559 0.5000000126183913
0.3333333333333333 0.2333366666666667 0.5 0.5 0.5 0.5 0.5 0.5 0.5 0.5 0.5 0.5 0.8085027308256637 0.31035998715854607 0.5000000126183913
0.020000000000000018 0.28665999999999997 0.5 0.5 0.5 0.5 0.5 0.5 0.5 0.5 0.5 0.5 0.8998790683925235 0.43500692687386755 0.031410759951924744
0.15333333333333332 0.28665999999999997 0.5 0.5 0.5 0.5 0.5 0.5 0.5 0.5 0.5 0.5 0.8743348411386951 0.42265869455315686 0.23853346408752402
0.020000000000000018 0.4199933333333333 0.5 0.5 0.5 0.5 0.5 0.5 0.5 0.5 0.5 0.5 0.7897715224446108 0.612596365068194 0.031410759951924744
0.020000000000000018 0.15332666666666667 0.5 0.5 0.5 0.5 0.5 0.5 0.5 0.5 0.5 0.5 0.9706575787719743 0.2384055975260877 0.031410759951924744
0.15333333333333332 0.15332666666666667 0.5 0.5 0.5 0.5 0.5 0.5 0.5 0.5 0.5 0.5 0.9431042122711915 0.23163814734784355 0.23853346408752402
0.15333333333333332 0.4199933333333333 0.5 0.5 0.5 0.5 0.5 0.5 0.5 0.5 0.5 0.5 0.7673528398054371 0.5952070276407504 0.23853346408752402
0.33333 0.63333 0.5 0.5 0.5 0.5 0.5 0.5 0.5 0.5 0.5 0.5 0.47167644495149363 0.7263097501372499 0.49999547811303885
0.46666333333333326 0.63333 0.5 0.5 0.5 0.5 0.5 0.5 0.5 0.5 0.5 0.5 0.40475082746481517 0.6232545116685799 0.669126730411592
0.19999666666666668 0.63333 0.5 0.5 0.5 0.5 0.5 0.5 0.5 0.5 0.5 0.5 0.5179875372959879 0.797621765543853 0.30901202296471303
0.33333 0.7666633333333334 0.5 0.5 0.5 0.5 0.5 0.5 0.5 0.5 0.5 0.5 0.31036089003137635 0.8085051884839364 0.49999547811303885
0.33333 0.49999666666666664 0.5 0.5 0.5 0.5 0.5 0.5 0.5 0.5 0.5 0.5 0.6123774747294265 0.6123710887284967 0.49999547811303885
0.19999666666666668 0.7666633333333334 0.5 0.5 0.5 0.5 0.5 0.5 0.5 0.5 0.5 0.5 0.34083337173404143 0.8878874829479579 0.30901202296471303
0.19999666666666668 0.49999666666666664 0.5 0.5 0.5 0.5 0.5 0.5 0.5 0.5 0.5 0.5 0.6725031606427843 0.6724961476385728 0.30901202296471303
0.46666333333333326 0.7666633333333334 0.5 0.5 0.5 0.5 0.5 0.5 0.5 0.5 0.5 0.5 0.26632414740539884 0.6937873356854246 0.669126730411592
0.46666333333333326 0.49999666666666664 0.5 0.5 0.5 0.5 0.5 0.5 0.5 0.5 0.5 0.5 0.525487953173152 0.5254824732744031 0.669126730411592
0.29333000000000004 0.43333 0.5 0.5 0.5 0.5 0.5 0.5 0.5 0.5 0.5 0.5 0.6961035227297128 0.5636875051532352 0.4446305007277455
0.25333 0.43333 0.5 0.5 0.5 0.5 0.5 0.5 0.5 0.5 0.5 0.5 0.7164268254305425 0.5801448156276614 0.3875107697908044
0.21333 0.83333 0.5 0.5 0.5 0.5 0.5 0.5 0.5 0.5 0.5 0.5 0.24442777826920126 0.9121979151378788 0.3288617107972429
0.17332999999999998 0.75333 0.5 0.5 0.5 0.5 0.5 0.5 0.5 0.5 0.5 0.5 0.3639272732226097 0.8917632972487015 0.2689147848015799
0.42666333333333334 0.43333 0.5 0.5 0.5 0.5 0.5 0.5 0.5 0.5 0.5 0.5 0.6090492969186907 0.4931931350514549 0.6211436914764294
0.15999666666666668 0.43333 0.5 0.5 0.5 0.5 0.5 0.5 0.5 0.5 0.5 0.5 0.7527346826351428 0.6095460250409742 0.2486848224458401
0.29333 0.5666633333333332 0.5 0.5 0.5 0.5 0.5 0.5 0.5 0.5 0.5 0.5 0.5636947642741792 0.6960976444095124 0.4446305007277454
0.29333 0.2999966666666667 0.5 0.5 0.5 0.5 0.5 0.5 0.5 0.5 0.5 0.5 0.7980892152796544 0.4066415156829168 0.4446305007277454
0.15999666666666668 0.5666633333333332 0.5 0.5 0.5 0.5 0.5 0.5 0.5 0.5 0.5 0.5 0.6095538747241342 0.752728326087092 0.2486848224458401
0.15999666666666668 0.2999966666666667 0.5 0.5 0.5 0.5 0.5 0.5 0.5 0.5 0.5 0.5 0.8630173710689916 0.43972363629699 0.2486848224458401
0.42666333333333334 0.5666633333333332 0.5 0.5 0.5 0.5 0.5 0.5 0.5 0.5 0.5 0.5 0.49319948635174693 0.6090441537371548 0.6211436914764294
0.42666333333333334 0.2999966666666667 0.5 0.5 0.5 0.5 0.5 0.5 0.5 0.5 0.5 0.5 0.6982807291914819 0.35578720856552243 0.6211436914764294
0.29333 0.5666599999999999 0.5 0.5 0.5 0.5 0.5 0.5 0.5 0.5 0.5 0.5 0.5636984090252967 0.6960946929010045 0.4446305007277454
0.42666333333333334 0.5666599999999999 0.5 0.5 0.5 0.5 0.5 0.5 0.5 0.5 0.5 0.5 0.49320267529280676 0.6090415713422626 0.6211436914764294
0.15999666666666668 0.5666599999999999 0.5 0.5 0.5 0.5 0.5 0.5 0.5 0.5 0.5 0.5 0.6095578159921872 0.7527251344600603 0.2486848224458401
0.29333 0.6999933333333334 0.5 0.5 0.5 0.5 0.5 0.5 0.5 0.5 0.5 0.5 0.40665401710386573 0.7980828454464381 0.4446305007277454
0.29333 0.43332666666666664 0.5 0.5 0.5 0.5 0.5 0.5 0.5 0.5 0.5 0.5 0.696106474181128 0.563683860355885 0.4446305007277454
0.15999666666666668 0.6999933333333334 0.5 0.5 0.5 0.5 0.5 0.5 0.5 0.5 0.5 0.5 0.43973715476489494 0.8630104830211252 0.2486848224458401
0.15999666666666668 0.43332666666666664 0.5 0.5 0.5 0.5 0.5 0.5 0.5 0.5 0.5 0.5 0.752737874200437 0.6095420837229273 0.2486848224458401
0.42666333333333334 0.6999933333333334 0.5 0.5 0.5 0.5 0.5 0.5 0.5 0.5 0.5 0.5 0.3557981465674012 0.6982751559652085 0.6211436914764294
0.42666333333333334 0.43332666666666664 0.5 0.5 0.5 0.5 0.5 0.5 0.5 0.5 0.5 0.5 0.6090518792636304 0.49318994606994415 0.6211436914764294
0.25332999999999994 0.6066600000000001 0.5 0.5 0.5 0.5 0.5 0.5 0.5 0.5 0.5 0.5 0.5340269891595766 0.7514323510105854 0.38751076979080434
0.008333333333333331 0.8999999999999999 0.5 0.5 0.5 0.5 0.5 0.5 0.5 0.5 0.5 0.5 0.15642102406677783 0.9876037290878078 0.013089595935574813
0. 0.9083333333333333 0.5 0.5 0.5 0.5 0.5 0.5 0.5 0.5 0.5 0.5 0.14349258269755324 0.9896513925169741 0.
0. 0.8916666666666666 0.5 0.5 0.5 0.5 0.5 0.5 0.5 0.5 0.5 0.5 0.16934946543600196 0.9855560656586414 0.
0.008333333333333331 0.8916666666666666 0.5 0.5 0.5 0.5 0.5 0.5 0.5 0.5 0.5 0.5 0.16933495685564998 0.9854716306748452 0.013089595935574813
0.008333333333333331 0.9083333333333333 0.5 0.5 0.5 0.5 0.5 0.5 0.5 0.5 0.5 0.5 0.14348028933919738 0.9895666066765711 0.013089595935574813
0.020000000000000018 0.41999 0.5 0.5 0.5 0.5 0.5 0.5 0.5 0.5 0.5 0.5 0.7897747299809409 0.6125922298256601 0.031410759951924744
0.15333333333333332 0.41999 0.5 0.5 0.5 0.5 0.5 0.5 0.5 0.5 0.5 0.5 0.7673559562917142 0.5952030097824059 0.23853346408752402
0.020000000000000018 0.5533233333333333 0.5 0.5 0.5 0.5 0.5 0.5 0.5 0.5 0.5 0.5 0.6451511665168829 0.7634090230676788 0.031410759951924744
0.020000000000000018 0.28665666666666667 0.5 0.5 0.5 0.5 0.5 0.5 0.5 0.5 0.5 0.5 0.8998813460711944 0.43500221511198955 0.031410759951924744
0.15333333333333332 0.28665666666666667 0.5 0.5 0.5 0.5 0.5 0.5 0.5 0.5 0.5 0.5 0.874337054162521 0.42265411654071294 0.23853346408752402
0.15333333333333332 0.5533233333333333 0.5 0.5 0.5 0.5 0.5 0.5 0.5 0.5 0.5 0.5 0.6268377190888654 0.7417386739532155 0.23853346408752402
0.29333 0.69999 0.5 0.5 0.5 0.5 0.5 0.5 0.5 0.5 0.5 0.5 0.40665819585041474 0.7980807161999844 0.4446305007277454
0.42666333333333334 0.69999 0.5 0.5 0.5 0.5 0.5 0.5 0.5 0.5 0.5 0.5 0.35580180272279266 0.6982732930008458 0.6211436914764294
0.15999666666666668 0.69999 0.5 0.5 0.5 0.5 0.5 0.5 0.5 0.5 0.5 0.5 0.4397416734713152 0.863008180550873 0.2486848224458401
0.29333 0.8333233333333333 0.5 0.5 0.5 0.5 0.5 0.5 0.5 0.5 0.5 0.5 0.23184142243314798 0.8651897321783061 0.4446305007277454
0.29333 0.5666566666666667 0.5 0.5 0.5 0.5 0.5 0.5 0.5 0.5 0.5 0.5 0.5637020537609599 0.6960917413734129 0.4446305007277454
0.15999666666666668 0.8333233333333333 0.5 0.5 0.5 0.5 0.5 0.5 0.5 0.5 0.5 0.5 0.2507027673880304 0.9355768175350777 0.2486848224458401
0.15999666666666668 0.5666566666666667 0.5 0.5 0.5 0.5 0.5 0.5 0.5 0.5 0.5 0.5 0.6095617572435286 0.7527219428123924 0.2486848224458401
0.42666333333333334 0.8333233333333333 0.5 0.5 0.5 0.5 0.5 0.5 0.5 0.5 0.5 0.5 0.2028474942574957 0.7569897017876065 0.6211436914764294
0.42666333333333334 0.5666566666666667 0.5 0.5 0.5 0.5 0.5 0.5 0.5 0.5 0.5 0.5 0.49320586422034507 0.6090389889306732 0.6211436914764294
0.23333333333333334 0.5 0.5 0.5 0.5 0.5 0.5 0.5 0.5 0.5 0.5 0.5 0.6601410333468052 0.660141062202488 0.3583679590671898
0.2 0.5333333333333333 0.5 0.5 0.5 0.5 0.5 0.5 0.5 0.5 0.5 0.5 0.6363810051456448 0.7067727416494713 0.3090170026893479
0.2 0.4666666666666667 0.5 0.5 0.5 0.5 0.5 0.5 0.5 0.5 0.5 0.5 0.7067727138323724 0.6363810360396631 0.3090170026893479
0.16666666666666666 0.5333333333333333 0.5 0.5 0.5 0.5 0.5 0.5 0.5 0.5 0.5 0.5 0.6463305158463848 0.7178227932681921 0.25881905213951417
0.16666666666666666 0.4666666666666667 0.5 0.5 0.5 0.5 0.5 0.5 0.5 0.5 0.5 0.5 0.7178227650161861 0.6463305472234162 0.25881905213951417
0.23333333333333334 0.5333333333333333 0.5 0.5 0.5 0.5 0.5 0.5 0.5 0.5 0.5 0.5 0.6246872182470463 0.6937854749652692 0.3583679590671898
0.23333333333333334 0.4666666666666667 0.5 0.5 0.5 0.5 0.5 0.5 0.5 0.5 0.5 0.5 0.6937854476593219 0.6246872485733732 0.3583679590671898
0.1333333333333333 0.30000000000000004 0.5 0.5 0.5 0.5 0.5 0.5 0.5 0.5 0.5 0.5 0.8715358869700729 0.4440697289548707 0.2079116965185848
0. 0.43333333333333335 0.5 0.5 0.5 0.5 0.5 0.5 0.5 0.5 0.5 0.5 0.7771459495366342 0.6293204057702271 0.
0. 0.16666666666666669 0.5 0.5 0.5 0.5 0.5 0.5 0.5 0.5 0.5 0.5 0.9659258244035115 0.2588190521395142 0.
0.1333333333333333 0.16666666666666669 0.5 0.5 0.5 0.5 0.5 0.5 0.5 0.5 0.5 0.5 0.9448180264566595 0.25316323456084017 0.2079116965185848
0.1333333333333333 0.43333333333333335 0.5 0.5 0.5 0.5 0.5 0.5 0.5 0.5 0.5 0.5 0.760163445017549 0.6155682442343949 0.2079116965185848
0.033333333333333326 0.3 0.5 0.5 0.5 0.5 0.5 0.5 0.5 0.5 0.5 0.5 0.8897854247003673 0.453368333171408 0.05233595769799332
0. 0.3333333333333333 0.5 0.5 0.5 0.5 0.5 0.5 0.5 0.5 0.5 0.5 0.8660253964992068 0.5000000126183913 0.
0. 0.26666666666666666 0.5 0.5 0.5 0.5 0.5 0.5 0.5 0.5 0.5 0.5 0.9135454529015278 0.40673665372442463 0.
0.033333333333333326 0.26666666666666666 0.5 0.5 0.5 0.5 0.5 0.5 0.5 0.5 0.5 0.5 0.9122934705385459 0.4061792352454383 0.05233595769799332
0.033333333333333326 0.3333333333333333 0.5 0.5 0.5 0.5 0.5 0.5 0.5 0.5 0.5 0.5 0.8648385387256088 0.49931477994025725 0.05233595769799332
0. 0.29 0.5 0.5 0.5 0.5 0.5 0.5 0.5 0.5 0.5 0.5 0.8980275701838133 0.4399391812395848 0.
0.05 0.35 0.5 0.5 0.5 0.5 0.5 0.5 0.5 0.5 0.5 0.5 0.850011751166392 0.5208878889307313 0.07845909790667706
0.32666333333333336 0.69999 0.5 0.5 0.5 0.5 0.5 0.5 0.5 0.5 0.5 0.5 0.3955361268796088 0.7762532727587328 0.49089920438358264
0.25999666666666665 0.69999 0.5 0.5 0.5 0.5 0.5 0.5 0.5 0.5 0.5 0.5 0.416665642910839 0.8177206757503256 0.3971430957074893
0.29333 0.7333233333333333 0.5 0.5 0.5 0.5 0.5 0.5 0.5 0.5 0.5 0.5 0.3643325662925973 0.8182698203900989 0.4446305007277454
0.29333 0.6666566666666667 0.5 0.5 0.5 0.5 0.5 0.5 0.5 0.5 0.5 0.5 0.44786920349785053 0.7757041281189596 0.4446305007277454
0.25999666666666665 0.7333233333333333 0.5 0.5 0.5 0.5 0.5 0.5 0.5 0.5 0.5 0.5 0.3732984224016498 0.8384066133829763 0.3971430957074893
0.25999666666666665 0.6666566666666667 0.5 0.5 0.5 0.5 0.5 0.5 0.5 0.5 0.5 0.5 0.4588908117913369 0.7947934224597984 0.3971430957074893
0.32666333333333336 0.7333233333333333 0.5 0.5 0.5 0.5 0.5 0.5 0.5 0.5 0.5 0.5 0.354368099888218 0.7958902065719741 0.49089920438358264
0.32666333333333336 0.6666566666666667 0.5 0.5 0.5 0.5 0.5 0.5 0.5 0.5 0.5 0.5 0.4356200167802778 0.7544886825631754 0.49089920438358264
0.2 0.23334000000000002 0.5 0.5 0.5 0.5 0.5 0.5 0.5 0.5 0.5 0.5 0.88788417291432 0.34083747965437355 0.3090170026893479
0.3333333333333333 0.23334000000000002 0.5 0.5 0.5 0.5 0.5 0.5 0.5 0.5 0.5 0.5 0.808501105773443 0.3103642204648087 0.5000000126183913
0.06666666666666668 0.23334000000000002 0.5 0.5 0.5 0.5 0.5 0.5 0.5 0.5 0.5 0.5 0.9284624390060965 0.3564145046373386 0.10452846616578244
0.2 0.36667333333333335 0.5 0.5 0.5 0.5 0.5 0.5 0.5 0.5 0.5 0.5 0.7976176737577103 0.5179908672536905 0.3090170026893479
0.2 0.10000666666666667 0.5 0.5 0.5 0.5 0.5 0.5 0.5 0.5 0.5 0.5 0.9393458710218292 0.14878785784845686 0.3090170026893479
0.06666666666666668 0.36667333333333335 0.5 0.5 0.5 0.5 0.5 0.5 0.5 0.5 0.5 0.5 0.8340705616372281 0.5416641929933966 0.10452846616578244
0.06666666666666668 0.10000666666666667 0.5 0.5 0.5 0.5 0.5 0.5 0.5 0.5 0.5 0.5 0.9822760502831883 0.15558779129831543 0.10452846616578244
0.3333333333333333 0.36667333333333335 0.5 0.5 0.5 0.5 0.5 0.5 0.5 0.5 0.5 0.5 0.7263050642077161 0.4716788537636957 0.5000000126183913
0.3333333333333333 0.10000666666666667 0.5 0.5 0.5 0.5 0.5 0.5 0.5 0.5 0.5 0.5 0.855361767438729 0.13548518068667906 0.5000000126183913
0.28 0.23334 0.5 0.5 0.5 0.5 0.5 0.5 0.5 0.5 0.5 0.5 0.8447254216752248 0.32426986819545994 0.42577930263942215
0.1333333333333333 0.2 0.5 0.5 0.5 0.5 0.5 0.5 0.5 0.5 0.5 0.5 0.9302736457814373 0.3022642393920869 0.2079116965185848
0. 0.06666666666666668 0.5 0.5 0.5 0.5 0.5 0.5 0.5 0.5 0.5 0.5 0.9945218950636677 0.10452846616578244 0.
0.1333333333333333 0.06666666666666668 0.5 0.5 0.5 0.5 0.5 0.5 0.5 0.5 0.5 0.5 0.9727892043286543 0.10224426826178273 0.2079116965185848
0.1333333333333333 0.3333333333333333 0.5 0.5 0.5 0.5 0.5 0.5 0.5 0.5 0.5 0.5 0.8471006627108375 0.48907381210367806 0.2079116965185848
0.033333333333333326 0.2 0.5 0.5 0.5 0.5 0.5 0.5 0.5 0.5 0.5 0.5 0.9497531236228012 0.30859350560335197 0.05233595769799332
0. 0.23333333333333334 0.5 0.5 0.5 0.5 0.5 0.5 0.5 0.5 0.5 0.5 0.9335804228420908 0.3583679590671898 0.
0.033333333333333326 0.16666666666666666 0.5 0.5 0.5 0.5 0.5 0.5 0.5 0.5 0.5 0.5 0.9646020565578494 0.25846434960396636 0.05233595769799332
0.033333333333333326 0.23333333333333334 0.5 0.5 0.5 0.5 0.5 0.5 0.5 0.5 0.5 0.5 0.9323009832475844 0.35787682820688627 0.05233595769799332
0. 0.23333 0.5 0.5 0.5 0.5 0.5 0.5 0.5 0.5 0.5 0.5 0.9335822992395915 0.35836307084647817 0.
0.1333333333333333 0.23333 0.5 0.5 0.5 0.5 0.5 0.5 0.5 0.5 0.5 0.5 0.9131812849574898 0.3505319775058357 0.2079116965185848
0. 0.36666333333333334 0.5 0.5 0.5 0.5 0.5 0.5 0.5 0.5 0.5 0.5 0.8386734109281887 0.5446346571804603 0.
0. 0.09999666666666668 0.5 0.5 0.5 0.5 0.5 0.5 0.5 0.5 0.5 0.5 0.9876891589867909 0.15642929783121115 0.
0.1333333333333333 0.09999666666666668 0.5 0.5 0.5 0.5 0.5 0.5 0.5 0.5 0.5 0.5 0.9661057799368895 0.15301094216852024 0.2079116965185848
0.1333333333333333 0.36666333333333334 0.5 0.5 0.5 0.5 0.5 0.5 0.5 0.5 0.5 0.5 0.8203463836823841 0.5327330825375861 0.2079116965185848
0.23333333333333334 0.23334 0.5 0.5 0.5 0.5 0.5 0.5 0.5 0.5 0.5 0.5 0.8715689023063888 0.334574437825805 0.3583679590671898
0.16666666666666666 0.23334 0.5 0.5 0.5 0.5 0.5 0.5 0.5 0.5 0.5 0.5 0.9017658145849524 0.34616630959055034 0.25881905213951417
0.2 0.2666733333333333 0.5 0.5 0.5 0.5 0.5 0.5 0.5 0.5 0.5 0.5 0.8688293025285887 0.38683864222253933 0.3090170026893479
0.2 0.20000666666666667 0.5 0.5 0.5 0.5 0.5 0.5 0.5 0.5 0.5 0.5 0.9045054143627526 0.29390210519381604 0.3090170026893479
0.16666666666666666 0.2666733333333333 0.5 0.5 0.5 0.5 0.5 0.5 0.5 0.5 0.5 0.5 0.8824130304725839 0.39288667819333645 0.25881905213951417
0.16666666666666666 0.20000666666666667 0.5 0.5 0.5 0.5 0.5 0.5 0.5 0.5 0.5 0.5 0.9186469211429868 0.29849712314210736 0.25881905213951417
0.23333333333333334 0.2666733333333333 0.5 0.5 0.5 0.5 0.5 0.5 0.5 0.5 0.5 0.5 0.8528641737254402 0.37973030836323707 0.3583679590671898
0.23333333333333334 0.20000666666666667 0.5 0.5 0.5 0.5 0.5 0.5 0.5 0.5 0.5 0.5 0.8878847209752027 0.28850152195924983 0.3583679590671898
0.23333 0.26666999999999996 0.5 0.5 0.5 0.5 0.5 0.5 0.5 0.5 0.5 0.5 0.8528678761474583 0.3797266059801523 0.35836307084647817
0.36666333333333334 0.26666999999999996 0.5 0.5 0.5 0.5 0.5 0.5 0.5 0.5 0.5 0.5 0.766164494916267 0.3411232283612829 0.5446346571804603
0.09999666666666668 0.26666999999999996 0.5 0.5 0.5 0.5 0.5 0.5 0.5 0.5 0.5 0.5 0.902296836609957 0.40173410786700564 0.15642929783121115
0.23333 0.40000333333333327 0.5 0.5 0.5 0.5 0.5 0.5 0.5 0.5 0.5 0.5 0.7552810629005343 0.5487498751501645 0.35836307084647817
0.23333 0.13333666666666666 0.5 0.5 0.5 0.5 0.5 0.5 0.5 0.5 0.5 0.5 0.9131802686256897 0.19410746107812393 0.35836307084647817
0.09999666666666668 0.40000333333333327 0.5 0.5 0.5 0.5 0.5 0.5 0.5 0.5 0.5 0.5 0.7990542648703665 0.5805533193191754 0.15642929783121115
0.09999666666666668 0.13333666666666666 0.5 0.5 0.5 0.5 0.5 0.5 0.5 0.5 0.5 0.5 0.9661047047023851 0.2053571871933185 0.15642929783121115
0.36666333333333334 0.40000333333333327 0.5 0.5 0.5 0.5 0.5 0.5 0.5 0.5 0.5 0.5 0.6784984524108855 0.49296342691314926 0.5446346571804603
0.36666333333333334 0.13333666666666666 0.5 0.5 0.5 0.5 0.5 0.5 0.5 0.5 0.5 0.5 0.8203454706718674 0.17437430701245785 0.5446346571804603
0.23333 0.30666970000000005 0.5 0.5 0.5 0.5 0.5 0.5 0.5 0.5 0.5 0.5 0.8273419084127154 0.43252893086762206 0.35836307084647817
0.23333 0.28666985000000006 0.5 0.5 0.5 0.5 0.5 0.5 0.5 0.5 0.5 0.5 0.8405196317822189 0.4063282638977571 0.35836307084647817
0.1333333333333333 0.7 0.5 0.5 0.5 0.5 0.5 0.5 0.5 0.5 0.5 0.5 0.44406969085882514 0.8715359063809771 0.2079116965185848
0. 0.8333333333333334 0.5 0.5 0.5 0.5 0.5 0.5 0.5 0.5 0.5 0.5 0.2588190099175535 0.9659258357168512 0.
0. 0.5666666666666667 0.5 0.5 0.5 0.5 0.5 0.5 0.5 0.5 0.5 0.5 0.6293203718000968 0.7771459770451031 0.
0.1333333333333333 0.5666666666666667 0.5 0.5 0.5 0.5 0.5 0.5 0.5 0.5 0.5 0.5 0.6155682110065935 0.7601634719248918 0.2079116965185848
0.1333333333333333 0.8333333333333334 0.5 0.5 0.5 0.5 0.5 0.5 0.5 0.5 0.5 0.5 0.25316319326153064 0.9448180375227755 0.2079116965185848
0. 0.86 0.5 0.5 0.5 0.5 0.5 0.5 0.5 0.5 0.5 0.5 0.21814320471007925 0.9759167701391428 0.
0. 0.82 0.5 0.5 0.5 0.5 0.5 0.5 0.5 0.5 0.5 0.5 0.27899107161909636 0.9602936956769155 0.
0.26 0.66666 0.5 0.5 0.5 0.5 0.5 0.5 0.5 0.5 0.5 0.5 0.4588856105129838 0.7947940243508188 0.3971479010650265
0.3933333333333333 0.66666 0.5 0.5 0.5 0.5 0.5 0.5 0.5 0.5 0.5 0.5 0.40757126468252164 0.7059171136454901 0.5792811863572905
0.12666666666666668 0.66666 0.5 0.5 0.5 0.5 0.5 0.5 0.5 0.5 0.5 0.5 0.49014445207445656 0.8489346204209686 0.19765734580666816
0.26 0.7999933333333333 0.5 0.5 0.5 0.5 0.5 0.5 0.5 0.5 0.5 0.5 0.2836108843928769 0.8728335528229504 0.3971479010650265
0.26 0.5333266666666667 0.5 0.5 0.5 0.5 0.5 0.5 0.5 0.5 0.5 0.5 0.6141048323641012 0.6820181812435084 0.3971479010650265
0.12666666666666668 0.7999933333333333 0.5 0.5 0.5 0.5 0.5 0.5 0.5 0.5 0.5 0.5 0.3029301820505995 0.9322901256859122 0.19765734580666816
0.12666666666666668 0.5333266666666667 0.5 0.5 0.5 0.5 0.5 0.5 0.5 0.5 0.5 0.5 0.6559370563807683 0.7284765965459673 0.19765734580666816
0.3933333333333333 0.7999933333333333 0.5 0.5 0.5 0.5 0.5 0.5 0.5 0.5 0.5 0.5 0.2518964294838413 0.775229963266244 0.5792811863572905
0.3933333333333333 0.5333266666666667 0.5 0.5 0.5 0.5 0.5 0.5 0.5 0.5 0.5 0.5 0.5454332788829143 0.6057522970815077 0.5792811863572905
