550
 0.26 0.66666 0.5 0.5 0.5 0.5 0.5 0.5 0.5 0.5 0.5 0.5 0.4588856105129838 0.7947940243508188 0.3971479010650265
 0.3000003 0.66666 0.5 0.5 0.5 0.5 0.5 0.5 0.5 0.5 0.5 0.5 1.734658199128716 2.968702949807795 1.8833034389919932
 0.21999970000000002 0.66666 0.5 0.5 0.5 0.5 0.5 0.5 0.5 0.5 0.5 0.5 1.409181843740099 2.4365291564502782 1.1471641007151918
 0.26 0.7066600000000001 0.5 0.5 0.5 0.5 0.5 0.5 0.5 0.5 0.5 0.5 1.5765914879700773 3.3532730931422936 1.5868450597223582
 0.26 0.62666 0.5 0.5 0.5 0.5 0.5 0.5 0.5 0.5 0.5 0.5 10.81807893973818 18.572345306580885 9.298670091273191
 0.26 0.66666 0.54 0.5 0.5 0.5 0.5 0.5 0.5 0.5 0.5 0.5 81.2096653554584 140.70730706344608 70.33339368229292
 0.26 0.66666 0.46 0.5 0.5 0.5 0.5 0.5 0.5 0.5 0.5 0.5 81.20998638491683 140.70784434670742 70.33370022902884
 0.26 0.66666 0.5 0.54 0.5 0.5 0.5 0.5 0.5 0.5 0.5 0.5 81.2098218253935 140.70757075613776 70.33353462166434
 0.26 0.66666 0.5 0.46 0.5 0.5 0.5 0.5 0.5 0.5 0.5 0.5 81.20991708413786 140.7077221438143 70.33363624747989
 0.26 0.66666 0.5 0.5 0.54 0.5 0.5 0.5 0.5 0.5 0.5 0.5 81.2098218253935 140.70757075613778 70.33353462166434
 0.26 0.66666 0.5 0.5 0.46 0.5 0.5 0.5 0.5 0.5 0.5 0.5 81.20991708413786 140.7077221438143 70.33363624747989
 0.26 0.66666 0.5 0.5 0.5 0.54 0.5 0.5 0.5 0.5 0.5 0.5 81.20783355651146 140.70269819555094 70.33042461488292
 0.26 0.66666 0.5 0.5 0.5 0.46 0.5 0.5 0.5 0.5 0.5 0.5 81.21472261753918 140.71500788726408 70.33681254097286
 0.26 0.66666 0.5 0.5 0.5 0.5 0.54 0.5 0.5 0.5 0.5 0.5 81.20982182539359 140.70757075613793 70.33353462166443
 0.26 0.66666 0.5 0.5 0.5 0.5 0.46 0.5 0.5 0.5 0.5 0.5 81.20991708413794 140.70772214381446 70.33363624747997
 0.26 0.66666 0.5 0.5 0.5 0.5 0.5 0.54 0.5 0.5 0.5 0.5 81.20589359620617 140.6995014673794 70.32887096696385
 0.26 0.66666 0.5 0.5 0.5 0.5 0.5 0.46 0.5 0.5 0.5 0.5 81.2058973575237 140.69950557601223 70.32887386441631
 0.26 0.66666 0.5 0.5 0.5 0.5 0.5 0.5 0.54 0.5 0.5 0.5 81.2090972761326 140.7053032872814 70.33167954707424
 0.26 0.66666 0.5 0.5 0.5 0.5 0.5 0.5 0.46 0.5 0.5 0.5 81.20870410809594 140.7043025335977 70.33100784282573
 0.26 0.66666 0.5 0.5 0.5 0.5 0.5 0.5 0.5 0.54 0.5 0.5 81.2096043986151 140.70714392758606 70.33329682833964
 0.26 0.66666 0.5 0.5 0.5 0.5 0.5 0.5 0.5 0.46 0.5 0.5 81.20616170997322 140.69980857555618 70.32898738864304
 0.26 0.66666 0.5 0.5 0.5 0.5 0.5 0.5 0.5 0.5 0.54 0.5 81.2098218253935 140.70757075613778 70.33353462166434
 0.26 0.66666 0.5 0.5 0.5 0.5 0.5 0.5 0.5 0.5 0.46 0.5 81.20998631563464 140.70784407778456 70.3337001853656
 0.26 0.66666 0.5 0.5 0.5 0.5 0.5 0.5 0.5 0.5 0.5 0.46 81.20991708413794 140.70772214381446 70.33363624747997
 0.26 0.66666 0.5 0.5 0.5 0.5 0.5 0.5 0.5 0.5 0.5 0.54 81.20982182539359 140.70757075613793 70.33353462166443
 0.28000015 0.66666 0.5 0.5 0.5 0.5 0.5 0.5 0.5 0.5 0.5 0.5 4.618588163123543 7.91766267726015 4.275110006341094
 0.23999985000000001 0.66666 0.5 0.5 0.5 0.5 0.5 0.5 0.5 0.5 0.5 0.5 3.9924775411112283 6.853942711095971 1.795620848659078
 0.26 0.68666 0.5 0.5 0.5 0.5 0.5 0.5 0.5 0.5 0.5 0.5 4.39005519849412 8.030222504910093 3.905281572676323
 0.26 0.64666 0.5 0.5 0.5 0.5 0.5 0.5 0.5 0.5 0.5 0.5 6.1140553129978015 7.912057389881326 4.236487413447143
 0.26 0.66666 0.52 0.5 0.5 0.5 0.5 0.5 0.5 0.5 0.5 0.5 33.77896007972803 58.39644715411402 29.1280423179533
 0.26 0.66666 0.48 0.5 0.5 0.5 0.5 0.5 0.5 0.5 0.5 0.5 33.77896007972803 58.39644715411402 29.128042317953298
 0.26 0.66666 0.5 0.52 0.5 0.5 0.5 0.5 0.5 0.5 0.5 0.5 33.778960080699335 58.3964471579891 29.128042318532742
 0.26 0.66666 0.5 0.48 0.5 0.5 0.5 0.5 0.5 0.5 0.5 0.5 33.778960080699335 58.3964471579891 29.128042318532746
 0.26 0.66666 0.5 0.5 0.52 0.5 0.5 0.5 0.5 0.5 0.5 0.5 33.77896008069931 58.39644715798908 29.128042318532728
 0.26 0.66666 0.5 0.5 0.48 0.5 0.5 0.5 0.5 0.5 0.5 0.5 33.77896008069931 58.39644715798908 29.12804231853273
 0.26 0.66666 0.5 0.5 0.5 0.52 0.5 0.5 0.5 0.5 0.5 0.5 33.76984893378694 58.37983070107721 29.1193270183175
 0.26 0.66666 0.5 0.5 0.5 0.48 0.5 0.5 0.5 0.5 0.5 0.5 33.75159487076457 58.346079277997795 29.101594456297704
 0.26 0.66666 0.5 0.5 0.5 0.5 0.52 0.5 0.5 0.5 0.5 0.5 33.778960080699335 58.396447157989115 29.12804231853275
 0.26 0.66666 0.5 0.5 0.5 0.5 0.48 0.5 0.5 0.5 0.5 0.5 33.778960080699335 58.39644715798912 29.128042318532753
 0.26 0.66666 0.5 0.5 0.5 0.5 0.5 0.5 0.5 0.5 0.5 0.48 33.7789600806993 58.39644715798908 29.128042318532746
 0.26 0.66666 0.5 0.5 0.5 0.5 0.5 0.5 0.5 0.5 0.5 0.52 33.7789600806993 58.39644715798908 29.128042318532746
 0.26 0.66666 0.5 0.5 0.5 0.5 0.5 0.5 0.52 0.5 0.5 0.5 35.861440775331864 62.00720872645074 30.935329760459247
 0.26 0.66666 0.5 0.5 0.5 0.5 0.5 0.5 0.48 0.5 0.5 0.5 31.662171242886917 54.72055052809151 27.287869574555454
 0.26 0.66666 0.5 0.5 0.5 0.5 0.5 0.5 0.5 0.52 0.5 0.5 41.74356316366895 72.19102081093529 36.02091561106743
 0.26 0.66666 0.5 0.5 0.5 0.5 0.5 0.5 0.5 0.48 0.5 0.5 25.806699997608096 44.58785147184201 22.22779156383054
 0.26 0.66666 0.5 0.5 0.5 0.5 0.5 0.5 0.5 0.5 0.52 0.5 33.778960080699264 58.39644715798902 29.12804231853272
 0.26 0.66666 0.5 0.5 0.5 0.5 0.5 0.5 0.5 0.5 0.48 0.5 33.778960080699264 58.39644715798902 29.12804231853272
 0.26 0.66666 0.5 0.5 0.5 0.5 0.5 0.48 0.5 0.5 0.5 0.5 32.34996703866673 55.9162368861783 27.88624051842536
 0.26 0.66666 0.5 0.5 0.5 0.5 0.5 0.52 0.5 0.5 0.5 0.5 35.19442045263979 60.851749962647105 30.356678409496073
 0.2650000375 0.66666 0.5 0.5 0.5 0.505 0.5 0.505 0.5 0.5 0.5 0.505 2.410726275858839 4.151115488387889 2.2022430102134907
 0.26 0.66666 0.5 0.5 0.5 0.5 0.5 0.5 0.5 0.5 0.5 0.5 0.4588856105129838 0.7947940243508188 0.3971479010650265
 0.3000003 0.66666 0.5 0.5 0.5 0.5 0.5 0.5 0.5 0.5 0.5 0.5 1.734658199128716 2.968702949807795 1.8833034389919932
 0.21999970000000002 0.66666 0.5 0.5 0.5 0.5 0.5 0.5 0.5 0.5 0.5 0.5 1.409181843740099 2.4365291564502782 1.1471641007151918
 0.26 0.7066600000000001 0.5 0.5 0.5 0.5 0.5 0.5 0.5 0.5 0.5 0.5 1.5765914879700773 3.3532730931422936 1.5868450597223582
 0.26 0.62666 0.5 0.5 0.5 0.5 0.5 0.5 0.5 0.5 0.5 0.5 10.81807893973818 18.572345306580885 9.298670091273191
 0.26 0.66666 0.54 0.5 0.5 0.5 0.5 0.5 0.5 0.5 0.5 0.5 81.2096653554584 140.70730706344608 70.33339368229292
 0.26 0.66666 0.46 0.5 0.5 0.5 0.5 0.5 0.5 0.5 0.5 0.5 81.20998638491683 140.70784434670742 70.33370022902884
 0.26 0.66666 0.5 0.54 0.5 0.5 0.5 0.5 0.5 0.5 0.5 0.5 81.2098218253935 140.70757075613776 70.33353462166434
 0.26 0.66666 0.5 0.46 0.5 0.5 0.5 0.5 0.5 0.5 0.5 0.5 81.20991708413786 140.7077221438143 70.33363624747989
 0.26 0.66666 0.5 0.5 0.54 0.5 0.5 0.5 0.5 0.5 0.5 0.5 81.2098218253935 140.70757075613778 70.33353462166434
 0.26 0.66666 0.5 0.5 0.46 0.5 0.5 0.5 0.5 0.5 0.5 0.5 81.20991708413786 140.7077221438143 70.33363624747989
 0.26 0.66666 0.5 0.5 0.5 0.54 0.5 0.5 0.5 0.5 0.5 0.5 81.20783355651146 140.70269819555094 70.33042461488292
 0.26 0.66666 0.5 0.5 0.5 0.46 0.5 0.5 0.5 0.5 0.5 0.5 81.21472261753918 140.71500788726408 70.33681254097286
 0.26 0.66666 0.5 0.5 0.5 0.5 0.54 0.5 0.5 0.5 0.5 0.5 81.20982182539359 140.70757075613793 70.33353462166443
 0.26 0.66666 0.5 0.5 0.5 0.5 0.46 0.5 0.5 0.5 0.5 0.5 81.20991708413794 140.70772214381446 70.33363624747997
 0.26 0.66666 0.5 0.5 0.5 0.5 0.5 0.54 0.5 0.5 0.5 0.5 81.20589359620617 140.6995014673794 70.32887096696385
 0.26 0.66666 0.5 0.5 0.5 0.5 0.5 0.46 0.5 0.5 0.5 0.5 81.2058973575237 140.69950557601223 70.32887386441631
 0.26 0.66666 0.5 0.5 0.5 0.5 0.5 0.5 0.54 0.5 0.5 0.5 81.2090972761326 140.7053032872814 70.33167954707424
 0.26 0.66666 0.5 0.5 0.5 0.5 0.5 0.5 0.46 0.5 0.5 0.5 81.20870410809594 140.7043025335977 70.33100784282573
 0.26 0.66666 0.5 0.5 0.5 0.5 0.5 0.5 0.5 0.54 0.5 0.5 81.2096043986151 140.70714392758606 70.33329682833964
 0.26 0.66666 0.5 0.5 0.5 0.5 0.5 0.5 0.5 0.46 0.5 0.5 81.20616170997322 140.69980857555618 70.32898738864304
 0.26 0.66666 0.5 0.5 0.5 0.5 0.5 0.5 0.5 0.5 0.54 0.5 81.2098218253935 140.70757075613778 70.33353462166434
 0.26 0.66666 0.5 0.5 0.5 0.5 0.5 0.5 0.5 0.5 0.46 0.5 81.20998631563464 140.70784407778456 70.3337001853656
 0.26 0.66666 0.5 0.5 0.5 0.5 0.5 0.5 0.5 0.5 0.5 0.46 81.20991708413794 140.70772214381446 70.33363624747997
 0.26 0.66666 0.5 0.5 0.5 0.5 0.5 0.5 0.5 0.5 0.5 0.54 81.20982182539359 140.70757075613793 70.33353462166443
 0.28000015 0.66666 0.5 0.5 0.5 0.5 0.5 0.5 0.5 0.5 0.5 0.5 4.618588163123543 7.91766267726015 4.275110006341094
 0.23999985000000001 0.66666 0.5 0.5 0.5 0.5 0.5 0.5 0.5 0.5 0.5 0.5 3.9924775411112283 6.853942711095971 1.795620848659078
 0.26 0.68666 0.5 0.5 0.5 0.5 0.5 0.5 0.5 0.5 0.5 0.5 4.39005519849412 8.030222504910093 3.905281572676323
 0.26 0.64666 0.5 0.5 0.5 0.5 0.5 0.5 0.5 0.5 0.5 0.5 6.1140553129978015 7.912057389881326 4.236487413447143
 0.26 0.66666 0.52 0.5 0.5 0.5 0.5 0.5 0.5 0.5 0.5 0.5 33.77896007972803 58.39644715411402 29.1280423179533
 0.26 0.66666 0.48 0.5 0.5 0.5 0.5 0.5 0.5 0.5 0.5 0.5 33.77896007972803 58.39644715411402 29.128042317953298
 0.26 0.66666 0.5 0.52 0.5 0.5 0.5 0.5 0.5 0.5 0.5 0.5 33.778960080699335 58.3964471579891 29.128042318532742
 0.26 0.66666 0.5 0.48 0.5 0.5 0.5 0.5 0.5 0.5 0.5 0.5 33.778960080699335 58.3964471579891 29.128042318532746
 0.26 0.66666 0.5 0.5 0.52 0.5 0.5 0.5 0.5 0.5 0.5 0.5 33.77896008069931 58.39644715798908 29.128042318532728
 0.26 0.66666 0.5 0.5 0.48 0.5 0.5 0.5 0.5 0.5 0.5 0.5 33.77896008069931 58.39644715798908 29.12804231853273
 0.26 0.66666 0.5 0.5 0.5 0.52 0.5 0.5 0.5 0.5 0.5 0.5 33.76984893378694 58.37983070107721 29.1193270183175
 0.26 0.66666 0.5 0.5 0.5 0.48 0.5 0.5 0.5 0.5 0.5 0.5 33.75159487076457 58.346079277997795 29.101594456297704
 0.26 0.66666 0.5 0.5 0.5 0.5 0.52 0.5 0.5 0.5 0.5 0.5 33.778960080699335 58.396447157989115 29.12804231853275
 0.26 0.66666 0.5 0.5 0.5 0.5 0.48 0.5 0.5 0.5 0.5 0.5 33.778960080699335 58.39644715798912 29.128042318532753
 0.26 0.66666 0.5 0.5 0.5 0.5 0.5 0.5 0.5 0.5 0.5 0.48 33.7789600806993 58.39644715798908 29.128042318532746
 0.26 0.66666 0.5 0.5 0.5 0.5 0.5 0.5 0.5 0.5 0.5 0.52 33.7789600806993 58.39644715798908 29.128042318532746
 0.26 0.66666 0.5 0.5 0.5 0.5 0.5 0.5 0.52 0.5 0.5 0.5 35.861440775331864 62.00720872645074 30.935329760459247
 0.26 0.66666 0.5 0.5 0.5 0.5 0.5 0.5 0.48 0.5 0.5 0.5 31.662171242886917 54.72055052809151 27.287869574555454
 0.26 0.66666 0.5 0.5 0.5 0.5 0.5 0.5 0.5 0.52 0.5 0.5 41.74356316366895 72.19102081093529 36.02091561106743
 0.26 0.66666 0.5 0.5 0.5 0.5 0.5 0.5 0.5 0.48 0.5 0.5 25.806699997608096 44.58785147184201 22.22779156383054
 0.26 0.66666 0.5 0.5 0.5 0.5 0.5 0.5 0.5 0.5 0.52 0.5 33.778960080699264 58.39644715798902 29.12804231853272
 0.26 0.66666 0.5 0.5 0.5 0.5 0.5 0.5 0.5 0.5 0.48 0.5 33.778960080699264 58.39644715798902 29.12804231853272
 0.26 0.66666 0.5 0.5 0.5 0.5 0.5 0.48 0.5 0.5 0.5 0.5 32.34996703866673 55.9162368861783 27.88624051842536
 0.26 0.66666 0.5 0.5 0.5 0.5 0.5 0.52 0.5 0.5 0.5 0.5 35.19442045263979 60.851749962647105 30.356678409496073
 0.2650000375 0.66666 0.5 0.5 0.5 0.505 0.5 0.505 0.5 0.5 0.5 0.505 2.410726275858839 4.151115488387889 2.2022430102134907
 0.26 0.66666 0.5 0.5 0.5 0.5 0.5 0.5 0.5 0.5 0.5 0.5 0.4588856105129838 0.7947940243508188 0.3971479010650265
 0.3000003 0.66666 0.5 0.5 0.5 0.5 0.5 0.5 0.5 0.5 0.5 0.5 1.734658199128716 2.968702949807795 1.8833034389919932
 0.21999970000000002 0.66666 0.5 0.5 0.5 0.5 0.5 0.5 0.5 0.5 0.5 0.5 1.409181843740099 2.4365291564502782 1.1471641007151918
 0.26 0.7066600000000001 0.5 0.5 0.5 0.5 0.5 0.5 0.5 0.5 0.5 0.5 1.5765914879700773 3.3532730931422936 1.5868450597223582
 0.26 0.62666 0.5 0.5 0.5 0.5 0.5 0.5 0.5 0.5 0.5 0.5 10.81807893973818 18.572345306580885 9.298670091273191
 0.26 0.66666 0.54 0.5 0.5 0.5 0.5 0.5 0.5 0.5 0.5 0.5 81.2096653554584 140.70730706344608 70.33339368229292
 0.26 0.66666 0.46 0.5 0.5 0.5 0.5 0.5 0.5 0.5 0.5 0.5 81.20998638491683 140.70784434670742 70.33370022902884
 0.26 0.66666 0.5 0.54 0.5 0.5 0.5 0.5 0.5 0.5 0.5 0.5 81.2098218253935 140.70757075613776 70.33353462166434
 0.26 0.66666 0.5 0.46 0.5 0.5 0.5 0.5 0.5 0.5 0.5 0.5 81.20991708413786 140.7077221438143 70.33363624747989
 0.26 0.66666 0.5 0.5 0.54 0.5 0.5 0.5 0.5 0.5 0.5 0.5 81.2098218253935 140.70757075613778 70.33353462166434
 0.26 0.66666 0.5 0.5 0.46 0.5 0.5 0.5 0.5 0.5 0.5 0.5 81.20991708413786 140.7077221438143 70.33363624747989
 0.26 0.66666 0.5 0.5 0.5 0.54 0.5 0.5 0.5 0.5 0.5 0.5 81.20783355651146 140.70269819555094 70.33042461488292
 0.26 0.66666 0.5 0.5 0.5 0.46 0.5 0.5 0.5 0.5 0.5 0.5 81.21472261753918 140.71500788726408 70.33681254097286
 0.26 0.66666 0.5 0.5 0.5 0.5 0.54 0.5 0.5 0.5 0.5 0.5 81.20982182539359 140.70757075613793 70.33353462166443
 0.26 0.66666 0.5 0.5 0.5 0.5 0.46 0.5 0.5 0.5 0.5 0.5 81.20991708413794 140.70772214381446 70.33363624747997
 0.26 0.66666 0.5 0.5 0.5 0.5 0.5 0.54 0.5 0.5 0.5 0.5 81.20589359620617 140.6995014673794 70.32887096696385
 0.26 0.66666 0.5 0.5 0.5 0.5 0.5 0.46 0.5 0.5 0.5 0.5 81.2058973575237 140.69950557601223 70.32887386441631
 0.26 0.66666 0.5 0.5 0.5 0.5 0.5 0.5 0.54 0.5 0.5 0.5 81.2090972761326 140.7053032872814 70.33167954707424
 0.26 0.66666 0.5 0.5 0.5 0.5 0.5 0.5 0.46 0.5 0.5 0.5 81.20870410809594 140.7043025335977 70.33100784282573
 0.26 0.66666 0.5 0.5 0.5 0.5 0.5 0.5 0.5 0.54 0.5 0.5 81.2096043986151 140.70714392758606 70.33329682833964
 0.26 0.66666 0.5 0.5 0.5 0.5 0.5 0.5 0.5 0.46 0.5 0.5 81.20616170997322 140.69980857555618 70.32898738864304
 0.26 0.66666 0.5 0.5 0.5 0.5 0.5 0.5 0.5 0.5 0.54 0.5 81.2098218253935 140.70757075613778 70.33353462166434
 0.26 0.66666 0.5 0.5 0.5 0.5 0.5 0.5 0.5 0.5 0.46 0.5 81.20998631563464 140.70784407778456 70.3337001853656
 0.26 0.66666 0.5 0.5 0.5 0.5 0.5 0.5 0.5 0.5 0.5 0.46 81.20991708413794 140.70772214381446 70.33363624747997
 0.26 0.66666 0.5 0.5 0.5 0.5 0.5 0.5 0.5 0.5 0.5 0.54 81.20982182539359 140.70757075613793 70.33353462166443
 0.28000015 0.66666 0.5 0.5 0.5 0.5 0.5 0.5 0.5 0.5 0.5 0.5 4.618588163123543 7.91766267726015 4.275110006341094
 0.23999985000000001 0.66666 0.5 0.5 0.5 0.5 0.5 0.5 0.5 0.5 0.5 0.5 3.9924775411112283 6.853942711095971 1.795620848659078
 0.26 0.68666 0.5 0.5 0.5 0.5 0.5 0.5 0.5 0.5 0.5 0.5 4.39005519849412 8.030222504910093 3.905281572676323
 0.26 0.64666 0.5 0.5 0.5 0.5 0.5 0.5 0.5 0.5 0.5 0.5 6.1140553129978015 7.912057389881326 4.236487413447143
 0.26 0.66666 0.52 0.5 0.5 0.5 0.5 0.5 0.5 0.5 0.5 0.5 33.77896007972803 58.39644715411402 29.1280423179533
 0.26 0.66666 0.48 0.5 0.5 0.5 0.5 0.5 0.5 0.5 0.5 0.5 33.77896007972803 58.39644715411402 29.128042317953298
 0.26 0.66666 0.5 0.52 0.5 0.5 0.5 0.5 0.5 0.5 0.5 0.5 33.778960080699335 58.3964471579891 29.128042318532742
 0.26 0.66666 0.5 0.48 0.5 0.5 0.5 0.5 0.5 0.5 0.5 0.5 33.778960080699335 58.3964471579891 29.128042318532746
 0.26 0.66666 0.5 0.5 0.52 0.5 0.5 0.5 0.5 0.5 0.5 0.5 33.77896008069931 58.39644715798908 29.128042318532728
 0.26 0.66666 0.5 0.5 0.48 0.5 0.5 0.5 0.5 0.5 0.5 0.5 33.77896008069931 58.39644715798908 29.12804231853273
 0.26 0.66666 0.5 0.5 0.5 0.52 0.5 0.5 0.5 0.5 0.5 0.5 33.76984893378694 58.37983070107721 29.1193270183175
 0.26 0.66666 0.5 0.5 0.5 0.48 0.5 0.5 0.5 0.5 0.5 0.5 33.75159487076457 58.346079277997795 29.101594456297704
 0.26 0.66666 0.5 0.5 0.5 0.5 0.52 0.5 0.5 0.5 0.5 0.5 33.778960080699335 58.396447157989115 29.12804231853275
 0.26 0.66666 0.5 0.5 0.5 0.5 0.48 0.5 0.5 0.5 0.5 0.5 33.778960080699335 58.39644715798912 29.128042318532753
 0.26 0.66666 0.5 0.5 0.5 0.5 0.5 0.5 0.5 0.5 0.5 0.48 33.7789600806993 58.39644715798908 29.128042318532746
 0.26 0.66666 0.5 0.5 0.5 0.5 0.5 0.5 0.5 0.5 0.5 0.52 33.7789600806993 58.39644715798908 29.128042318532746
 0.26 0.66666 0.5 0.5 0.5 0.5 0.5 0.5 0.52 0.5 0.5 0.5 35.861440775331864 62.00720872645074 30.935329760459247
 0.26 0.66666 0.5 0.5 0.5 0.5 0.5 0.5 0.48 0.5 0.5 0.5 31.662171242886917 54.72055052809151 27.287869574555454
 0.26 0.66666 0.5 0.5 0.5 0.5 0.5 0.5 0.5 0.52 0.5 0.5 41.74356316366895 72.19102081093529 36.02091561106743
 0.26 0.66666 0.5 0.5 0.5 0.5 0.5 0.5 0.5 0.48 0.5 0.5 25.806699997608096 44.58785147184201 22.22779156383054
 0.26 0.66666 0.5 0.5 0.5 0.5 0.5 0.5 0.5 0.5 0.52 0.5 33.778960080699264 58.39644715798902 29.12804231853272
 0.26 0.66666 0.5 0.5 0.5 0.5 0.5 0.5 0.5 0.5 0.48 0.5 33.778960080699264 58.39644715798902 29.12804231853272
 0.26 0.66666 0.5 0.5 0.5 0.5 0.5 0.48 0.5 0.5 0.5 0.5 32.34996703866673 55.9162368861783 27.88624051842536
 0.26 0.66666 0.5 0.5 0.5 0.5 0.5 0.52 0.5 0.5 0.5 0.5 35.19442045263979 60.851749962647105 30.356678409496073
 0.2650000375 0.66666 0.5 0.5 0.5 0.505 0.5 0.505 0.5 0.5 0.5 0.505 2.410726275858839 4.151115488387889 2.2022430102134907
 0.26 0.66666 0.5 0.5 0.5 0.5 0.5 0.5 0.5 0.5 0.5 0.5 0.4588856105129838 0.7947940243508188 0.3971479010650265
 0.3000003 0.66666 0.5 0.5 0.5 0.5 0.5 0.5 0.5 0.5 0.5 0.5 1.734658199128716 2.968702949807795 1.8833034389919932
 0.21999970000000002 0.66666 0.5 0.5 0.5 0.5 0.5 0.5 0.5 0.5 0.5 0.5 1.409181843740099 2.4365291564502782 1.1471641007151918
 0.26 0.7066600000000001 0.5 0.5 0.5 0.5 0.5 0.5 0.5 0.5 0.5 0.5 1.5765914879700773 3.3532730931422936 1.5868450597223582
 0.26 0.62666 0.5 0.5 0.5 0.5 0.5 0.5 0.5 0.5 0.5 0.5 10.81807893973818 18.572345306580885 9.298670091273191
 0.26 0.66666 0.54 0.5 0.5 0.5 0.5 0.5 0.5 0.5 0.5 0.5 81.2096653554584 140.70730706344608 70.33339368229292
 0.26 0.66666 0.46 0.5 0.5 0.5 0.5 0.5 0.5 0.5 0.5 0.5 81.20998638491683 140.70784434670742 70.33370022902884
 0.26 0.66666 0.5 0.54 0.5 0.5 0.5 0.5 0.5 0.5 0.5 0.5 81.2098218253935 140.70757075613776 70.33353462166434
 0.26 0.66666 0.5 0.46 0.5 0.5 0.5 0.5 0.5 0.5 0.5 0.5 81.20991708413786 140.7077221438143 70.33363624747989
 0.26 0.66666 0.5 0.5 0.54 0.5 0.5 0.5 0.5 0.5 0.5 0.5 81.2098218253935 140.70757075613778 70.33353462166434
 0.26 0.66666 0.5 0.5 0.46 0.5 0.5 0.5 0.5 0.5 0.5 0.5 81.20991708413786 140.7077221438143 70.33363624747989
 0.26 0.66666 0.5 0.5 0.5 0.54 0.5 0.5 0.5 0.5 0.5 0.5 81.20783355651146 140.70269819555094 70.33042461488292
 0.26 0.66666 0.5 0.5 0.5 0.46 0.5 0.5 0.5 0.5 0.5 0.5 81.21472261753918 140.71500788726408 70.33681254097286
 0.26 0.66666 0.5 0.5 0.5 0.5 0.54 0.5 0.5 0.5 0.5 0.5 81.20982182539359 140.70757075613793 70.33353462166443
 0.26 0.66666 0.5 0.5 0.5 0.5 0.46 0.5 0.5 0.5 0.5 0.5 81.20991708413794 140.70772214381446 70.33363624747997
 0.26 0.66666 0.5 0.5 0.5 0.5 0.5 0.54 0.5 0.5 0.5 0.5 81.20589359620617 140.6995014673794 70.32887096696385
 0.26 0.66666 0.5 0.5 0.5 0.5 0.5 0.46 0.5 0.5 0.5 0.5 81.2058973575237 140.69950557601223 70.32887386441631
 0.26 0.66666 0.5 0.5 0.5 0.5 0.5 0.5 0.54 0.5 0.5 0.5 81.2090972761326 140.7053032872814 70.33167954707424
 0.26 0.66666 0.5 0.5 0.5 0.5 0.5 0.5 0.46 0.5 0.5 0.5 81.20870410809594 140.7043025335977 70.33100784282573
 0.26 0.66666 0.5 0.5 0.5 0.5 0.5 0.5 0.5 0.54 0.5 0.5 81.2096043986151 140.70714392758606 70.33329682833964
 0.26 0.66666 0.5 0.5 0.5 0.5 0.5 0.5 0.5 0.46 0.5 0.5 81.20616170997322 140.69980857555618 70.32898738864304
 0.26 0.66666 0.5 0.5 0.5 0.5 0.5 0.5 0.5 0.5 0.54 0.5 81.2098218253935 140.70757075613778 70.33353462166434
 0.26 0.66666 0.5 0.5 0.5 0.5 0.5 0.5 0.5 0.5 0.46 0.5 81.20998631563464 140.70784407778456 70.3337001853656
 0.26 0.66666 0.5 0.5 0.5 0.5 0.5 0.5 0.5 0.5 0.5 0.46 81.20991708413794 140.70772214381446 70.33363624747997
 0.26 0.66666 0.5 0.5 0.5 0.5 0.5 0.5 0.5 0.5 0.5 0.54 81.20982182539359 140.70757075613793 70.33353462166443
 0.28000015 0.66666 0.5 0.5 0.5 0.5 0.5 0.5 0.5 0.5 0.5 0.5 4.618588163123543 7.91766267726015 4.275110006341094
 0.23999985000000001 0.66666 0.5 0.5 0.5 0.5 0.5 0.5 0.5 0.5 0.5 0.5 3.9924775411112283 6.853942711095971 1.795620848659078
 0.26 0.68666 0.5 0.5 0.5 0.5 0.5 0.5 0.5 0.5 0.5 0.5 4.39005519849412 8.030222504910093 3.905281572676323
 0.26 0.64666 0.5 0.5 0.5 0.5 0.5 0.5 0.5 0.5 0.5 0.5 6.1140553129978015 7.912057389881326 4.236487413447143
 0.26 0.66666 0.52 0.5 0.5 0.5 0.5 0.5 0.5 0.5 0.5 0.5 33.77896007972803 58.39644715411402 29.1280423179533
 0.26 0.66666 0.48 0.5 0.5 0.5 0.5 0.5 0.5 0.5 0.5 0.5 33.77896007972803 58.39644715411402 29.128042317953298
 0.26 0.66666 0.5 0.52 0.5 0.5 0.5 0.5 0.5 0.5 0.5 0.5 33.778960080699335 58.3964471579891 29.128042318532742
 0.26 0.66666 0.5 0.48 0.5 0.5 0.5 0.5 0.5 0.5 0.5 0.5 33.778960080699335 58.3964471579891 29.128042318532746
 0.26 0.66666 0.5 0.5 0.52 0.5 0.5 0.5 0.5 0.5 0.5 0.5 33.77896008069931 58.39644715798908 29.128042318532728
 0.26 0.66666 0.5 0.5 0.48 0.5 0.5 0.5 0.5 0.5 0.5 0.5 33.77896008069931 58.39644715798908 29.12804231853273
 0.26 0.66666 0.5 0.5 0.5 0.52 0.5 0.5 0.5 0.5 0.5 0.5 33.76984893378694 58.37983070107721 29.1193270183175
 0.26 0.66666 0.5 0.5 0.5 0.48 0.5 0.5 0.5 0.5 0.5 0.5 33.75159487076457 58.346079277997795 29.101594456297704
 0.26 0.66666 0.5 0.5 0.5 0.5 0.52 0.5 0.5 0.5 0.5 0.5 33.778960080699335 58.396447157989115 29.12804231853275
 0.26 0.66666 0.5 0.5 0.5 0.5 0.48 0.5 0.5 0.5 0.5 0.5 33.778960080699335 58.39644715798912 29.128042318532753
 0.26 0.66666 0.5 0.5 0.5 0.5 0.5 0.5 0.5 0.5 0.5 0.48 33.7789600806993 58.39644715798908 29.128042318532746
 0.26 0.66666 0.5 0.5 0.5 0.5 0.5 0.5 0.5 0.5 0.5 0.52 33.7789600806993 58.39644715798908 29.128042318532746
 0.26 0.66666 0.5 0.5 0.5 0.5 0.5 0.5 0.52 0.5 0.5 0.5 35.861440775331864 62.00720872645074 30.935329760459247
 0.26 0.66666 0.5 0.5 0.5 0.5 0.5 0.5 0.48 0.5 0.5 0.5 31.662171242886917 54.72055052809151 27.287869574555454
 0.26 0.66666 0.5 0.5 0.5 0.5 0.5 0.5 0.5 0.52 0.5 0.5 41.74356316366895 72.19102081093529 36.02091561106743
 0.26 0.66666 0.5 0.5 0.5 0.5 0.5 0.5 0.5 0.48 0.5 0.5 25.806699997608096 44.58785147184201 22.22779156383054
 0.26 0.66666 0.5 0.5 0.5 0.5 0.5 0.5 0.5 0.5 0.52 0.5 33.778960080699264 58.39644715798902 29.12804231853272
 0.26 0.66666 0.5 0.5 0.5 0.5 0.5 0.5 0.5 0.5 0.48 0.5 33.778960080699264 58.39644715798902 29.12804231853272
 0.26 0.66666 0.5 0.5 0.5 0.5 0.5 0.48 0.5 0.5 0.5 0.5 32.34996703866673 55.9162368861783 27.88624051842536
 0.26 0.66666 0.5 0.5 0.5 0.5 0.5 0.52 0.5 0.5 0.5 0.5 35.19442045263979 60.851749962647105 30.356678409496073
 0.2650000375 0.66666 0.5 0.5 0.5 0.505 0.5 0.505 0.5 0.5 0.5 0.505 2.410726275858839 4.151115488387889 2.2022430102134907
 0.26 0.66666 0.5 0.5 0.5 0.5 0.5 0.5 0.5 0.5 0.5 0.5 0.4588856105129838 0.7947940243508188 0.3971479010650265
 0.3000003 0.66666 0.5 0.5 0.5 0.5 0.5 0.5 0.5 0.5 0.5 0.5 1.734658199128716 2.968702949807795 1.8833034389919932
 0.21999970000000002 0.66666 0.5 0.5 0.5 0.5 0.5 0.5 0.5 0.5 0.5 0.5 1.409181843740099 2.4365291564502782 1.1471641007151918
 0.26 0.7066600000000001 0.5 0.5 0.5 0.5 0.5 0.5 0.5 0.5 0.5 0.5 1.5765914879700773 3.3532730931422936 1.5868450597223582
 0.26 0.62666 0.5 0.5 0.5 0.5 0.5 0.5 0.5 0.5 0.5 0.5 10.81807893973818 18.572345306580885 9.298670091273191
 0.26 0.66666 0.54 0.5 0.5 0.5 0.5 0.5 0.5 0.5 0.5 0.5 81.2096653554584 140.70730706344608 70.33339368229292
 0.26 0.66666 0.46 0.5 0.5 0.5 0.5 0.5 0.5 0.5 0.5 0.5 81.20998638491683 140.70784434670742 70.33370022902884
 0.26 0.66666 0.5 0.54 0.5 0.5 0.5 0.5 0.5 0.5 0.5 0.5 81.2098218253935 140.70757075613776 70.33353462166434
 0.26 0.66666 0.5 0.46 0.5 0.5 0.5 0.5 0.5 0.5 0.5 0.5 81.20991708413786 140.7077221438143 70.33363624747989
 0.26 0.66666 0.5 0.5 0.54 0.5 0.5 0.5 0.5 0.5 0.5 0.5 81.2098218253935 140.70757075613778 70.33353462166434
 0.26 0.66666 0.5 0.5 0.46 0.5 0.5 0.5 0.5 0.5 0.5 0.5 81.20991708413786 140.7077221438143 70.33363624747989
 0.26 0.66666 0.5 0.5 0.5 0.54 0.5 0.5 0.5 0.5 0.5 0.5 81.20783355651146 140.70269819555094 70.33042461488292
 0.26 0.66666 0.5 0.5 0.5 0.46 0.5 0.5 0.5 0.5 0.5 0.5 81.21472261753918 140.71500788726408 70.33681254097286
 0.26 0.66666 0.5 0.5 0.5 0.5 0.54 0.5 0.5 0.5 0.5 0.5 81.20982182539359 140.70757075613793 70.33353462166443
 0.26 0.66666 0.5 0.5 0.5 0.5 0.46 0.5 0.5 0.5 0.5 0.5 81.20991708413794 140.70772214381446 70.33363624747997
 0.26 0.66666 0.5 0.5 0.5 0.5 0.5 0.54 0.5 0.5 0.5 0.5 81.20589359620617 140.6995014673794 70.32887096696385
 0.26 0.66666 0.5 0.5 0.5 0.5 0.5 0.46 0.5 0.5 0.5 0.5 81.2058973575237 140.69950557601223 70.32887386441631
 0.26 0.66666 0.5 0.5 0.5 0.5 0.5 0.5 0.54 0.5 0.5 0.5 81.2090972761326 140.7053032872814 70.33167954707424
 0.26 0.66666 0.5 0.5 0.5 0.5 0.5 0.5 0.46 0.5 0.5 0.5 81.20870410809594 140.7043025335977 70.33100784282573
 0.26 0.66666 0.5 0.5 0.5 0.5 0.5 0.5 0.5 0.54 0.5 0.5 81.2096043986151 140.70714392758606 70.33329682833964
 0.26 0.66666 0.5 0.5 0.5 0.5 0.5 0.5 0.5 0.46 0.5 0.5 81.20616170997322 140.69980857555618 70.32898738864304
 0.26 0.66666 0.5 0.5 0.5 0.5 0.5 0.5 0.5 0.5 0.54 0.5 81.2098218253935 140.70757075613778 70.33353462166434
 0.26 0.66666 0.5 0.5 0.5 0.5 0.5 0.5 0.5 0.5 0.46 0.5 81.20998631563464 140.70784407778456 70.3337001853656
 0.26 0.66666 0.5 0.5 0.5 0.5 0.5 0.5 0.5 0.5 0.5 0.46 81.20991708413794 140.70772214381446 70.33363624747997
 0.26 0.66666 0.5 0.5 0.5 0.5 0.5 0.5 0.5 0.5 0.5 0.54 81.20982182539359 140.70757075613793 70.33353462166443
 0.28000015 0.66666 0.5 0.5 0.5 0.5 0.5 0.5 0.5 0.5 0.5 0.5 4.618588163123543 7.91766267726015 4.275110006341094
 0.23999985000000001 0.66666 0.5 0.5 0.5 0.5 0.5 0.5 0.5 0.5 0.5 0.5 3.9924775411112283 6.853942711095971 1.795620848659078
 0.26 0.68666 0.5 0.5 0.5 0.5 0.5 0.5 0.5 0.5 0.5 0.5 4.39005519849412 8.030222504910093 3.905281572676323
 0.26 0.64666 0.5 0.5 0.5 0.5 0.5 0.5 0.5 0.5 0.5 0.5 6.1140553129978015 7.912057389881326 4.236487413447143
 0.26 0.66666 0.52 0.5 0.5 0.5 0.5 0.5 0.5 0.5 0.5 0.5 33.77896007972803 58.39644715411402 29.1280423179533
 0.26 0.66666 0.48 0.5 0.5 0.5 0.5 0.5 0.5 0.5 0.5 0.5 33.77896007972803 58.39644715411402 29.128042317953298
 0.26 0.66666 0.5 0.52 0.5 0.5 0.5 0.5 0.5 0.5 0.5 0.5 33.778960080699335 58.3964471579891 29.128042318532742
 0.26 0.66666 0.5 0.48 0.5 0.5 0.5 0.5 0.5 0.5 0.5 0.5 33.778960080699335 58.3964471579891 29.128042318532746
 0.26 0.66666 0.5 0.5 0.52 0.5 0.5 0.5 0.5 0.5 0.5 0.5 33.77896008069931 58.39644715798908 29.128042318532728
 0.26 0.66666 0.5 0.5 0.48 0.5 0.5 0.5 0.5 0.5 0.5 0.5 33.77896008069931 58.39644715798908 29.12804231853273
 0.26 0.66666 0.5 0.5 0.5 0.52 0.5 0.5 0.5 0.5 0.5 0.5 33.76984893378694 58.37983070107721 29.1193270183175
 0.26 0.66666 0.5 0.5 0.5 0.48 0.5 0.5 0.5 0.5 0.5 0.5 33.75159487076457 58.346079277997795 29.101594456297704
 0.26 0.66666 0.5 0.5 0.5 0.5 0.52 0.5 0.5 0.5 0.5 0.5 33.778960080699335 58.396447157989115 29.12804231853275
 0.26 0.66666 0.5 0.5 0.5 0.5 0.48 0.5 0.5 0.5 0.5 0.5 33.778960080699335 58.39644715798912 29.128042318532753
 0.26 0.66666 0.5 0.5 0.5 0.5 0.5 0.5 0.5 0.5 0.5 0.48 33.7789600806993 58.39644715798908 29.128042318532746
 0.26 0.66666 0.5 0.5 0.5 0.5 0.5 0.5 0.5 0.5 0.5 0.52 33.7789600806993 58.39644715798908 29.128042318532746
 0.26 0.66666 0.5 0.5 0.5 0.5 0.5 0.5 0.52 0.5 0.5 0.5 35.861440775331864 62.00720872645074 30.935329760459247
 0.26 0.66666 0.5 0.5 0.5 0.5 0.5 0.5 0.48 0.5 0.5 0.5 31.662171242886917 54.72055052809151 27.287869574555454
 0.26 0.66666 0.5 0.5 0.5 0.5 0.5 0.5 0.5 0.52 0.5 0.5 41.74356316366895 72.19102081093529 36.02091561106743
 0.26 0.66666 0.5 0.5 0.5 0.5 0.5 0.5 0.5 0.48 0.5 0.5 25.806699997608096 44.58785147184201 22.22779156383054
 0.26 0.66666 0.5 0.5 0.5 0.5 0.5 0.5 0.5 0.5 0.52 0.5 33.778960080699264 58.39644715798902 29.12804231853272
 0.26 0.66666 0.5 0.5 0.5 0.5 0.5 0.5 0.5 0.5 0.48 0.5 33.778960080699264 58.39644715798902 29.12804231853272
 0.26 0.66666 0.5 0.5 0.5 0.5 0.5 0.48 0.5 0.5 0.5 0.5 32.34996703866673 55.9162368861783 27.88624051842536
 0.26 0.66666 0.5 0.5 0.5 0.5 0.5 0.52 0.5 0.5 0.5 0.5 35.19442045263979 60.851749962647105 30.356678409496073
 0.2650000375 0.66666 0.5 0.5 0.5 0.505 0.5 0.505 0.5 0.5 0.5 0.505 2.410726275858839 4.151115488387889 2.2022430102134907
 0.26 0.66666 0.5 0.5 0.5 0.5 0.5 0.5 0.5 0.5 0.5 0.5 0.4588856105129838 0.7947940243508188 0.3971479010650265
 0.3000003 0.66666 0.5 0.5 0.5 0.5 0.5 0.5 0.5 0.5 0.5 0.5 1.734658199128716 2.968702949807795 1.8833034389919932
 0.21999970000000002 0.66666 0.5 0.5 0.5 0.5 0.5 0.5 0.5 0.5 0.5 0.5 1.409181843740099 2.4365291564502782 1.1471641007151918
 0.26 0.7066600000000001 0.5 0.5 0.5 0.5 0.5 0.5 0.5 0.5 0.5 0.5 1.5765914879700773 3.3532730931422936 1.5868450597223582
 0.26 0.62666 0.5 0.5 0.5 0.5 0.5 0.5 0.5 0.5 0.5 0.5 10.81807893973818 18.572345306580885 9.298670091273191
 0.26 0.66666 0.54 0.5 0.5 0.5 0.5 0.5 0.5 0.5 0.5 0.5 81.2096653554584 140.70730706344608 70.33339368229292
 0.26 0.66666 0.46 0.5 0.5 0.5 0.5 0.5 0.5 0.5 0.5 0.5 81.20998638491683 140.70784434670742 70.33370022902884
 0.26 0.66666 0.5 0.54 0.5 0.5 0.5 0.5 0.5 0.5 0.5 0.5 81.2098218253935 140.70757075613776 70.33353462166434
 0.26 0.66666 0.5 0.46 0.5 0.5 0.5 0.5 0.5 0.5 0.5 0.5 81.20991708413786 140.7077221438143 70.33363624747989
 0.26 0.66666 0.5 0.5 0.54 0.5 0.5 0.5 0.5 0.5 0.5 0.5 81.2098218253935 140.70757075613778 70.33353462166434
 0.26 0.66666 0.5 0.5 0.46 0.5 0.5 0.5 0.5 0.5 0.5 0.5 81.20991708413786 140.7077221438143 70.33363624747989
 0.26 0.66666 0.5 0.5 0.5 0.54 0.5 0.5 0.5 0.5 0.5 0.5 81.20783355651146 140.70269819555094 70.33042461488292
 0.26 0.66666 0.5 0.5 0.5 0.46 0.5 0.5 0.5 0.5 0.5 0.5 81.21472261753918 140.71500788726408 70.33681254097286
 0.26 0.66666 0.5 0.5 0.5 0.5 0.54 0.5 0.5 0.5 0.5 0.5 81.20982182539359 140.70757075613793 70.33353462166443
 0.26 0.66666 0.5 0.5 0.5 0.5 0.46 0.5 0.5 0.5 0.5 0.5 81.20991708413794 140.70772214381446 70.33363624747997
 0.26 0.66666 0.5 0.5 0.5 0.5 0.5 0.54 0.5 0.5 0.5 0.5 81.20589359620617 140.6995014673794 70.32887096696385
 0.26 0.66666 0.5 0.5 0.5 0.5 0.5 0.46 0.5 0.5 0.5 0.5 81.2058973575237 140.69950557601223 70.32887386441631
 0.26 0.66666 0.5 0.5 0.5 0.5 0.5 0.5 0.54 0.5 0.5 0.5 81.2090972761326 140.7053032872814 70.33167954707424
 0.26 0.66666 0.5 0.5 0.5 0.5 0.5 0.5 0.46 0.5 0.5 0.5 81.20870410809594 140.7043025335977 70.33100784282573
 0.26 0.66666 0.5 0.5 0.5 0.5 0.5 0.5 0.5 0.54 0.5 0.5 81.2096043986151 140.70714392758606 70.33329682833964
 0.26 0.66666 0.5 0.5 0.5 0.5 0.5 0.5 0.5 0.46 0.5 0.5 81.20616170997322 140.69980857555618 70.32898738864304
 0.26 0.66666 0.5 0.5 0.5 0.5 0.5 0.5 0.5 0.5 0.54 0.5 81.2098218253935 140.70757075613778 70.33353462166434
 0.26 0.66666 0.5 0.5 0.5 0.5 0.5 0.5 0.5 0.5 0.46 0.5 81.20998631563464 140.70784407778456 70.3337001853656
 0.26 0.66666 0.5 0.5 0.5 0.5 0.5 0.5 0.5 0.5 0.5 0.46 81.20991708413794 140.70772214381446 70.33363624747997
 0.26 0.66666 0.5 0.5 0.5 0.5 0.5 0.5 0.5 0.5 0.5 0.54 81.20982182539359 140.70757075613793 70.33353462166443
 0.28000015 0.66666 0.5 0.5 0.5 0.5 0.5 0.5 0.5 0.5 0.5 0.5 4.618588163123543 7.91766267726015 4.275110006341094
 0.23999985000000001 0.66666 0.5 0.5 0.5 0.5 0.5 0.5 0.5 0.5 0.5 0.5 3.9924775411112283 6.853942711095971 1.795620848659078
 0.26 0.68666 0.5 0.5 0.5 0.5 0.5 0.5 0.5 0.5 0.5 0.5 4.39005519849412 8.030222504910093 3.905281572676323
 0.26 0.64666 0.5 0.5 0.5 0.5 0.5 0.5 0.5 0.5 0.5 0.5 6.1140553129978015 7.912057389881326 4.236487413447143
 0.26 0.66666 0.52 0.5 0.5 0.5 0.5 0.5 0.5 0.5 0.5 0.5 33.77896007972803 58.39644715411402 29.1280423179533
 0.26 0.66666 0.48 0.5 0.5 0.5 0.5 0.5 0.5 0.5 0.5 0.5 33.77896007972803 58.39644715411402 29.128042317953298
 0.26 0.66666 0.5 0.52 0.5 0.5 0.5 0.5 0.5 0.5 0.5 0.5 33.778960080699335 58.3964471579891 29.128042318532742
 0.26 0.66666 0.5 0.48 0.5 0.5 0.5 0.5 0.5 0.5 0.5 0.5 33.778960080699335 58.3964471579891 29.128042318532746
 0.26 0.66666 0.5 0.5 0.52 0.5 0.5 0.5 0.5 0.5 0.5 0.5 33.77896008069931 58.39644715798908 29.128042318532728
 0.26 0.66666 0.5 0.5 0.48 0.5 0.5 0.5 0.5 0.5 0.5 0.5 33.77896008069931 58.39644715798908 29.12804231853273
 0.26 0.66666 0.5 0.5 0.5 0.52 0.5 0.5 0.5 0.5 0.5 0.5 33.76984893378694 58.37983070107721 29.1193270183175
 0.26 0.66666 0.5 0.5 0.5 0.48 0.5 0.5 0.5 0.5 0.5 0.5 33.75159487076457 58.346079277997795 29.101594456297704
 0.26 0.66666 0.5 0.5 0.5 0.5 0.52 0.5 0.5 0.5 0.5 0.5 33.778960080699335 58.396447157989115 29.12804231853275
 0.26 0.66666 0.5 0.5 0.5 0.5 0.48 0.5 0.5 0.5 0.5 0.5 33.778960080699335 58.39644715798912 29.128042318532753
 0.26 0.66666 0.5 0.5 0.5 0.5 0.5 0.5 0.5 0.5 0.5 0.48 33.7789600806993 58.39644715798908 29.128042318532746
 0.26 0.66666 0.5 0.5 0.5 0.5 0.5 0.5 0.5 0.5 0.5 0.52 33.7789600806993 58.39644715798908 29.128042318532746
 0.26 0.66666 0.5 0.5 0.5 0.5 0.5 0.5 0.52 0.5 0.5 0.5 35.861440775331864 62.00720872645074 30.935329760459247
 0.26 0.66666 0.5 0.5 0.5 0.5 0.5 0.5 0.48 0.5 0.5 0.5 31.662171242886917 54.72055052809151 27.287869574555454
 0.26 0.66666 0.5 0.5 0.5 0.5 0.5 0.5 0.5 0.52 0.5 0.5 41.74356316366895 72.19102081093529 36.02091561106743
 0.26 0.66666 0.5 0.5 0.5 0.5 0.5 0.5 0.5 0.48 0.5 0.5 25.806699997608096 44.58785147184201 22.22779156383054
 0.26 0.66666 0.5 0.5 0.5 0.5 0.5 0.5 0.5 0.5 0.52 0.5 33.778960080699264 58.39644715798902 29.12804231853272
 0.26 0.66666 0.5 0.5 0.5 0.5 0.5 0.5 0.5 0.5 0.48 0.5 33.778960080699264 58.39644715798902 29.12804231853272
 0.26 0.66666 0.5 0.5 0.5 0.5 0.5 0.48 0.5 0.5 0.5 0.5 32.34996703866673 55.9162368861783 27.88624051842536
 0.26 0.66666 0.5 0.5 0.5 0.5 0.5 0.52 0.5 0.5 0.5 0.5 35.19442045263979 60.851749962647105 30.356678409496073
 0.2650000375 0.66666 0.5 0.5 0.5 0.505 0.5 0.505 0.5 0.5 0.5 0.505 2.410726275858839 4.151115488387889 2.2022430102134907
 0.26 0.66666 0.5 0.5 0.5 0.5 0.5 0.5 0.5 0.5 0.5 0.5 0.4588856105129838 0.7947940243508188 0.3971479010650265
 0.3000003 0.66666 0.5 0.5 0.5 0.5 0.5 0.5 0.5 0.5 0.5 0.5 1.734658199128716 2.968702949807795 1.8833034389919932
 0.21999970000000002 0.66666 0.5 0.5 0.5 0.5 0.5 0.5 0.5 0.5 0.5 0.5 1.409181843740099 2.4365291564502782 1.1471641007151918
 0.26 0.7066600000000001 0.5 0.5 0.5 0.5 0.5 0.5 0.5 0.5 0.5 0.5 1.5765914879700773 3.3532730931422936 1.5868450597223582
 0.26 0.62666 0.5 0.5 0.5 0.5 0.5 0.5 0.5 0.5 0.5 0.5 10.81807893973818 18.572345306580885 9.298670091273191
 0.26 0.66666 0.54 0.5 0.5 0.5 0.5 0.5 0.5 0.5 0.5 0.5 81.2096653554584 140.70730706344608 70.33339368229292
 0.26 0.66666 0.46 0.5 0.5 0.5 0.5 0.5 0.5 0.5 0.5 0.5 81.20998638491683 140.70784434670742 70.33370022902884
 0.26 0.66666 0.5 0.54 0.5 0.5 0.5 0.5 0.5 0.5 0.5 0.5 81.2098218253935 140.70757075613776 70.33353462166434
 0.26 0.66666 0.5 0.46 0.5 0.5 0.5 0.5 0.5 0.5 0.5 0.5 81.20991708413786 140.7077221438143 70.33363624747989
 0.26 0.66666 0.5 0.5 0.54 0.5 0.5 0.5 0.5 0.5 0.5 0.5 81.2098218253935 140.70757075613778 70.33353462166434
 0.26 0.66666 0.5 0.5 0.46 0.5 0.5 0.5 0.5 0.5 0.5 0.5 81.20991708413786 140.7077221438143 70.33363624747989
 0.26 0.66666 0.5 0.5 0.5 0.54 0.5 0.5 0.5 0.5 0.5 0.5 81.20783355651146 140.70269819555094 70.33042461488292
 0.26 0.66666 0.5 0.5 0.5 0.46 0.5 0.5 0.5 0.5 0.5 0.5 81.21472261753918 140.71500788726408 70.33681254097286
 0.26 0.66666 0.5 0.5 0.5 0.5 0.54 0.5 0.5 0.5 0.5 0.5 81.20982182539359 140.70757075613793 70.33353462166443
 0.26 0.66666 0.5 0.5 0.5 0.5 0.46 0.5 0.5 0.5 0.5 0.5 81.20991708413794 140.70772214381446 70.33363624747997
 0.26 0.66666 0.5 0.5 0.5 0.5 0.5 0.54 0.5 0.5 0.5 0.5 81.20589359620617 140.6995014673794 70.32887096696385
 0.26 0.66666 0.5 0.5 0.5 0.5 0.5 0.46 0.5 0.5 0.5 0.5 81.2058973575237 140.69950557601223 70.32887386441631
 0.26 0.66666 0.5 0.5 0.5 0.5 0.5 0.5 0.54 0.5 0.5 0.5 81.2090972761326 140.7053032872814 70.33167954707424
 0.26 0.66666 0.5 0.5 0.5 0.5 0.5 0.5 0.46 0.5 0.5 0.5 81.20870410809594 140.7043025335977 70.33100784282573
 0.26 0.66666 0.5 0.5 0.5 0.5 0.5 0.5 0.5 0.54 0.5 0.5 81.2096043986151 140.70714392758606 70.33329682833964
 0.26 0.66666 0.5 0.5 0.5 0.5 0.5 0.5 0.5 0.46 0.5 0.5 81.20616170997322 140.69980857555618 70.32898738864304
 0.26 0.66666 0.5 0.5 0.5 0.5 0.5 0.5 0.5 0.5 0.54 0.5 81.2098218253935 140.70757075613778 70.33353462166434
 0.26 0.66666 0.5 0.5 0.5 0.5 0.5 0.5 0.5 0.5 0.46 0.5 81.20998631563464 140.70784407778456 70.3337001853656
 0.26 0.66666 0.5 0.5 0.5 0.5 0.5 0.5 0.5 0.5 0.5 0.46 81.20991708413794 140.70772214381446 70.33363624747997
 0.26 0.66666 0.5 0.5 0.5 0.5 0.5 0.5 0.5 0.5 0.5 0.54 81.20982182539359 140.70757075613793 70.33353462166443
 0.28000015 0.66666 0.5 0.5 0.5 0.5 0.5 0.5 0.5 0.5 0.5 0.5 4.618588163123543 7.91766267726015 4.275110006341094
 0.23999985000000001 0.66666 0.5 0.5 0.5 0.5 0.5 0.5 0.5 0.5 0.5 0.5 3.9924775411112283 6.853942711095971 1.795620848659078
 0.26 0.68666 0.5 0.5 0.5 0.5 0.5 0.5 0.5 0.5 0.5 0.5 4.39005519849412 8.030222504910093 3.905281572676323
 0.26 0.64666 0.5 0.5 0.5 0.5 0.5 0.5 0.5 0.5 0.5 0.5 6.1140553129978015 7.912057389881326 4.236487413447143
 0.26 0.66666 0.52 0.5 0.5 0.5 0.5 0.5 0.5 0.5 0.5 0.5 33.77896007972803 58.39644715411402 29.1280423179533
 0.26 0.66666 0.48 0.5 0.5 0.5 0.5 0.5 0.5 0.5 0.5 0.5 33.77896007972803 58.39644715411402 29.128042317953298
 0.26 0.66666 0.5 0.52 0.5 0.5 0.5 0.5 0.5 0.5 0.5 0.5 33.778960080699335 58.3964471579891 29.128042318532742
 0.26 0.66666 0.5 0.48 0.5 0.5 0.5 0.5 0.5 0.5 0.5 0.5 33.778960080699335 58.3964471579891 29.128042318532746
 0.26 0.66666 0.5 0.5 0.52 0.5 0.5 0.5 0.5 0.5 0.5 0.5 33.77896008069931 58.39644715798908 29.128042318532728
 0.26 0.66666 0.5 0.5 0.48 0.5 0.5 0.5 0.5 0.5 0.5 0.5 33.77896008069931 58.39644715798908 29.12804231853273
 0.26 0.66666 0.5 0.5 0.5 0.52 0.5 0.5 0.5 0.5 0.5 0.5 33.76984893378694 58.37983070107721 29.1193270183175
 0.26 0.66666 0.5 0.5 0.5 0.48 0.5 0.5 0.5 0.5 0.5 0.5 33.75159487076457 58.346079277997795 29.101594456297704
 0.26 0.66666 0.5 0.5 0.5 0.5 0.52 0.5 0.5 0.5 0.5 0.5 33.778960080699335 58.396447157989115 29.12804231853275
 0.26 0.66666 0.5 0.5 0.5 0.5 0.48 0.5 0.5 0.5 0.5 0.5 33.778960080699335 58.39644715798912 29.128042318532753
 0.26 0.66666 0.5 0.5 0.5 0.5 0.5 0.5 0.5 0.5 0.5 0.48 33.7789600806993 58.39644715798908 29.128042318532746
 0.26 0.66666 0.5 0.5 0.5 0.5 0.5 0.5 0.5 0.5 0.5 0.52 33.7789600806993 58.39644715798908 29.128042318532746
 0.26 0.66666 0.5 0.5 0.5 0.5 0.5 0.5 0.52 0.5 0.5 0.5 35.861440775331864 62.00720872645074 30.935329760459247
 0.26 0.66666 0.5 0.5 0.5 0.5 0.5 0.5 0.48 0.5 0.5 0.5 31.662171242886917 54.72055052809151 27.287869574555454
 0.26 0.66666 0.5 0.5 0.5 0.5 0.5 0.5 0.5 0.52 0.5 0.5 41.74356316366895 72.19102081093529 36.02091561106743
 0.26 0.66666 0.5 0.5 0.5 0.5 0.5 0.5 0.5 0.48 0.5 0.5 25.806699997608096 44.58785147184201 22.22779156383054
 0.26 0.66666 0.5 0.5 0.5 0.5 0.5 0.5 0.5 0.5 0.52 0.5 33.778960080699264 58.39644715798902 29.12804231853272
 0.26 0.66666 0.5 0.5 0.5 0.5 0.5 0.5 0.5 0.5 0.48 0.5 33.778960080699264 58.39644715798902 29.12804231853272
 0.26 0.66666 0.5 0.5 0.5 0.5 0.5 0.48 0.5 0.5 0.5 0.5 32.34996703866673 55.9162368861783 27.88624051842536
 0.26 0.66666 0.5 0.5 0.5 0.5 0.5 0.52 0.5 0.5 0.5 0.5 35.19442045263979 60.851749962647105 30.356678409496073
 0.2650000375 0.66666 0.5 0.5 0.5 0.505 0.5 0.505 0.5 0.5 0.5 0.505 2.410726275858839 4.151115488387889 2.2022430102134907
 0.26 0.66666 0.5 0.5 0.5 0.5 0.5 0.5 0.5 0.5 0.5 0.5 0.4588856105129838 0.7947940243508188 0.3971479010650265
 0.3000003 0.66666 0.5 0.5 0.5 0.5 0.5 0.5 0.5 0.5 0.5 0.5 1.734658199128716 2.968702949807795 1.8833034389919932
 0.21999970000000002 0.66666 0.5 0.5 0.5 0.5 0.5 0.5 0.5 0.5 0.5 0.5 1.409181843740099 2.4365291564502782 1.1471641007151918
 0.26 0.7066600000000001 0.5 0.5 0.5 0.5 0.5 0.5 0.5 0.5 0.5 0.5 1.5765914879700773 3.3532730931422936 1.5868450597223582
 0.26 0.62666 0.5 0.5 0.5 0.5 0.5 0.5 0.5 0.5 0.5 0.5 10.81807893973818 18.572345306580885 9.298670091273191
 0.26 0.66666 0.54 0.5 0.5 0.5 0.5 0.5 0.5 0.5 0.5 0.5 81.2096653554584 140.70730706344608 70.33339368229292
 0.26 0.66666 0.46 0.5 0.5 0.5 0.5 0.5 0.5 0.5 0.5 0.5 81.20998638491683 140.70784434670742 70.33370022902884
 0.26 0.66666 0.5 0.54 0.5 0.5 0.5 0.5 0.5 0.5 0.5 0.5 81.2098218253935 140.70757075613776 70.33353462166434
 0.26 0.66666 0.5 0.46 0.5 0.5 0.5 0.5 0.5 0.5 0.5 0.5 81.20991708413786 140.7077221438143 70.33363624747989
 0.26 0.66666 0.5 0.5 0.54 0.5 0.5 0.5 0.5 0.5 0.5 0.5 81.2098218253935 140.70757075613778 70.33353462166434
 0.26 0.66666 0.5 0.5 0.46 0.5 0.5 0.5 0.5 0.5 0.5 0.5 81.20991708413786 140.7077221438143 70.33363624747989
 0.26 0.66666 0.5 0.5 0.5 0.54 0.5 0.5 0.5 0.5 0.5 0.5 81.20783355651146 140.70269819555094 70.33042461488292
 0.26 0.66666 0.5 0.5 0.5 0.46 0.5 0.5 0.5 0.5 0.5 0.5 81.21472261753918 140.71500788726408 70.33681254097286
 0.26 0.66666 0.5 0.5 0.5 0.5 0.54 0.5 0.5 0.5 0.5 0.5 81.20982182539359 140.70757075613793 70.33353462166443
 0.26 0.66666 0.5 0.5 0.5 0.5 0.46 0.5 0.5 0.5 0.5 0.5 81.20991708413794 140.70772214381446 70.33363624747997
 0.26 0.66666 0.5 0.5 0.5 0.5 0.5 0.54 0.5 0.5 0.5 0.5 81.20589359620617 140.6995014673794 70.32887096696385
 0.26 0.66666 0.5 0.5 0.5 0.5 0.5 0.46 0.5 0.5 0.5 0.5 81.2058973575237 140.69950557601223 70.32887386441631
 0.26 0.66666 0.5 0.5 0.5 0.5 0.5 0.5 0.54 0.5 0.5 0.5 81.2090972761326 140.7053032872814 70.33167954707424
 0.26 0.66666 0.5 0.5 0.5 0.5 0.5 0.5 0.46 0.5 0.5 0.5 81.20870410809594 140.7043025335977 70.33100784282573
 0.26 0.66666 0.5 0.5 0.5 0.5 0.5 0.5 0.5 0.54 0.5 0.5 81.2096043986151 140.70714392758606 70.33329682833964
 0.26 0.66666 0.5 0.5 0.5 0.5 0.5 0.5 0.5 0.46 0.5 0.5 81.20616170997322 140.69980857555618 70.32898738864304
 0.26 0.66666 0.5 0.5 0.5 0.5 0.5 0.5 0.5 0.5 0.54 0.5 81.2098218253935 140.70757075613778 70.33353462166434
 0.26 0.66666 0.5 0.5 0.5 0.5 0.5 0.5 0.5 0.5 0.46 0.5 81.20998631563464 140.70784407778456 70.3337001853656
 0.26 0.66666 0.5 0.5 0.5 0.5 0.5 0.5 0.5 0.5 0.5 0.46 81.20991708413794 140.70772214381446 70.33363624747997
 0.26 0.66666 0.5 0.5 0.5 0.5 0.5 0.5 0.5 0.5 0.5 0.54 81.20982182539359 140.70757075613793 70.33353462166443
 0.28000015 0.66666 0.5 0.5 0.5 0.5 0.5 0.5 0.5 0.5 0.5 0.5 4.618588163123543 7.91766267726015 4.275110006341094
 0.23999985000000001 0.66666 0.5 0.5 0.5 0.5 0.5 0.5 0.5 0.5 0.5 0.5 3.9924775411112283 6.853942711095971 1.795620848659078
 0.26 0.68666 0.5 0.5 0.5 0.5 0.5 0.5 0.5 0.5 0.5 0.5 4.39005519849412 8.030222504910093 3.905281572676323
 0.26 0.64666 0.5 0.5 0.5 0.5 0.5 0.5 0.5 0.5 0.5 0.5 6.1140553129978015 7.912057389881326 4.236487413447143
 0.26 0.66666 0.52 0.5 0.5 0.5 0.5 0.5 0.5 0.5 0.5 0.5 33.77896007972803 58.39644715411402 29.1280423179533
 0.26 0.66666 0.48 0.5 0.5 0.5 0.5 0.5 0.5 0.5 0.5 0.5 33.77896007972803 58.39644715411402 29.128042317953298
 0.26 0.66666 0.5 0.52 0.5 0.5 0.5 0.5 0.5 0.5 0.5 0.5 33.778960080699335 58.3964471579891 29.128042318532742
 0.26 0.66666 0.5 0.48 0.5 0.5 0.5 0.5 0.5 0.5 0.5 0.5 33.778960080699335 58.3964471579891 29.128042318532746
 0.26 0.66666 0.5 0.5 0.52 0.5 0.5 0.5 0.5 0.5 0.5 0.5 33.77896008069931 58.39644715798908 29.128042318532728
 0.26 0.66666 0.5 0.5 0.48 0.5 0.5 0.5 0.5 0.5 0.5 0.5 33.77896008069931 58.39644715798908 29.12804231853273
 0.26 0.66666 0.5 0.5 0.5 0.52 0.5 0.5 0.5 0.5 0.5 0.5 33.76984893378694 58.37983070107721 29.1193270183175
 0.26 0.66666 0.5 0.5 0.5 0.48 0.5 0.5 0.5 0.5 0.5 0.5 33.75159487076457 58.346079277997795 29.101594456297704
 0.26 0.66666 0.5 0.5 0.5 0.5 0.52 0.5 0.5 0.5 0.5 0.5 33.778960080699335 58.396447157989115 29.12804231853275
 0.26 0.66666 0.5 0.5 0.5 0.5 0.48 0.5 0.5 0.5 0.5 0.5 33.778960080699335 58.39644715798912 29.128042318532753
 0.26 0.66666 0.5 0.5 0.5 0.5 0.5 0.5 0.5 0.5 0.5 0.48 33.7789600806993 58.39644715798908 29.128042318532746
 0.26 0.66666 0.5 0.5 0.5 0.5 0.5 0.5 0.5 0.5 0.5 0.52 33.7789600806993 58.39644715798908 29.128042318532746
 0.26 0.66666 0.5 0.5 0.5 0.5 0.5 0.5 0.52 0.5 0.5 0.5 35.861440775331864 62.00720872645074 30.935329760459247
 0.26 0.66666 0.5 0.5 0.5 0.5 0.5 0.5 0.48 0.5 0.5 0.5 31.662171242886917 54.72055052809151 27.287869574555454
 0.26 0.66666 0.5 0.5 0.5 0.5 0.5 0.5 0.5 0.52 0.5 0.5 41.74356316366895 72.19102081093529 36.02091561106743
 0.26 0.66666 0.5 0.5 0.5 0.5 0.5 0.5 0.5 0.48 0.5 0.5 25.806699997608096 44.58785147184201 22.22779156383054
 0.26 0.66666 0.5 0.5 0.5 0.5 0.5 0.5 0.5 0.5 0.52 0.5 33.778960080699264 58.39644715798902 29.12804231853272
 0.26 0.66666 0.5 0.5 0.5 0.5 0.5 0.5 0.5 0.5 0.48 0.5 33.778960080699264 58.39644715798902 29.12804231853272
 0.26 0.66666 0.5 0.5 0.5 0.5 0.5 0.48 0.5 0.5 0.5 0.5 32.34996703866673 55.9162368861783 27.88624051842536
 0.26 0.66666 0.5 0.5 0.5 0.5 0.5 0.52 0.5 0.5 0.5 0.5 35.19442045263979 60.851749962647105 30.356678409496073
 0.2650000375 0.66666 0.5 0.5 0.5 0.505 0.5 0.505 0.5 0.5 0.5 0.505 2.410726275858839 4.151115488387889 2.2022430102134907
 0.26 0.66666 0.5 0.5 0.5 0.5 0.5 0.5 0.5 0.5 0.5 0.5 0.4588856105129838 0.7947940243508188 0.3971479010650265
 0.3000003 0.66666 0.5 0.5 0.5 0.5 0.5 0.5 0.5 0.5 0.5 0.5 1.734658199128716 2.968702949807795 1.8833034389919932
 0.21999970000000002 0.66666 0.5 0.5 0.5 0.5 0.5 0.5 0.5 0.5 0.5 0.5 1.409181843740099 2.4365291564502782 1.1471641007151918
 0.26 0.7066600000000001 0.5 0.5 0.5 0.5 0.5 0.5 0.5 0.5 0.5 0.5 1.5765914879700773 3.3532730931422936 1.5868450597223582
 0.26 0.62666 0.5 0.5 0.5 0.5 0.5 0.5 0.5 0.5 0.5 0.5 10.81807893973818 18.572345306580885 9.298670091273191
 0.26 0.66666 0.54 0.5 0.5 0.5 0.5 0.5 0.5 0.5 0.5 0.5 81.2096653554584 140.70730706344608 70.33339368229292
 0.26 0.66666 0.46 0.5 0.5 0.5 0.5 0.5 0.5 0.5 0.5 0.5 81.20998638491683 140.70784434670742 70.33370022902884
 0.26 0.66666 0.5 0.54 0.5 0.5 0.5 0.5 0.5 0.5 0.5 0.5 81.2098218253935 140.70757075613776 70.33353462166434
 0.26 0.66666 0.5 0.46 0.5 0.5 0.5 0.5 0.5 0.5 0.5 0.5 81.20991708413786 140.7077221438143 70.33363624747989
 0.26 0.66666 0.5 0.5 0.54 0.5 0.5 0.5 0.5 0.5 0.5 0.5 81.2098218253935 140.70757075613778 70.33353462166434
 0.26 0.66666 0.5 0.5 0.46 0.5 0.5 0.5 0.5 0.5 0.5 0.5 81.20991708413786 140.7077221438143 70.33363624747989
 0.26 0.66666 0.5 0.5 0.5 0.54 0.5 0.5 0.5 0.5 0.5 0.5 81.20783355651146 140.70269819555094 70.33042461488292
 0.26 0.66666 0.5 0.5 0.5 0.46 0.5 0.5 0.5 0.5 0.5 0.5 81.21472261753918 140.71500788726408 70.33681254097286
 0.26 0.66666 0.5 0.5 0.5 0.5 0.54 0.5 0.5 0.5 0.5 0.5 81.20982182539359 140.70757075613793 70.33353462166443
 0.26 0.66666 0.5 0.5 0.5 0.5 0.46 0.5 0.5 0.5 0.5 0.5 81.20991708413794 140.70772214381446 70.33363624747997
 0.26 0.66666 0.5 0.5 0.5 0.5 0.5 0.54 0.5 0.5 0.5 0.5 81.20589359620617 140.6995014673794 70.32887096696385
 0.26 0.66666 0.5 0.5 0.5 0.5 0.5 0.46 0.5 0.5 0.5 0.5 81.2058973575237 140.69950557601223 70.32887386441631
 0.26 0.66666 0.5 0.5 0.5 0.5 0.5 0.5 0.54 0.5 0.5 0.5 81.2090972761326 140.7053032872814 70.33167954707424
 0.26 0.66666 0.5 0.5 0.5 0.5 0.5 0.5 0.46 0.5 0.5 0.5 81.20870410809594 140.7043025335977 70.33100784282573
 0.26 0.66666 0.5 0.5 0.5 0.5 0.5 0.5 0.5 0.54 0.5 0.5 81.2096043986151 140.70714392758606 70.33329682833964
 0.26 0.66666 0.5 0.5 0.5 0.5 0.5 0.5 0.5 0.46 0.5 0.5 81.20616170997322 140.69980857555618 70.32898738864304
 0.26 0.66666 0.5 0.5 0.5 0.5 0.5 0.5 0.5 0.5 0.54 0.5 81.2098218253935 140.70757075613778 70.33353462166434
 0.26 0.66666 0.5 0.5 0.5 0.5 0.5 0.5 0.5 0.5 0.46 0.5 81.20998631563464 140.70784407778456 70.3337001853656
 0.26 0.66666 0.5 0.5 0.5 0.5 0.5 0.5 0.5 0.5 0.5 0.46 81.20991708413794 140.70772214381446 70.33363624747997
 0.26 0.66666 0.5 0.5 0.5 0.5 0.5 0.5 0.5 0.5 0.5 0.54 81.20982182539359 140.70757075613793 70.33353462166443
 0.28000015 0.66666 0.5 0.5 0.5 0.5 0.5 0.5 0.5 0.5 0.5 0.5 4.618588163123543 7.91766267726015 4.275110006341094
 0.23999985000000001 0.66666 0.5 0.5 0.5 0.5 0.5 0.5 0.5 0.5 0.5 0.5 3.9924775411112283 6.853942711095971 1.795620848659078
 0.26 0.68666 0.5 0.5 0.5 0.5 0.5 0.5 0.5 0.5 0.5 0.5 4.39005519849412 8.030222504910093 3.905281572676323
 0.26 0.64666 0.5 0.5 0.5 0.5 0.5 0.5 0.5 0.5 0.5 0.5 6.1140553129978015 7.912057389881326 4.236487413447143
 0.26 0.66666 0.52 0.5 0.5 0.5 0.5 0.5 0.5 0.5 0.5 0.5 33.77896007972803 58.39644715411402 29.1280423179533
 0.26 0.66666 0.48 0.5 0.5 0.5 0.5 0.5 0.5 0.5 0.5 0.5 33.77896007972803 58.39644715411402 29.128042317953298
 0.26 0.66666 0.5 0.52 0.5 0.5 0.5 0.5 0.5 0.5 0.5 0.5 33.778960080699335 58.3964471579891 29.128042318532742
 0.26 0.66666 0.5 0.48 0.5 0.5 0.5 0.5 0.5 0.5 0.5 0.5 33.778960080699335 58.3964471579891 29.128042318532746
 0.26 0.66666 0.5 0.5 0.52 0.5 0.5 0.5 0.5 0.5 0.5 0.5 33.77896008069931 58.39644715798908 29.128042318532728
 0.26 0.66666 0.5 0.5 0.48 0.5 0.5 0.5 0.5 0.5 0.5 0.5 33.77896008069931 58.39644715798908 29.12804231853273
 0.26 0.66666 0.5 0.5 0.5 0.52 0.5 0.5 0.5 0.5 0.5 0.5 33.76984893378694 58.37983070107721 29.1193270183175
 0.26 0.66666 0.5 0.5 0.5 0.48 0.5 0.5 0.5 0.5 0.5 0.5 33.75159487076457 58.346079277997795 29.101594456297704
 0.26 0.66666 0.5 0.5 0.5 0.5 0.52 0.5 0.5 0.5 0.5 0.5 33.778960080699335 58.396447157989115 29.12804231853275
 0.26 0.66666 0.5 0.5 0.5 0.5 0.48 0.5 0.5 0.5 0.5 0.5 33.778960080699335 58.39644715798912 29.128042318532753
 0.26 0.66666 0.5 0.5 0.5 0.5 0.5 0.5 0.5 0.5 0.5 0.48 33.7789600806993 58.39644715798908 29.128042318532746
 0.26 0.66666 0.5 0.5 0.5 0.5 0.5 0.5 0.5 0.5 0.5 0.52 33.7789600806993 58.39644715798908 29.128042318532746
 0.26 0.66666 0.5 0.5 0.5 0.5 0.5 0.5 0.52 0.5 0.5 0.5 35.861440775331864 62.00720872645074 30.935329760459247
 0.26 0.66666 0.5 0.5 0.5 0.5 0.5 0.5 0.48 0.5 0.5 0.5 31.662171242886917 54.72055052809151 27.287869574555454
 0.26 0.66666 0.5 0.5 0.5 0.5 0.5 0.5 0.5 0.52 0.5 0.5 41.74356316366895 72.19102081093529 36.02091561106743
 0.26 0.66666 0.5 0.5 0.5 0.5 0.5 0.5 0.5 0.48 0.5 0.5 25.806699997608096 44.58785147184201 22.22779156383054
 0.26 0.66666 0.5 0.5 0.5 0.5 0.5 0.5 0.5 0.5 0.52 0.5 33.778960080699264 58.39644715798902 29.12804231853272
 0.26 0.66666 0.5 0.5 0.5 0.5 0.5 0.5 0.5 0.5 0.48 0.5 33.778960080699264 58.39644715798902 29.12804231853272
 0.26 0.66666 0.5 0.5 0.5 0.5 0.5 0.48 0.5 0.5 0.5 0.5 32.34996703866673 55.9162368861783 27.88624051842536
 0.26 0.66666 0.5 0.5 0.5 0.5 0.5 0.52 0.5 0.5 0.5 0.5 35.19442045263979 60.851749962647105 30.356678409496073
 0.2650000375 0.66666 0.5 0.5 0.5 0.505 0.5 0.505 0.5 0.5 0.5 0.505 2.410726275858839 4.151115488387889 2.2022430102134907
 0.26 0.66666 0.5 0.5 0.5 0.5 0.5 0.5 0.5 0.5 0.5 0.5 0.4588856105129838 0.7947940243508188 0.3971479010650265
 0.3000003 0.66666 0.5 0.5 0.5 0.5 0.5 0.5 0.5 0.5 0.5 0.5 1.734658199128716 2.968702949807795 1.8833034389919932
 0.21999970000000002 0.66666 0.5 0.5 0.5 0.5 0.5 0.5 0.5 0.5 0.5 0.5 1.409181843740099 2.4365291564502782 1.1471641007151918
 0.26 0.7066600000000001 0.5 0.5 0.5 0.5 0.5 0.5 0.5 0.5 0.5 0.5 1.5765914879700773 3.3532730931422936 1.5868450597223582
 0.26 0.62666 0.5 0.5 0.5 0.5 0.5 0.5 0.5 0.5 0.5 0.5 10.81807893973818 18.572345306580885 9.298670091273191
 0.26 0.66666 0.54 0.5 0.5 0.5 0.5 0.5 0.5 0.5 0.5 0.5 81.2096653554584 140.70730706344608 70.33339368229292
 0.26 0.66666 0.46 0.5 0.5 0.5 0.5 0.5 0.5 0.5 0.5 0.5 81.20998638491683 140.70784434670742 70.33370022902884
 0.26 0.66666 0.5 0.54 0.5 0.5 0.5 0.5 0.5 0.5 0.5 0.5 81.2098218253935 140.70757075613776 70.33353462166434
 0.26 0.66666 0.5 0.46 0.5 0.5 0.5 0.5 0.5 0.5 0.5 0.5 81.20991708413786 140.7077221438143 70.33363624747989
 0.26 0.66666 0.5 0.5 0.54 0.5 0.5 0.5 0.5 0.5 0.5 0.5 81.2098218253935 140.70757075613778 70.33353462166434
 0.26 0.66666 0.5 0.5 0.46 0.5 0.5 0.5 0.5 0.5 0.5 0.5 81.20991708413786 140.7077221438143 70.33363624747989
 0.26 0.66666 0.5 0.5 0.5 0.54 0.5 0.5 0.5 0.5 0.5 0.5 81.20783355651146 140.70269819555094 70.33042461488292
 0.26 0.66666 0.5 0.5 0.5 0.46 0.5 0.5 0.5 0.5 0.5 0.5 81.21472261753918 140.71500788726408 70.33681254097286
 0.26 0.66666 0.5 0.5 0.5 0.5 0.54 0.5 0.5 0.5 0.5 0.5 81.20982182539359 140.70757075613793 70.33353462166443
 0.26 0.66666 0.5 0.5 0.5 0.5 0.46 0.5 0.5 0.5 0.5 0.5 81.20991708413794 140.70772214381446 70.33363624747997
 0.26 0.66666 0.5 0.5 0.5 0.5 0.5 0.54 0.5 0.5 0.5 0.5 81.20589359620617 140.6995014673794 70.32887096696385
 0.26 0.66666 0.5 0.5 0.5 0.5 0.5 0.46 0.5 0.5 0.5 0.5 81.2058973575237 140.69950557601223 70.32887386441631
 0.26 0.66666 0.5 0.5 0.5 0.5 0.5 0.5 0.54 0.5 0.5 0.5 81.2090972761326 140.7053032872814 70.33167954707424
 0.26 0.66666 0.5 0.5 0.5 0.5 0.5 0.5 0.46 0.5 0.5 0.5 81.20870410809594 140.7043025335977 70.33100784282573
 0.26 0.66666 0.5 0.5 0.5 0.5 0.5 0.5 0.5 0.54 0.5 0.5 81.2096043986151 140.70714392758606 70.33329682833964
 0.26 0.66666 0.5 0.5 0.5 0.5 0.5 0.5 0.5 0.46 0.5 0.5 81.20616170997322 140.69980857555618 70.32898738864304
 0.26 0.66666 0.5 0.5 0.5 0.5 0.5 0.5 0.5 0.5 0.54 0.5 81.2098218253935 140.70757075613778 70.33353462166434
 0.26 0.66666 0.5 0.5 0.5 0.5 0.5 0.5 0.5 0.5 0.46 0.5 81.20998631563464 140.70784407778456 70.3337001853656
 0.26 0.66666 0.5 0.5 0.5 0.5 0.5 0.5 0.5 0.5 0.5 0.46 81.20991708413794 140.70772214381446 70.33363624747997
 0.26 0.66666 0.5 0.5 0.5 0.5 0.5 0.5 0.5 0.5 0.5 0.54 81.20982182539359 140.70757075613793 70.33353462166443
 0.28000015 0.66666 0.5 0.5 0.5 0.5 0.5 0.5 0.5 0.5 0.5 0.5 4.618588163123543 7.91766267726015 4.275110006341094
 0.23999985000000001 0.66666 0.5 0.5 0.5 0.5 0.5 0.5 0.5 0.5 0.5 0.5 3.9924775411112283 6.853942711095971 1.795620848659078
 0.26 0.68666 0.5 0.5 0.5 0.5 0.5 0.5 0.5 0.5 0.5 0.5 4.39005519849412 8.030222504910093 3.905281572676323
 0.26 0.64666 0.5 0.5 0.5 0.5 0.5 0.5 0.5 0.5 0.5 0.5 6.1140553129978015 7.912057389881326 4.236487413447143
 0.26 0.66666 0.52 0.5 0.5 0.5 0.5 0.5 0.5 0.5 0.5 0.5 33.77896007972803 58.39644715411402 29.1280423179533
 0.26 0.66666 0.48 0.5 0.5 0.5 0.5 0.5 0.5 0.5 0.5 0.5 33.77896007972803 58.39644715411402 29.128042317953298
 0.26 0.66666 0.5 0.52 0.5 0.5 0.5 0.5 0.5 0.5 0.5 0.5 33.778960080699335 58.3964471579891 29.128042318532742
 0.26 0.66666 0.5 0.48 0.5 0.5 0.5 0.5 0.5 0.5 0.5 0.5 33.778960080699335 58.3964471579891 29.128042318532746
 0.26 0.66666 0.5 0.5 0.52 0.5 0.5 0.5 0.5 0.5 0.5 0.5 33.77896008069931 58.39644715798908 29.128042318532728
 0.26 0.66666 0.5 0.5 0.48 0.5 0.5 0.5 0.5 0.5 0.5 0.5 33.77896008069931 58.39644715798908 29.12804231853273
 0.26 0.66666 0.5 0.5 0.5 0.52 0.5 0.5 0.5 0.5 0.5 0.5 33.76984893378694 58.37983070107721 29.1193270183175
 0.26 0.66666 0.5 0.5 0.5 0.48 0.5 0.5 0.5 0.5 0.5 0.5 33.75159487076457 58.346079277997795 29.101594456297704
 0.26 0.66666 0.5 0.5 0.5 0.5 0.52 0.5 0.5 0.5 0.5 0.5 33.778960080699335 58.396447157989115 29.12804231853275
 0.26 0.66666 0.5 0.5 0.5 0.5 0.48 0.5 0.5 0.5 0.5 0.5 33.778960080699335 58.39644715798912 29.128042318532753
 0.26 0.66666 0.5 0.5 0.5 0.5 0.5 0.5 0.5 0.5 0.5 0.48 33.7789600806993 58.39644715798908 29.128042318532746
 0.26 0.66666 0.5 0.5 0.5 0.5 0.5 0.5 0.5 0.5 0.5 0.52 33.7789600806993 58.39644715798908 29.128042318532746
 0.26 0.66666 0.5 0.5 0.5 0.5 0.5 0.5 0.52 0.5 0.5 0.5 35.861440775331864 62.00720872645074 30.935329760459247
 0.26 0.66666 0.5 0.5 0.5 0.5 0.5 0.5 0.48 0.5 0.5 0.5 31.662171242886917 54.72055052809151 27.287869574555454
 0.26 0.66666 0.5 0.5 0.5 0.5 0.5 0.5 0.5 0.52 0.5 0.5 41.74356316366895 72.19102081093529 36.02091561106743
 0.26 0.66666 0.5 0.5 0.5 0.5 0.5 0.5 0.5 0.48 0.5 0.5 25.806699997608096 44.58785147184201 22.22779156383054
 0.26 0.66666 0.5 0.5 0.5 0.5 0.5 0.5 0.5 0.5 0.52 0.5 33.778960080699264 58.39644715798902 29.12804231853272
 0.26 0.66666 0.5 0.5 0.5 0.5 0.5 0.5 0.5 0.5 0.48 0.5 33.778960080699264 58.39644715798902 29.12804231853272
 0.26 0.66666 0.5 0.5 0.5 0.5 0.5 0.48 0.5 0.5 0.5 0.5 32.34996703866673 55.9162368861783 27.88624051842536
 0.26 0.66666 0.5 0.5 0.5 0.5 0.5 0.52 0.5 0.5 0.5 0.5 35.19442045263979 60.851749962647105 30.356678409496073
 0.2650000375 0.66666 0.5 0.5 0.5 0.505 0.5 0.505 0.5 0.5 0.5 0.505 2.410726275858839 4.151115488387889 2.2022430102134907
 0.26 0.66666 0.5 0.5 0.5 0.5 0.5 0.5 0.5 0.5 0.5 0.5 0.4588856105129838 0.7947940243508188 0.3971479010650265
 0.3000003 0.66666 0.5 0.5 0.5 0.5 0.5 0.5 0.5 0.5 0.5 0.5 1.734658199128716 2.968702949807795 1.8833034389919932
 0.21999970000000002 0.66666 0.5 0.5 0.5 0.5 0.5 0.5 0.5 0.5 0.5 0.5 1.409181843740099 2.4365291564502782 1.1471641007151918
 0.26 0.7066600000000001 0.5 0.5 0.5 0.5 0.5 0.5 0.5 0.5 0.5 0.5 1.5765914879700773 3.3532730931422936 1.5868450597223582
 0.26 0.62666 0.5 0.5 0.5 0.5 0.5 0.5 0.5 0.5 0.5 0.5 10.81807893973818 18.572345306580885 9.298670091273191
 0.26 0.66666 0.54 0.5 0.5 0.5 0.5 0.5 0.5 0.5 0.5 0.5 81.2096653554584 140.70730706344608 70.33339368229292
 0.26 0.66666 0.46 0.5 0.5 0.5 0.5 0.5 0.5 0.5 0.5 0.5 81.20998638491683 140.70784434670742 70.33370022902884
 0.26 0.66666 0.5 0.54 0.5 0.5 0.5 0.5 0.5 0.5 0.5 0.5 81.2098218253935 140.70757075613776 70.33353462166434
 0.26 0.66666 0.5 0.46 0.5 0.5 0.5 0.5 0.5 0.5 0.5 0.5 81.20991708413786 140.7077221438143 70.33363624747989
 0.26 0.66666 0.5 0.5 0.54 0.5 0.5 0.5 0.5 0.5 0.5 0.5 81.2098218253935 140.70757075613778 70.33353462166434
 0.26 0.66666 0.5 0.5 0.46 0.5 0.5 0.5 0.5 0.5 0.5 0.5 81.20991708413786 140.7077221438143 70.33363624747989
 0.26 0.66666 0.5 0.5 0.5 0.54 0.5 0.5 0.5 0.5 0.5 0.5 81.20783355651146 140.70269819555094 70.33042461488292
 0.26 0.66666 0.5 0.5 0.5 0.46 0.5 0.5 0.5 0.5 0.5 0.5 81.21472261753918 140.71500788726408 70.33681254097286
 0.26 0.66666 0.5 0.5 0.5 0.5 0.54 0.5 0.5 0.5 0.5 0.5 81.20982182539359 140.70757075613793 70.33353462166443
 0.26 0.66666 0.5 0.5 0.5 0.5 0.46 0.5 0.5 0.5 0.5 0.5 81.20991708413794 140.70772214381446 70.33363624747997
 0.26 0.66666 0.5 0.5 0.5 0.5 0.5 0.54 0.5 0.5 0.5 0.5 81.20589359620617 140.6995014673794 70.32887096696385
 0.26 0.66666 0.5 0.5 0.5 0.5 0.5 0.46 0.5 0.5 0.5 0.5 81.2058973575237 140.69950557601223 70.32887386441631
 0.26 0.66666 0.5 0.5 0.5 0.5 0.5 0.5 0.54 0.5 0.5 0.5 81.2090972761326 140.7053032872814 70.33167954707424
 0.26 0.66666 0.5 0.5 0.5 0.5 0.5 0.5 0.46 0.5 0.5 0.5 81.20870410809594 140.7043025335977 70.33100784282573
 0.26 0.66666 0.5 0.5 0.5 0.5 0.5 0.5 0.5 0.54 0.5 0.5 81.2096043986151 140.70714392758606 70.33329682833964
 0.26 0.66666 0.5 0.5 0.5 0.5 0.5 0.5 0.5 0.46 0.5 0.5 81.20616170997322 140.69980857555618 70.32898738864304
 0.26 0.66666 0.5 0.5 0.5 0.5 0.5 0.5 0.5 0.5 0.54 0.5 81.2098218253935 140.70757075613778 70.33353462166434
 0.26 0.66666 0.5 0.5 0.5 0.5 0.5 0.5 0.5 0.5 0.46 0.5 81.20998631563464 140.70784407778456 70.3337001853656
 0.26 0.66666 0.5 0.5 0.5 0.5 0.5 0.5 0.5 0.5 0.5 0.46 81.20991708413794 140.70772214381446 70.33363624747997
 0.26 0.66666 0.5 0.5 0.5 0.5 0.5 0.5 0.5 0.5 0.5 0.54 81.20982182539359 140.70757075613793 70.33353462166443
 0.28000015 0.66666 0.5 0.5 0.5 0.5 0.5 0.5 0.5 0.5 0.5 0.5 4.618588163123543 7.91766267726015 4.275110006341094
 0.23999985000000001 0.66666 0.5 0.5 0.5 0.5 0.5 0.5 0.5 0.5 0.5 0.5 3.9924775411112283 6.853942711095971 1.795620848659078
 0.26 0.68666 0.5 0.5 0.5 0.5 0.5 0.5 0.5 0.5 0.5 0.5 4.39005519849412 8.030222504910093 3.905281572676323
 0.26 0.64666 0.5 0.5 0.5 0.5 0.5 0.5 0.5 0.5 0.5 0.5 6.1140553129978015 7.912057389881326 4.236487413447143
 0.26 0.66666 0.52 0.5 0.5 0.5 0.5 0.5 0.5 0.5 0.5 0.5 33.77896007972803 58.39644715411402 29.1280423179533
 0.26 0.66666 0.48 0.5 0.5 0.5 0.5 0.5 0.5 0.5 0.5 0.5 33.77896007972803 58.39644715411402 29.128042317953298
 0.26 0.66666 0.5 0.52 0.5 0.5 0.5 0.5 0.5 0.5 0.5 0.5 33.778960080699335 58.3964471579891 29.128042318532742
 0.26 0.66666 0.5 0.48 0.5 0.5 0.5 0.5 0.5 0.5 0.5 0.5 33.778960080699335 58.3964471579891 29.128042318532746
 0.26 0.66666 0.5 0.5 0.52 0.5 0.5 0.5 0.5 0.5 0.5 0.5 33.77896008069931 58.39644715798908 29.128042318532728
 0.26 0.66666 0.5 0.5 0.48 0.5 0.5 0.5 0.5 0.5 0.5 0.5 33.77896008069931 58.39644715798908 29.12804231853273
 0.26 0.66666 0.5 0.5 0.5 0.52 0.5 0.5 0.5 0.5 0.5 0.5 33.76984893378694 58.37983070107721 29.1193270183175
 0.26 0.66666 0.5 0.5 0.5 0.48 0.5 0.5 0.5 0.5 0.5 0.5 33.75159487076457 58.346079277997795 29.101594456297704
 0.26 0.66666 0.5 0.5 0.5 0.5 0.52 0.5 0.5 0.5 0.5 0.5 33.778960080699335 58.396447157989115 29.12804231853275
 0.26 0.66666 0.5 0.5 0.5 0.5 0.48 0.5 0.5 0.5 0.5 0.5 33.778960080699335 58.39644715798912 29.128042318532753
 0.26 0.66666 0.5 0.5 0.5 0.5 0.5 0.5 0.5 0.5 0.5 0.48 33.7789600806993 58.39644715798908 29.128042318532746
 0.26 0.66666 0.5 0.5 0.5 0.5 0.5 0.5 0.5 0.5 0.5 0.52 33.7789600806993 58.39644715798908 29.128042318532746
 0.26 0.66666 0.5 0.5 0.5 0.5 0.5 0.5 0.52 0.5 0.5 0.5 35.861440775331864 62.00720872645074 30.935329760459247
 0.26 0.66666 0.5 0.5 0.5 0.5 0.5 0.5 0.48 0.5 0.5 0.5 31.662171242886917 54.72055052809151 27.287869574555454
 0.26 0.66666 0.5 0.5 0.5 0.5 0.5 0.5 0.5 0.52 0.5 0.5 41.74356316366895 72.19102081093529 36.02091561106743
 0.26 0.66666 0.5 0.5 0.5 0.5 0.5 0.5 0.5 0.48 0.5 0.5 25.806699997608096 44.58785147184201 22.22779156383054
 0.26 0.66666 0.5 0.5 0.5 0.5 0.5 0.5 0.5 0.5 0.52 0.5 33.778960080699264 58.39644715798902 29.12804231853272
 0.26 0.66666 0.5 0.5 0.5 0.5 0.5 0.5 0.5 0.5 0.48 0.5 33.778960080699264 58.39644715798902 29.12804231853272
 0.26 0.66666 0.5 0.5 0.5 0.5 0.5 0.48 0.5 0.5 0.5 0.5 32.34996703866673 55.9162368861783 27.88624051842536
 0.26 0.66666 0.5 0.5 0.5 0.5 0.5 0.52 0.5 0.5 0.5 0.5 35.19442045263979 60.851749962647105 30.356678409496073
 0.2650000375 0.66666 0.5 0.5 0.5 0.505 0.5 0.505 0.5 0.5 0.5 0.505 2.410726275858839 4.151115488387889 2.2022430102134907
