190
0.7962962962962963 0.018518518518518545 0.5 0.5 0.5 0.5 0.5 0.5 0.5 0.5 0.5 0.5 0.31441165498445606 0.00914844505832359 0.9492426545214613 
0.7963 0.03642 0.5 0.5 0.5 0.5 0.5 0.5 0.5 0.5 0.5 0.5 0.31402462882102805 0.01798447192391284 0.9492444844524689 
0.7963 0.018519 0.5 0.5 0.5 0.5 0.5 0.5 0.5 0.5 0.5 0.5 0.3144061279263319 0.009148522226976933 0.9492444844524689 
0.7563 0. 0.5 0.5 0.5 0.5 0.5 0.5 0.5 0.5 0.5 0.5 0.37352208533393566 0. 0.9276212868233394 
0.7563 0.03333333333333334 0.5 0.5 0.5 0.5 0.5 0.5 0.5 0.5 0.5 0.5 0.37301018626910315 0.019548636057303115 0.9276212868233394 
0.7563 0.05 0.5 0.5 0.5 0.5 0.5 0.5 0.5 0.5 0.5 0.5 0.3723706413374943 0.029306205863521444 0.9276212868233394 
0.7563 0.01666666666666667 0.5 0.5 0.5 0.5 0.5 0.5 0.5 0.5 0.5 0.5 0.3733940886370907 0.009777668591661664 0.9276212868233394 
0.7963 0.04000000000000001 0.5 0.5 0.5 0.48 0.5 0.5 0.5 0.5 0.5 0.5 22.017713206893614 1.3852371387473765 66.57839811478722 
0.7963 0.020000000000000004 0.5 0.5 0.5 0.48 0.5 0.5 0.5 0.5 0.5 0.5 22.050360145178452 0.6929605035701611 66.57839811478722 
0.7963 0.020000000000000004 0.48 0.48 0.5 0.48 0.5 0.5 0.5 0.5 0.5 0.5 65.52231244649744 2.059121680057206 197.8367053754568 
0.8063 0.020000000000000004 0.48 0.48 0.5 0.48 0.5 0.5 0.5 0.5 0.5 0.5 62.408278483091905 1.9612592175301284 198.84198662079274 
0.8063 0.020000000000000004 0.48 0.48 0.49 0.48 0.5 0.5 0.5 0.5 0.5 0.5 68.1301157425076 2.1410752025084148 217.07260466438024 
0.8063 0.020000000000000004 0.49 0.48 0.49 0.48 0.48 0.5 0.5 0.5 0.5 0.5 73.85195300192328 2.3208911874867004 235.30322270796768 
0.8063 0.020000000000000004 0.49 0.49 0.49 0.48 0.48 0.5 0.5 0.5 0.5 0.5 58.87084492771905 1.8500908864127266 187.57120119318378 
0.8063 0.020000000000000004 0.49 0.49 0.49 0.49 0.48 0.5 0.5 0.5 0.5 0.5 43.88973685351482 1.3792905853387527 139.83917967839992 
0.8063 0.020000000000000004 0.49 0.49 0.49 0.49 0.48 0.48 0.5 0.5 0.5 0.5 64.59268218713474 2.029906871391013 205.8018192367713 
0.8063 0.015000000000000003 0.49 0.49 0.49 0.49 0.48 0.48 0.5 0.5 0.5 0.5 64.60663268440072 1.522539726128227 205.8018192367713 
0.8063 0.015000000000000003 0.49 0.49 0.49 0.49 0.49 0.48 0.5 0.5 0.5 0.5 49.622289043872975 1.1694140869371774 158.0697977219874 
0.8063 0.015000000000000003 0.49 0.49 0.49 0.49 0.49 0.48 0.49 0.5 0.5 0.5 55.34536208530516 1.3042857819793785 176.3004157655749 
0.8063 0.015000000000000003 0.49 0.49 0.49 0.49 0.49 0.49 0.49 0.5 0.5 0.5 40.36101844477742 0.9511601427883293 128.56839425079104 
0.7562966666666667 0.019445 0.5 0.5 0.5 0.5 0.5 0.5 0.5 0.5 0.5 0.5 0.373352715989721 0.011407283592006167 0.927619331053504 
0.7563 0.025 0.5 0.5 0.5 0.5 0.5 0.5 0.5 0.5 0.5 0.5 0.37323411332682854 0.014664408660017964 0.9276212868233394 
0.7896333333333333 0.025 0.5 0.5 0.5 0.5 0.5 0.5 0.5 0.5 0.5 0.5 0.3242120892016082 0.012738328032752277 0.9458986500753971 
0.7229666666666668 0.025 0.5 0.5 0.5 0.5 0.5 0.5 0.5 0.5 0.5 0.5 0.42123312863368234 0.016550295160220586 0.906801377960791 
0.7563 0.041666666666666664 0.5 0.5 0.5 0.5 0.5 0.5 0.5 0.5 0.5 0.5 0.37272234583266517 0.02442951389625008 0.9276212868233394 
0.7563 0.008333333333333335 0.5 0.5 0.5 0.5 0.5 0.5 0.5 0.5 0.5 0.5 0.3734900847889422 0.004889253170034515 0.9276212868233394 
0.7563 0.025 0.5333333333333333 0.5 0.5 0.5 0.5 0.5 0.5 0.5 0.5 0.5 56.39982345323299 2.2159551604192105 140.1738880242287 
0.7563 0.025 0.4666666666666667 0.5 0.5 0.5 0.5 0.5 0.5 0.5 0.5 0.5 56.39982345323299 2.2159551604192105 140.1738880242287 
0.7563 0.025 0.5 0.5333333333333333 0.5 0.5 0.5 0.5 0.5 0.5 0.5 0.5 56.39982345323299 2.2159551604192105 140.1738880242287 
0.7563 0.025 0.5 0.4666666666666667 0.5 0.5 0.5 0.5 0.5 0.5 0.5 0.5 56.39982345323299 2.2159551604192105 140.1738880242287 
0.7563 0.025 0.5 0.5 0.5333333333333333 0.5 0.5 0.5 0.5 0.5 0.5 0.5 56.39982345323299 2.2159551604192105 140.1738880242287 
0.7563 0.025 0.5 0.5 0.4666666666666667 0.5 0.5 0.5 0.5 0.5 0.5 0.5 56.39982345323299 2.2159551604192105 140.1738880242287 
0.7563 0.025 0.5 0.5 0.5 0.5333333333333333 0.5 0.5 0.5 0.5 0.5 0.5 56.399823453233054 2.215955160419213 140.17388802422883 
0.7563 0.025 0.5 0.5 0.5 0.4666666666666667 0.5 0.5 0.5 0.5 0.5 0.5 56.399823453233054 2.215955160419213 140.17388802422883 
0.7563 0.025 0.5 0.5 0.5 0.5 0.5333333333333333 0.5 0.5 0.5 0.5 0.5 56.399823453233054 2.215955160419213 140.17388802422883 
0.7563 0.025 0.5 0.5 0.5 0.5 0.4666666666666667 0.5 0.5 0.5 0.5 0.5 56.399823453233054 2.215955160419213 140.17388802422883 
0.7563 0.025 0.5 0.5 0.5 0.5 0.5 0.5333333333333333 0.5 0.5 0.5 0.5 56.39982345323299 2.2159551604192105 140.1738880242287 
0.7563 0.025 0.5 0.5 0.5 0.5 0.5 0.4666666666666667 0.5 0.5 0.5 0.5 56.39982345323299 2.2159551604192105 140.1738880242287 
0.7563 0.025 0.5 0.5 0.5 0.5 0.5 0.5 0.5333333333333333 0.5 0.5 0.5 56.39982345323299 2.2159551604192105 140.1738880242287 
0.7563 0.025 0.5 0.5 0.5 0.5 0.5 0.5 0.4666666666666667 0.5 0.5 0.5 56.39982345323299 2.2159551604192105 140.1738880242287 
0.7563 0.025 0.5 0.5 0.5 0.5 0.5 0.5 0.5 0.5333333333333333 0.5 0.5 56.39982345323299 2.2159551604192105 140.1738880242287 
0.7563 0.025 0.5 0.5 0.5 0.5 0.5 0.5 0.5 0.4666666666666667 0.5 0.5 56.39982345323299 2.2159551604192105 140.1738880242287 
0.7563 0.025 0.5 0.5 0.5 0.5 0.5 0.5 0.5 0.5 0.5333333333333333 0.5 56.39982345323299 2.2159551604192105 140.1738880242287 
0.7563 0.025 0.5 0.5 0.5 0.5 0.5 0.5 0.5 0.5 0.4666666666666667 0.5 56.39982345323299 2.2159551604192105 140.1738880242287 
0.7563 0.025 0.5 0.5 0.5 0.5 0.5 0.5 0.5 0.5 0.5 0.5333333333333333 56.399823453233054 2.215955160419213 140.17388802422883 
0.7563 0.025 0.5 0.5 0.5 0.5 0.5 0.5 0.5 0.5 0.5 0.4666666666666667 56.399823453233054 2.215955160419213 140.17388802422883 
0.7229666666666668 0.041666666666666664 0.5 0.5 0.5 0.5 0.5 0.5 0.5 0.5 0.5 0.5 0.4206555463200563 0.02757122192768692 0.906801377960791 
0.7229666666666668 0.008333333333333335 0.5 0.5 0.5 0.5 0.5 0.5 0.5 0.5 0.5 0.5 0.42152201878594087 0.005518025646525883 0.906801377960791 
0.7229666666666668 0.025 0.5333333333333333 0.5 0.5 0.5 0.5 0.5 0.5 0.5 0.5 0.5 63.653008230759035 2.5009335744130143 137.0277683576914 
0.7229666666666668 0.025 0.4666666666666667 0.5 0.5 0.5 0.5 0.5 0.5 0.5 0.5 0.5 63.653008230759035 2.5009335744130143 137.0277683576914 
0.7229666666666668 0.025 0.5 0.5333333333333333 0.5 0.5 0.5 0.5 0.5 0.5 0.5 0.5 63.653008230759035 2.5009335744130143 137.0277683576914 
0.7229666666666668 0.025 0.5 0.4666666666666667 0.5 0.5 0.5 0.5 0.5 0.5 0.5 0.5 63.653008230759035 2.5009335744130143 137.0277683576914 
0.7229666666666668 0.025 0.5 0.5 0.5333333333333333 0.5 0.5 0.5 0.5 0.5 0.5 0.5 63.653008230759035 2.5009335744130143 137.0277683576914 
0.7229666666666668 0.025 0.5 0.5 0.4666666666666667 0.5 0.5 0.5 0.5 0.5 0.5 0.5 63.653008230759035 2.5009335744130143 137.0277683576914 
0.7229666666666668 0.025 0.5 0.5 0.5 0.5333333333333333 0.5 0.5 0.5 0.5 0.5 0.5 63.653008230759106 2.5009335744130174 137.02776835769157 
0.7229666666666668 0.025 0.5 0.5 0.5 0.4666666666666667 0.5 0.5 0.5 0.5 0.5 0.5 63.653008230759106 2.5009335744130174 137.02776835769157 
0.7229666666666668 0.025 0.5 0.5 0.5 0.5 0.5333333333333333 0.5 0.5 0.5 0.5 0.5 63.653008230759106 2.5009335744130174 137.02776835769157 
0.7229666666666668 0.025 0.5 0.5 0.5 0.5 0.4666666666666667 0.5 0.5 0.5 0.5 0.5 63.653008230759106 2.5009335744130174 137.02776835769157 
0.7229666666666668 0.025 0.5 0.5 0.5 0.5 0.5 0.5333333333333333 0.5 0.5 0.5 0.5 63.653008230759035 2.5009335744130143 137.0277683576914 
0.7229666666666668 0.025 0.5 0.5 0.5 0.5 0.5 0.4666666666666667 0.5 0.5 0.5 0.5 63.653008230759035 2.5009335744130143 137.0277683576914 
0.7229666666666668 0.025 0.5 0.5 0.5 0.5 0.5 0.5 0.5333333333333333 0.5 0.5 0.5 63.653008230759035 2.5009335744130143 137.0277683576914 
0.7229666666666668 0.025 0.5 0.5 0.5 0.5 0.5 0.5 0.4666666666666667 0.5 0.5 0.5 63.653008230759035 2.5009335744130143 137.0277683576914 
0.7229666666666668 0.025 0.5 0.5 0.5 0.5 0.5 0.5 0.5 0.5333333333333333 0.5 0.5 63.653008230759035 2.5009335744130143 137.0277683576914 
0.7229666666666668 0.025 0.5 0.5 0.5 0.5 0.5 0.5 0.5 0.4666666666666667 0.5 0.5 63.653008230759035 2.5009335744130143 137.0277683576914 
0.7229666666666668 0.025 0.5 0.5 0.5 0.5 0.5 0.5 0.5 0.5 0.5333333333333333 0.5 63.653008230759035 2.5009335744130143 137.0277683576914 
0.7229666666666668 0.025 0.5 0.5 0.5 0.5 0.5 0.5 0.5 0.5 0.4666666666666667 0.5 63.653008230759035 2.5009335744130143 137.0277683576914 
0.7229666666666668 0.025 0.5 0.5 0.5 0.5 0.5 0.5 0.5 0.5 0.5 0.5333333333333333 63.653008230759106 2.5009335744130174 137.02776835769157 
0.7229666666666668 0.025 0.5 0.5 0.5 0.5 0.5 0.5 0.5 0.5 0.5 0.4666666666666667 63.653008230759106 2.5009335744130174 137.02776835769157 
0.7229666666666668 0.008333333333333335 0.5333333333333333 0.5 0.5 0.5 0.5 0.5 0.5 0.5 0.5 0.5 63.69666274411401 0.8338350144375751 137.0277683576914 
0.7229666666666668 0.008333333333333335 0.4666666666666667 0.5 0.5 0.5 0.5 0.5 0.5 0.5 0.5 0.5 63.69666274411401 0.8338350144375751 137.0277683576914 
0.7229666666666668 0.008333333333333335 0.5 0.5333333333333333 0.5 0.5 0.5 0.5 0.5 0.5 0.5 0.5 63.69666274411401 0.8338350144375751 137.0277683576914 
0.7229666666666668 0.008333333333333335 0.5 0.4666666666666667 0.5 0.5 0.5 0.5 0.5 0.5 0.5 0.5 63.69666274411401 0.8338350144375751 137.0277683576914 
0.7229666666666668 0.008333333333333335 0.5 0.5 0.5333333333333333 0.5 0.5 0.5 0.5 0.5 0.5 0.5 63.69666274411401 0.8338350144375751 137.0277683576914 
0.7229666666666668 0.008333333333333335 0.5 0.5 0.4666666666666667 0.5 0.5 0.5 0.5 0.5 0.5 0.5 63.69666274411401 0.8338350144375751 137.0277683576914 
0.7229666666666668 0.008333333333333335 0.5 0.5 0.5 0.5333333333333333 0.5 0.5 0.5 0.5 0.5 0.5 63.69666274411408 0.833835014437576 137.02776835769157 
0.7229666666666668 0.008333333333333335 0.5 0.5 0.5 0.4666666666666667 0.5 0.5 0.5 0.5 0.5 0.5 63.69666274411408 0.833835014437576 137.02776835769157 
0.7229666666666668 0.008333333333333335 0.5 0.5 0.5 0.5 0.5333333333333333 0.5 0.5 0.5 0.5 0.5 63.69666274411408 0.833835014437576 137.02776835769157 
0.7229666666666668 0.008333333333333335 0.5 0.5 0.5 0.5 0.4666666666666667 0.5 0.5 0.5 0.5 0.5 63.69666274411408 0.833835014437576 137.02776835769157 
0.7229666666666668 0.008333333333333335 0.5 0.5 0.5 0.5 0.5 0.5333333333333333 0.5 0.5 0.5 0.5 63.69666274411401 0.8338350144375751 137.0277683576914 
0.7229666666666668 0.008333333333333335 0.5 0.5 0.5 0.5 0.5 0.4666666666666667 0.5 0.5 0.5 0.5 63.69666274411401 0.8338350144375751 137.0277683576914 
0.7229666666666668 0.008333333333333335 0.5 0.5 0.5 0.5 0.5 0.5 0.5333333333333333 0.5 0.5 0.5 63.69666274411401 0.8338350144375751 137.0277683576914 
0.7229666666666668 0.008333333333333335 0.5 0.5 0.5 0.5 0.5 0.5 0.4666666666666667 0.5 0.5 0.5 63.69666274411401 0.8338350144375751 137.0277683576914 
0.7229666666666668 0.008333333333333335 0.5 0.5 0.5 0.5 0.5 0.5 0.5 0.5333333333333333 0.5 0.5 63.69666274411401 0.8338350144375751 137.0277683576914 
0.7229666666666668 0.008333333333333335 0.5 0.5 0.5 0.5 0.5 0.5 0.5 0.4666666666666667 0.5 0.5 63.69666274411401 0.8338350144375751 137.0277683576914 
0.7229666666666668 0.008333333333333335 0.5 0.5 0.5 0.5 0.5 0.5 0.5 0.5 0.5333333333333333 0.5 63.69666274411401 0.8338350144375751 137.0277683576914 
0.7229666666666668 0.008333333333333335 0.5 0.5 0.5 0.5 0.5 0.5 0.5 0.5 0.4666666666666667 0.5 63.69666274411401 0.8338350144375751 137.0277683576914 
0.7229666666666668 0.008333333333333335 0.5 0.5 0.5 0.5 0.5 0.5 0.5 0.5 0.5 0.5333333333333333 63.69666274411408 0.833835014437576 137.02776835769157 
0.7229666666666668 0.008333333333333335 0.5 0.5 0.5 0.5 0.5 0.5 0.5 0.5 0.5 0.4666666666666667 63.69666274411408 0.833835014437576 137.02776835769157 
0.7896333333333333 0.041666666666666664 0.5 0.5 0.5 0.5 0.5 0.5 0.5 0.5 0.5 0.5 0.32376753924611446 0.021220846261572505 0.9458986500753971 
0.7896333333333333 0.008333333333333335 0.5 0.5 0.5 0.5 0.5 0.5 0.5 0.5 0.5 0.5 0.3244344403735526 0.004247079589706231 0.9458986500753971 
0.7896333333333333 0.025 0.5333333333333333 0.5 0.5 0.5 0.5 0.5 0.5 0.5 0.5 0.5 48.992050671323625 1.9249029670218913 142.93580078568087 
0.7896333333333333 0.025 0.4666666666666667 0.5 0.5 0.5 0.5 0.5 0.5 0.5 0.5 0.5 48.992050671323625 1.9249029670218913 142.93580078568087 
0.7896333333333333 0.025 0.5 0.5333333333333333 0.5 0.5 0.5 0.5 0.5 0.5 0.5 0.5 48.992050671323625 1.9249029670218913 142.93580078568087 
0.7896333333333333 0.025 0.5 0.4666666666666667 0.5 0.5 0.5 0.5 0.5 0.5 0.5 0.5 48.992050671323625 1.9249029670218913 142.93580078568087 
0.7896333333333333 0.025 0.5 0.5 0.5333333333333333 0.5 0.5 0.5 0.5 0.5 0.5 0.5 48.992050671323625 1.9249029670218913 142.93580078568087 
0.7896333333333333 0.025 0.5 0.5 0.4666666666666667 0.5 0.5 0.5 0.5 0.5 0.5 0.5 48.992050671323625 1.9249029670218913 142.93580078568087 
0.7896333333333333 0.025 0.5 0.5 0.5 0.5333333333333333 0.5 0.5 0.5 0.5 0.5 0.5 48.99205067132368 1.9249029670218936 142.93580078568104 
0.7896333333333333 0.025 0.5 0.5 0.5 0.4666666666666667 0.5 0.5 0.5 0.5 0.5 0.5 48.99205067132368 1.9249029670218936 142.93580078568104 
0.7896333333333333 0.025 0.5 0.5 0.5 0.5 0.5333333333333333 0.5 0.5 0.5 0.5 0.5 48.99205067132368 1.9249029670218936 142.93580078568104 
0.7896333333333333 0.025 0.5 0.5 0.5 0.5 0.4666666666666667 0.5 0.5 0.5 0.5 0.5 48.99205067132368 1.9249029670218936 142.93580078568104 
0.7896333333333333 0.025 0.5 0.5 0.5 0.5 0.5 0.5333333333333333 0.5 0.5 0.5 0.5 48.992050671323625 1.9249029670218913 142.93580078568087 
0.7896333333333333 0.025 0.5 0.5 0.5 0.5 0.5 0.4666666666666667 0.5 0.5 0.5 0.5 48.992050671323625 1.9249029670218913 142.93580078568087 
0.7896333333333333 0.025 0.5 0.5 0.5 0.5 0.5 0.5 0.5333333333333333 0.5 0.5 0.5 48.992050671323625 1.9249029670218913 142.93580078568087 
0.7896333333333333 0.025 0.5 0.5 0.5 0.5 0.5 0.5 0.4666666666666667 0.5 0.5 0.5 48.992050671323625 1.9249029670218913 142.93580078568087 
0.7896333333333333 0.025 0.5 0.5 0.5 0.5 0.5 0.5 0.5 0.5333333333333333 0.5 0.5 48.992050671323625 1.9249029670218913 142.93580078568087 
0.7896333333333333 0.025 0.5 0.5 0.5 0.5 0.5 0.5 0.5 0.4666666666666667 0.5 0.5 48.992050671323625 1.9249029670218913 142.93580078568087 
0.7896333333333333 0.025 0.5 0.5 0.5 0.5 0.5 0.5 0.5 0.5 0.5333333333333333 0.5 48.992050671323625 1.9249029670218913 142.93580078568087 
0.7896333333333333 0.025 0.5 0.5 0.5 0.5 0.5 0.5 0.5 0.5 0.4666666666666667 0.5 48.992050671323625 1.9249029670218913 142.93580078568087 
0.7896333333333333 0.025 0.5 0.5 0.5 0.5 0.5 0.5 0.5 0.5 0.5 0.5333333333333333 48.99205067132368 1.9249029670218936 142.93580078568104 
0.7896333333333333 0.025 0.5 0.5 0.5 0.5 0.5 0.5 0.5 0.5 0.5 0.4666666666666667 48.99205067132368 1.9249029670218936 142.93580078568104 
0.7563 0.008333333333333335 0.5333333333333333 0.5 0.5 0.5 0.5 0.5 0.5 0.5 0.5 0.5 56.438503586577696 0.7388205037052407 140.1738880242287 
0.7563 0.008333333333333335 0.4666666666666667 0.5 0.5 0.5 0.5 0.5 0.5 0.5 0.5 0.5 56.438503586577696 0.7388205037052407 140.1738880242287 
0.7563 0.008333333333333335 0.5 0.5333333333333333 0.5 0.5 0.5 0.5 0.5 0.5 0.5 0.5 56.438503586577696 0.7388205037052407 140.1738880242287 
0.7563 0.008333333333333335 0.5 0.4666666666666667 0.5 0.5 0.5 0.5 0.5 0.5 0.5 0.5 56.438503586577696 0.7388205037052407 140.1738880242287 
0.7563 0.008333333333333335 0.5 0.5 0.5333333333333333 0.5 0.5 0.5 0.5 0.5 0.5 0.5 56.438503586577696 0.7388205037052407 140.1738880242287 
0.7563 0.008333333333333335 0.5 0.5 0.4666666666666667 0.5 0.5 0.5 0.5 0.5 0.5 0.5 56.438503586577696 0.7388205037052407 140.1738880242287 
0.7563 0.008333333333333335 0.5 0.5 0.5 0.5333333333333333 0.5 0.5 0.5 0.5 0.5 0.5 56.43850358657776 0.7388205037052415 140.17388802422883 
0.7563 0.008333333333333335 0.5 0.5 0.5 0.4666666666666667 0.5 0.5 0.5 0.5 0.5 0.5 56.43850358657776 0.7388205037052415 140.17388802422883 
0.7563 0.008333333333333335 0.5 0.5 0.5 0.5 0.5333333333333333 0.5 0.5 0.5 0.5 0.5 56.43850358657776 0.7388205037052415 140.17388802422883 
0.7563 0.008333333333333335 0.5 0.5 0.5 0.5 0.4666666666666667 0.5 0.5 0.5 0.5 0.5 56.43850358657776 0.7388205037052415 140.17388802422883 
0.7563 0.008333333333333335 0.5 0.5 0.5 0.5 0.5 0.5333333333333333 0.5 0.5 0.5 0.5 56.438503586577696 0.7388205037052407 140.1738880242287 
0.7563 0.008333333333333335 0.5 0.5 0.5 0.5 0.5 0.4666666666666667 0.5 0.5 0.5 0.5 56.438503586577696 0.7388205037052407 140.1738880242287 
0.7563 0.008333333333333335 0.5 0.5 0.5 0.5 0.5 0.5 0.5333333333333333 0.5 0.5 0.5 56.438503586577696 0.7388205037052407 140.1738880242287 
0.7563 0.008333333333333335 0.5 0.5 0.5 0.5 0.5 0.5 0.4666666666666667 0.5 0.5 0.5 56.438503586577696 0.7388205037052407 140.1738880242287 
0.7563 0.008333333333333335 0.5 0.5 0.5 0.5 0.5 0.5 0.5 0.5333333333333333 0.5 0.5 56.438503586577696 0.7388205037052407 140.1738880242287 
0.7563 0.008333333333333335 0.5 0.5 0.5 0.5 0.5 0.5 0.5 0.4666666666666667 0.5 0.5 56.438503586577696 0.7388205037052407 140.1738880242287 
0.7563 0.008333333333333335 0.5 0.5 0.5 0.5 0.5 0.5 0.5 0.5 0.5333333333333333 0.5 56.438503586577696 0.7388205037052407 140.1738880242287 
0.7563 0.008333333333333335 0.5 0.5 0.5 0.5 0.5 0.5 0.5 0.5 0.4666666666666667 0.5 56.438503586577696 0.7388205037052407 140.1738880242287 
0.7563 0.008333333333333335 0.5 0.5 0.5 0.5 0.5 0.5 0.5 0.5 0.5 0.5333333333333333 56.43850358657776 0.7388205037052415 140.17388802422883 
0.7563 0.008333333333333335 0.5 0.5 0.5 0.5 0.5 0.5 0.5 0.5 0.5 0.4666666666666667 56.43850358657776 0.7388205037052415 140.17388802422883 
0.7896333333333333 0.008333333333333335 0.5333333333333333 0.5 0.5 0.5 0.5 0.5 0.5 0.5 0.5 0.5 49.02565040509529 0.6417809372143545 142.93580078568087 
0.7896333333333333 0.008333333333333335 0.4666666666666667 0.5 0.5 0.5 0.5 0.5 0.5 0.5 0.5 0.5 49.02565040509529 0.6417809372143545 142.93580078568087 
0.7896333333333333 0.008333333333333335 0.5 0.5333333333333333 0.5 0.5 0.5 0.5 0.5 0.5 0.5 0.5 49.02565040509529 0.6417809372143545 142.93580078568087 
0.7896333333333333 0.008333333333333335 0.5 0.4666666666666667 0.5 0.5 0.5 0.5 0.5 0.5 0.5 0.5 49.02565040509529 0.6417809372143545 142.93580078568087 
0.7896333333333333 0.008333333333333335 0.5 0.5 0.5333333333333333 0.5 0.5 0.5 0.5 0.5 0.5 0.5 49.02565040509529 0.6417809372143545 142.93580078568087 
0.7896333333333333 0.008333333333333335 0.5 0.5 0.4666666666666667 0.5 0.5 0.5 0.5 0.5 0.5 0.5 49.02565040509529 0.6417809372143545 142.93580078568087 
0.7896333333333333 0.008333333333333335 0.5 0.5 0.5 0.5333333333333333 0.5 0.5 0.5 0.5 0.5 0.5 49.02565040509534 0.6417809372143551 142.93580078568104 
0.7896333333333333 0.008333333333333335 0.5 0.5 0.5 0.4666666666666667 0.5 0.5 0.5 0.5 0.5 0.5 49.02565040509534 0.6417809372143551 142.93580078568104 
0.7896333333333333 0.008333333333333335 0.5 0.5 0.5 0.5 0.5333333333333333 0.5 0.5 0.5 0.5 0.5 49.02565040509534 0.6417809372143551 142.93580078568104 
0.7896333333333333 0.008333333333333335 0.5 0.5 0.5 0.5 0.4666666666666667 0.5 0.5 0.5 0.5 0.5 49.02565040509534 0.6417809372143551 142.93580078568104 
0.7896333333333333 0.008333333333333335 0.5 0.5 0.5 0.5 0.5 0.5333333333333333 0.5 0.5 0.5 0.5 49.02565040509529 0.6417809372143545 142.93580078568087 
0.7896333333333333 0.008333333333333335 0.5 0.5 0.5 0.5 0.5 0.4666666666666667 0.5 0.5 0.5 0.5 49.02565040509529 0.6417809372143545 142.93580078568087 
0.7896333333333333 0.008333333333333335 0.5 0.5 0.5 0.5 0.5 0.5 0.5333333333333333 0.5 0.5 0.5 49.02565040509529 0.6417809372143545 142.93580078568087 
0.7896333333333333 0.008333333333333335 0.5 0.5 0.5 0.5 0.5 0.5 0.4666666666666667 0.5 0.5 0.5 49.02565040509529 0.6417809372143545 142.93580078568087 
0.7896333333333333 0.008333333333333335 0.5 0.5 0.5 0.5 0.5 0.5 0.5 0.5333333333333333 0.5 0.5 49.02565040509529 0.6417809372143545 142.93580078568087 
0.7896333333333333 0.008333333333333335 0.5 0.5 0.5 0.5 0.5 0.5 0.5 0.4666666666666667 0.5 0.5 49.02565040509529 0.6417809372143545 142.93580078568087 
0.7896333333333333 0.008333333333333335 0.5 0.5 0.5 0.5 0.5 0.5 0.5 0.5 0.5333333333333333 0.5 49.02565040509529 0.6417809372143545 142.93580078568087 
0.7896333333333333 0.008333333333333335 0.5 0.5 0.5 0.5 0.5 0.5 0.5 0.5 0.4666666666666667 0.5 49.02565040509529 0.6417809372143545 142.93580078568087 
0.7896333333333333 0.008333333333333335 0.5 0.5 0.5 0.5 0.5 0.5 0.5 0.5 0.5 0.5333333333333333 49.02565040509534 0.6417809372143551 142.93580078568104 
0.7896333333333333 0.008333333333333335 0.5 0.5 0.5 0.5 0.5 0.5 0.5 0.5 0.5 0.4666666666666667 49.02565040509534 0.6417809372143551 142.93580078568104 
0.7563 0.041666666666666664 0.5333333333333333 0.5 0.5 0.5 0.5 0.5 0.5 0.5 0.5 0.5 56.32248969597634 3.69157111207114 140.1738880242287 
0.7563 0.041666666666666664 0.4666666666666667 0.5 0.5 0.5 0.5 0.5 0.5 0.5 0.5 0.5 56.32248969597634 3.69157111207114 140.1738880242287 
0.7563 0.041666666666666664 0.5 0.5333333333333333 0.5 0.5 0.5 0.5 0.5 0.5 0.5 0.5 56.32248969597634 3.69157111207114 140.1738880242287 
0.7563 0.041666666666666664 0.5 0.4666666666666667 0.5 0.5 0.5 0.5 0.5 0.5 0.5 0.5 56.32248969597634 3.69157111207114 140.1738880242287 
0.7563 0.041666666666666664 0.5 0.5 0.5333333333333333 0.5 0.5 0.5 0.5 0.5 0.5 0.5 56.32248969597634 3.69157111207114 140.1738880242287 
0.7563 0.041666666666666664 0.5 0.5 0.4666666666666667 0.5 0.5 0.5 0.5 0.5 0.5 0.5 56.32248969597634 3.69157111207114 140.1738880242287 
0.7563 0.041666666666666664 0.5 0.5 0.5 0.5333333333333333 0.5 0.5 0.5 0.5 0.5 0.5 56.3224896959764 3.6915711120711445 140.17388802422883 
0.7563 0.041666666666666664 0.5 0.5 0.5 0.4666666666666667 0.5 0.5 0.5 0.5 0.5 0.5 56.3224896959764 3.6915711120711445 140.17388802422883 
0.7563 0.041666666666666664 0.5 0.5 0.5 0.5 0.5333333333333333 0.5 0.5 0.5 0.5 0.5 56.3224896959764 3.6915711120711445 140.17388802422883 
0.7563 0.041666666666666664 0.5 0.5 0.5 0.5 0.4666666666666667 0.5 0.5 0.5 0.5 0.5 56.3224896959764 3.6915711120711445 140.17388802422883 
0.7563 0.041666666666666664 0.5 0.5 0.5 0.5 0.5 0.5333333333333333 0.5 0.5 0.5 0.5 56.32248969597634 3.69157111207114 140.1738880242287 
0.7563 0.041666666666666664 0.5 0.5 0.5 0.5 0.5 0.4666666666666667 0.5 0.5 0.5 0.5 56.32248969597634 3.69157111207114 140.1738880242287 
0.7563 0.041666666666666664 0.5 0.5 0.5 0.5 0.5 0.5 0.5333333333333333 0.5 0.5 0.5 56.32248969597634 3.69157111207114 140.1738880242287 
0.7563 0.041666666666666664 0.5 0.5 0.5 0.5 0.5 0.5 0.4666666666666667 0.5 0.5 0.5 56.32248969597634 3.69157111207114 140.1738880242287 
0.7563 0.041666666666666664 0.5 0.5 0.5 0.5 0.5 0.5 0.5 0.5333333333333333 0.5 0.5 56.32248969597634 3.69157111207114 140.1738880242287 
0.7563 0.041666666666666664 0.5 0.5 0.5 0.5 0.5 0.5 0.5 0.4666666666666667 0.5 0.5 56.32248969597634 3.69157111207114 140.1738880242287 
0.7563 0.041666666666666664 0.5 0.5 0.5 0.5 0.5 0.5 0.5 0.5 0.5333333333333333 0.5 56.32248969597634 3.69157111207114 140.1738880242287 
0.7563 0.041666666666666664 0.5 0.5 0.5 0.5 0.5 0.5 0.5 0.5 0.4666666666666667 0.5 56.32248969597634 3.69157111207114 140.1738880242287 
0.7563 0.041666666666666664 0.5 0.5 0.5 0.5 0.5 0.5 0.5 0.5 0.5 0.5333333333333333 56.3224896959764 3.6915711120711445 140.17388802422883 
0.7563 0.041666666666666664 0.5 0.5 0.5 0.5 0.5 0.5 0.5 0.5 0.5 0.4666666666666667 56.3224896959764 3.6915711120711445 140.17388802422883 
0.7896333333333333 0.041666666666666664 0.5333333333333333 0.5 0.5 0.5 0.5 0.5 0.5 0.5 0.5 0.5 48.92487423136077 3.2067057644134622 142.93580078568087 
0.7896333333333333 0.041666666666666664 0.4666666666666667 0.5 0.5 0.5 0.5 0.5 0.5 0.5 0.5 0.5 48.92487423136077 3.2067057644134622 142.93580078568087 
0.7896333333333333 0.041666666666666664 0.5 0.5333333333333333 0.5 0.5 0.5 0.5 0.5 0.5 0.5 0.5 48.92487423136077 3.2067057644134622 142.93580078568087 
0.7896333333333333 0.041666666666666664 0.5 0.4666666666666667 0.5 0.5 0.5 0.5 0.5 0.5 0.5 0.5 48.92487423136077 3.2067057644134622 142.93580078568087 
0.7896333333333333 0.041666666666666664 0.5 0.5 0.5333333333333333 0.5 0.5 0.5 0.5 0.5 0.5 0.5 48.92487423136077 3.2067057644134622 142.93580078568087 
0.7896333333333333 0.041666666666666664 0.5 0.5 0.4666666666666667 0.5 0.5 0.5 0.5 0.5 0.5 0.5 48.92487423136077 3.2067057644134622 142.93580078568087 
0.7896333333333333 0.041666666666666664 0.5 0.5 0.5 0.5333333333333333 0.5 0.5 0.5 0.5 0.5 0.5 48.924874231360825 3.2067057644134658 142.93580078568104 
0.7896333333333333 0.041666666666666664 0.5 0.5 0.5 0.4666666666666667 0.5 0.5 0.5 0.5 0.5 0.5 48.924874231360825 3.2067057644134658 142.93580078568104 
0.7896333333333333 0.041666666666666664 0.5 0.5 0.5 0.5 0.5333333333333333 0.5 0.5 0.5 0.5 0.5 48.924874231360825 3.2067057644134658 142.93580078568104 
0.7896333333333333 0.041666666666666664 0.5 0.5 0.5 0.5 0.4666666666666667 0.5 0.5 0.5 0.5 0.5 48.924874231360825 3.2067057644134658 142.93580078568104 
0.7896333333333333 0.041666666666666664 0.5 0.5 0.5 0.5 0.5 0.5333333333333333 0.5 0.5 0.5 0.5 48.92487423136077 3.2067057644134622 142.93580078568087 
0.7896333333333333 0.041666666666666664 0.5 0.5 0.5 0.5 0.5 0.4666666666666667 0.5 0.5 0.5 0.5 48.92487423136077 3.2067057644134622 142.93580078568087 
0.7896333333333333 0.041666666666666664 0.5 0.5 0.5 0.5 0.5 0.5 0.5333333333333333 0.5 0.5 0.5 48.92487423136077 3.2067057644134622 142.93580078568087 
0.7896333333333333 0.041666666666666664 0.5 0.5 0.5 0.5 0.5 0.5 0.4666666666666667 0.5 0.5 0.5 48.92487423136077 3.2067057644134622 142.93580078568087 
0.7896333333333333 0.041666666666666664 0.5 0.5 0.5 0.5 0.5 0.5 0.5 0.5333333333333333 0.5 0.5 48.92487423136077 3.2067057644134622 142.93580078568087 
0.7896333333333333 0.041666666666666664 0.5 0.5 0.5 0.5 0.5 0.5 0.5 0.4666666666666667 0.5 0.5 48.92487423136077 3.2067057644134622 142.93580078568087 
0.7896333333333333 0.041666666666666664 0.5 0.5 0.5 0.5 0.5 0.5 0.5 0.5 0.5333333333333333 0.5 48.92487423136077 3.2067057644134622 142.93580078568087 
0.7896333333333333 0.041666666666666664 0.5 0.5 0.5 0.5 0.5 0.5 0.5 0.5 0.4666666666666667 0.5 48.92487423136077 3.2067057644134622 142.93580078568087 
0.7896333333333333 0.041666666666666664 0.5 0.5 0.5 0.5 0.5 0.5 0.5 0.5 0.5 0.5333333333333333 48.924874231360825 3.2067057644134658 142.93580078568104 
0.7896333333333333 0.041666666666666664 0.5 0.5 0.5 0.5 0.5 0.5 0.5 0.5 0.5 0.4666666666666667 48.924874231360825 3.2067057644134658 142.93580078568104 
