0. 0.5 0.5 0.5 0.5 0.5 0.5 0.5 0.5 0.5 0.5 0.5 0. 0. 0.5
1. 1. 0.5 0.5 0.5 0.5 0.5 0.5 0.5 0.5 0.5 0.5 0.5 0. 0.
0.6666666666666665 0.5 0.5 0.5 0.5 0.5 0.5 0.5 0.5 0.5 0.5 0.5 0.16666666666666663 0.16666666666666663 0.16666666666666674
0.5 0. 0.5 0.5 0.5 0.5 0.5 0.5 0.5 0.5 0.5 0.5 0. 0.25 0.25
0.8333333333333333 0. 0.5 0.5 0.5 0.5 0.5 0.5 0.5 0.5 0.5 0.5 0. 0.41666666666666663 0.08333333333333337
0.16666666666666669 0. 0.5 0.5 0.5 0.5 0.5 0.5 0.5 0.5 0.5 0.5 0. 0.08333333333333334 0.41666666666666663
0.5 0.6666666666666665 0.5 0.5 0.5 0.5 0.5 0.5 0.5 0.5 0.5 0.5 0.16666666666666663 0.08333333333333337 0.25
1. 0.5 0.5 0.5 0.5 0.5 0.5 0.5 0.5 0.5 0.5 0.5 0.25 0.25 0.
0.33333333333333337 0.5 0.5 0.5 0.5 0.5 0.5 0.5 0.5 0.5 0.5 0.5 0.08333333333333334 0.08333333333333334 0.3333333333333333
1. 0.8333333333333333 0.5 0.5 0.5 0.5 0.5 0.5 0.5 0.5 0.5 0.5 0.41666666666666663 0.08333333333333337 0.
1. 0.16666666666666669 0.5 0.5 0.5 0.5 0.5 0.5 0.5 0.5 0.5 0.5 0.08333333333333334 0.41666666666666663 0.
0.5 1. 0.5 0.5 0.5 0.5 0.5 0.5 0.5 0.5 0.5 0.5 0.25 0. 0.25
0.8333333333333333 1. 0.5 0.5 0.5 0.5 0.5 0.5 0.5 0.5 0.5 0.5 0.41666666666666663 0. 0.08333333333333337
0.16666666666666669 1. 0.5 0.5 0.5 0.5 0.5 0.5 0.5 0.5 0.5 0.5 0.08333333333333334 0. 0.41666666666666663
0.5 0.33333333333333337 0.5 0.5 0.5 0.5 0.5 0.5 0.5 0.5 0.5 0.5 0.08333333333333334 0.16666666666666666 0.25
0.5 0.5 0.5 0.5 0.5 0.5 0.5 0.5 0.5 0.5 0.5 0.5 0.125 0.125 0.25
0.8333333333333333 0.5 0.5 0.5 0.5 0.5 0.5 0.5 0.5 0.5 0.5 0.5 0.20833333333333331 0.20833333333333331 0.08333333333333337
0.16666666666666669 0.5 0.5 0.5 0.5 0.5 0.5 0.5 0.5 0.5 0.5 0.5 0.04166666666666667 0.04166666666666667 0.41666666666666663
0.5 0.8333333333333333 0.5 0.5 0.5 0.5 0.5 0.5 0.5 0.5 0.5 0.5 0.20833333333333331 0.041666666666666685 0.25
0.5 0.16666666666666669 0.5 0.5 0.5 0.5 0.5 0.5 0.5 0.5 0.5 0.5 0.04166666666666667 0.20833333333333331 0.25
0.8333333333333333 0.8333333333333333 0.5 0.5 0.5 0.5 0.5 0.5 0.5 0.5 0.5 0.5 0.34722222222222215 0.06944444444444448 0.08333333333333337
0.8333333333333333 0.16666666666666669 0.5 0.5 0.5 0.5 0.5 0.5 0.5 0.5 0.5 0.5 0.06944444444444445 0.3472222222222222 0.08333333333333337
0.16666666666666669 0.8333333333333333 0.5 0.5 0.5 0.5 0.5 0.5 0.5 0.5 0.5 0.5 0.06944444444444445 0.013888888888888897 0.41666666666666663
0.16666666666666669 0.16666666666666669 0.5 0.5 0.5 0.5 0.5 0.5 0.5 0.5 0.5 0.5 0.013888888888888892 0.06944444444444445 0.41666666666666663
0.83333 0.05 0.5 0.5 0.5 0.5 0.5 0.5 0.5 0.5 0.5 0.5 0.02083325 0.39583175 0.08333499999999999
0.8999966666666667 0.05 0.5 0.5 0.5 0.5 0.5 0.5 0.5 0.5 0.5 0.5 0.022499916666666668 0.42749841666666666 0.050001666666666666
0.7666633333333334 0.05 0.5 0.5 0.5 0.5 0.5 0.5 0.5 0.5 0.5 0.5 0.019166583333333334 0.36416508333333336 0.11666833333333332
0.83333 0.08333333333333333 0.5 0.5 0.5 0.5 0.5 0.5 0.5 0.5 0.5 0.5 0.034722083333333334 0.3819429166666667 0.08333499999999999
0.83333 0.01666666666666667 0.5 0.5 0.5 0.5 0.5 0.5 0.5 0.5 0.5 0.5 0.006944416666666668 0.40972058333333333 0.08333499999999999
0.79333 0. 0.5 0.5 0.5 0.5 0.5 0.5 0.5 0.5 0.5 0.5 0. 0.396665 0.10333500000000001
0.816665 0.9 0.5 0.5 0.5 0.5 0.5 0.5 0.5 0.5 0.5 0.5 0.36749925 0.04083324999999999 0.09166750000000001
0.9388883333333333 0.9 0.5 0.5 0.5 0.5 0.5 0.5 0.5 0.5 0.5 0.5 0.42249975 0.046944416666666655 0.030555833333333338
0.6944416666666666 0.9 0.5 0.5 0.5 0.5 0.5 0.5 0.5 0.5 0.5 0.5 0.31249875 0.03472208333333332 0.1527791666666667
0.816665 0.9666666666666667 0.5 0.5 0.5 0.5 0.5 0.5 0.5 0.5 0.5 0.5 0.39472141666666666 0.01361108333333333 0.09166750000000001
0.816665 0.8333333333333334 0.5 0.5 0.5 0.5 0.5 0.5 0.5 0.5 0.5 0.5 0.34027708333333334 0.06805541666666665 0.09166750000000001
0.869445 0.85 0.5 0.5 0.5 0.5 0.5 0.5 0.5 0.5 0.5 0.5 0.369514125 0.06520837500000001 0.06527749999999999
0.9564816666666667 0.85 0.5 0.5 0.5 0.5 0.5 0.5 0.5 0.5 0.5 0.5 0.40650470833333335 0.07173612500000001 0.021759166666666663
0.7824083333333334 0.85 0.5 0.5 0.5 0.5 0.5 0.5 0.5 0.5 0.5 0.5 0.3325235416666667 0.058680625000000014 0.10879583333333331
0.869445 0.95 0.5 0.5 0.5 0.5 0.5 0.5 0.5 0.5 0.5 0.5 0.412986375 0.02173612500000002 0.06527749999999999
0.869445 0.75 0.5 0.5 0.5 0.5 0.5 0.5 0.5 0.5 0.5 0.5 0.32604187500000004 0.108680625 0.06527749999999999
0.87824 0.825 0.5 0.5 0.5 0.5 0.5 0.5 0.5 0.5 0.5 0.5 0.362274 0.07684600000000003 0.06087999999999999
0.9594133333333333 0.825 0.5 0.5 0.5 0.5 0.5 0.5 0.5 0.5 0.5 0.5 0.395758 0.08394866666666669 0.02029333333333333
0.7970666666666667 0.825 0.5 0.5 0.5 0.5 0.5 0.5 0.5 0.5 0.5 0.5 0.32878999999999997 0.06974333333333335 0.10146666666666665
0.87824 0.9416666666666667 0.5 0.5 0.5 0.5 0.5 0.5 0.5 0.5 0.5 0.5 0.4135046666666667 0.02561533333333334 0.06087999999999999
0.87824 0.7083333333333334 0.5 0.5 0.5 0.5 0.5 0.5 0.5 0.5 0.5 0.5 0.31104333333333334 0.12807666666666664 0.06087999999999999
0.75648 0.65 0.5 0.5 0.5 0.5 0.5 0.5 0.5 0.5 0.5 0.5 0.24585600000000002 0.132384 0.12175999999999998
0.9 0.9 0.5 0.5 0.5 0.5 0.5 0.5 0.5 0.5 0.5 0.5 0.405 0.04499999999999999 0.04999999999999999
0.9666666666666667 0.9 0.5 0.5 0.5 0.5 0.5 0.5 0.5 0.5 0.5 0.5 0.435 0.048333333333333325 0.016666666666666663
0.8333333333333334 0.9 0.5 0.5 0.5 0.5 0.5 0.5 0.5 0.5 0.5 0.5 0.375 0.04166666666666666 0.08333333333333331
0.9 0.9666666666666667 0.5 0.5 0.5 0.5 0.5 0.5 0.5 0.5 0.5 0.5 0.435 0.014999999999999998 0.04999999999999999
0.9 0.8333333333333334 0.5 0.5 0.5 0.5 0.5 0.5 0.5 0.5 0.5 0.5 0.375 0.07499999999999998 0.04999999999999999
0.95 0.95 0.5 0.5 0.5 0.5 0.5 0.5 0.5 0.5 0.5 0.5 0.45125 0.02375000000000002 0.025000000000000022
0.9833333333333333 0.95 0.5 0.5 0.5 0.5 0.5 0.5 0.5 0.5 0.5 0.5 0.4670833333333333 0.024583333333333353 0.00833333333333336
0.9166666666666667 0.95 0.5 0.5 0.5 0.5 0.5 0.5 0.5 0.5 0.5 0.5 0.4354166666666667 0.02291666666666669 0.04166666666666663
0.95 0.9833333333333333 0.5 0.5 0.5 0.5 0.5 0.5 0.5 0.5 0.5 0.5 0.4670833333333333 0.007916666666666692 0.025000000000000022
0.95 0.9166666666666667 0.5 0.5 0.5 0.5 0.5 0.5 0.5 0.5 0.5 0.5 0.4354166666666667 0.0395833333333333 0.025000000000000022
0.975 0.975 0.5 0.5 0.5 0.5 0.5 0.5 0.5 0.5 0.5 0.5 0.47531249999999997 0.01218750000000001 0.012500000000000011
0.9916666666666667 0.975 0.5 0.5 0.5 0.5 0.5 0.5 0.5 0.5 0.5 0.5 0.4834375 0.012395833333333345 0.004166666666666652
0.9583333333333333 0.975 0.5 0.5 0.5 0.5 0.5 0.5 0.5 0.5 0.5 0.5 0.4671875 0.011979166666666676 0.02083333333333337
0.975 0.9916666666666667 0.5 0.5 0.5 0.5 0.5 0.5 0.5 0.5 0.5 0.5 0.4834375 0.004062499999999985 0.012500000000000011
0.975 0.9583333333333333 0.5 0.5 0.5 0.5 0.5 0.5 0.5 0.5 0.5 0.5 0.4671875 0.020312500000000035 0.012500000000000011
0.85 0.125 0.5 0.5 0.5 0.5 0.5 0.5 0.5 0.5 0.5 0.5 0.053125 0.371875 0.07500000000000001
0.95 0.125 0.5 0.5 0.5 0.5 0.5 0.5 0.5 0.5 0.5 0.5 0.059375 0.41562499999999997 0.025000000000000022
0.75 0.125 0.5 0.5 0.5 0.5 0.5 0.5 0.5 0.5 0.5 0.5 0.046875 0.328125 0.125
0.85 0.20833333333333331 0.5 0.5 0.5 0.5 0.5 0.5 0.5 0.5 0.5 0.5 0.08854166666666666 0.33645833333333336 0.07500000000000001
0.85 0.04166666666666667 0.5 0.5 0.5 0.5 0.5 0.5 0.5 0.5 0.5 0.5 0.017708333333333336 0.40729166666666666 0.07500000000000001
0.93 0. 0.5 0.5 0.5 0.5 0.5 0.5 0.5 0.5 0.5 0.5 0. 0.465 0.034999999999999976
0.875 0.1625 0.5 0.5 0.5 0.5 0.5 0.5 0.5 0.5 0.5 0.5 0.07109375 0.36640625 0.0625
0.9583333333333333 0.1625 0.5 0.5 0.5 0.5 0.5 0.5 0.5 0.5 0.5 0.5 0.07786458333333333 0.4013020833333333 0.02083333333333337
0.7916666666666666 0.1625 0.5 0.5 0.5 0.5 0.5 0.5 0.5 0.5 0.5 0.5 0.06432291666666666 0.33151041666666664 0.10416666666666669
0.875 0.2708333333333333 0.5 0.5 0.5 0.5 0.5 0.5 0.5 0.5 0.5 0.5 0.11848958333333333 0.3190104166666667 0.0625
0.875 0.054166666666666675 0.5 0.5 0.5 0.5 0.5 0.5 0.5 0.5 0.5 0.5 0.02369791666666667 0.41380208333333335 0.0625
1. 0.255 0.5 0.5 0.5 0.5 0.5 0.5 0.5 0.5 0.5 0.5 0.1275 0.3725 0.
1. 0. 0.5 0.5 0.5 0.5 0.5 0.5 0.5 0.5 0.5 0.5 0. 0.5 0.
1. 0.05 0.5 0.5 0.5 0.5 0.5 0.5 0.5 0.5 0.5 0.5 0.025 0.475 0.
0.95 0.05 0.5 0.5 0.5 0.5 0.5 0.5 0.5 0.5 0.5 0.5 0.02375 0.45125 0.025000000000000022
0.95 0. 0.5 0.5 0.5 0.5 0.5 0.5 0.5 0.5 0.5 0.5 0. 0.475 0.025000000000000022
0.879165 0.18125 0.5 0.5 0.5 0.5 0.5 0.5 0.5 0.5 0.5 0.5 0.079674328125 0.359908171875 0.06041750000000001
0.9597216666666667 0.18125 0.5 0.5 0.5 0.5 0.5 0.5 0.5 0.5 0.5 0.5 0.08697477604166666 0.3928860572916667 0.020139166666666652
0.7986083333333333 0.18125 0.5 0.5 0.5 0.5 0.5 0.5 0.5 0.5 0.5 0.5 0.07237388020833332 0.32693028645833333 0.10069583333333337
0.879165 0.3020833333333333 0.5 0.5 0.5 0.5 0.5 0.5 0.5 0.5 0.5 0.5 0.132790546875 0.306791953125 0.06041750000000001
0.879165 0.060416666666666674 0.5 0.5 0.5 0.5 0.5 0.5 0.5 0.5 0.5 0.5 0.026558109375000003 0.41302439062499996 0.06041750000000001
0.87986 0.190625 0.5 0.5 0.5 0.5 0.5 0.5 0.5 0.5 0.5 0.5 0.08386165625 0.35606834375 0.06007000000000001
0.9599533333333333 0.190625 0.5 0.5 0.5 0.5 0.5 0.5 0.5 0.5 0.5 0.5 0.09149555208333333 0.38848111458333334 0.020023333333333337
0.7997666666666666 0.190625 0.5 0.5 0.5 0.5 0.5 0.5 0.5 0.5 0.5 0.5 0.07622776041666667 0.32365557291666663 0.10011666666666669
0.87986 0.31770833333333326 0.5 0.5 0.5 0.5 0.5 0.5 0.5 0.5 0.5 0.5 0.1397694270833333 0.3001605729166667 0.06007000000000001
0.87986 0.06354166666666668 0.5 0.5 0.5 0.5 0.5 0.5 0.5 0.5 0.5 0.5 0.02795388541666667 0.41197611458333333 0.06007000000000001
0.929975 0.1906275 0.5 0.5 0.5 0.5 0.5 0.5 0.5 0.5 0.5 0.5 0.08863940465625 0.37634809534375 0.0350125
0.9766583333333333 0.1906275 0.5 0.5 0.5 0.5 0.5 0.5 0.5 0.5 0.5 0.5 0.09308896821875 0.39524019844791664 0.011670833333333352
0.8832916666666667 0.1906275 0.5 0.5 0.5 0.5 0.5 0.5 0.5 0.5 0.5 0.5 0.08418984109375001 0.35745599223958335 0.05835416666666665
0.929975 0.2572958333333333 0.5 0.5 0.5 0.5 0.5 0.5 0.5 0.5 0.5 0.5 0.11963934630208331 0.3453481536979167 0.0350125
0.929975 0.12395916666666666 0.5 0.5 0.5 0.5 0.5 0.5 0.5 0.5 0.5 0.5 0.05763946301041666 0.40734803698958333 0.0350125
1. 0.090625 0.5 0.5 0.5 0.5 0.5 0.5 0.5 0.5 0.5 0.5 0.0453125 0.4546875 0.
0.8883300000000001 0.195315 0.5 0.5 0.5 0.5 0.5 0.5 0.5 0.5 0.5 0.5 0.086752086975 0.35741291302500006 0.05583499999999997
0.9627766666666666 0.195315 0.5 0.5 0.5 0.5 0.5 0.5 0.5 0.5 0.5 0.5 0.09402236232499998 0.3873659710083333 0.018611666666666693
0.8138833333333334 0.195315 0.5 0.5 0.5 0.5 0.5 0.5 0.5 0.5 0.5 0.5 0.079481811625 0.3274598550416667 0.0930583333333333
0.8883300000000001 0.32552499999999995 0.5 0.5 0.5 0.5 0.5 0.5 0.5 0.5 0.5 0.5 0.14458681162499998 0.29957818837500005 0.05583499999999997
0.8883300000000001 0.06510500000000001 0.5 0.5 0.5 0.5 0.5 0.5 0.5 0.5 0.5 0.5 0.028917362325000008 0.415247637675 0.05583499999999997
0.93833 0.19062849999999998 0.5 0.5 0.5 0.5 0.5 0.5 0.5 0.5 0.5 0.5 0.08943622020249999 0.3797287797975 0.030835
0.9794433333333333 0.19062849999999998 0.5 0.5 0.5 0.5 0.5 0.5 0.5 0.5 0.5 0.5 0.09335490673416666 0.39636675993250003 0.010278333333333334
0.8972166666666667 0.19062849999999998 0.5 0.5 0.5 0.5 0.5 0.5 0.5 0.5 0.5 0.5 0.08551753367083333 0.3630907996625 0.05139166666666667
0.93833 0.25729616666666666 0.5 0.5 0.5 0.5 0.5 0.5 0.5 0.5 0.5 0.5 0.12071435603416666 0.34845064396583336 0.030835
0.93833 0.12396083333333334 0.5 0.5 0.5 0.5 0.5 0.5 0.5 0.5 0.5 0.5 0.058158084370833335 0.41100691562916664 0.030835
1. 0.090627 0.5 0.5 0.5 0.5 0.5 0.5 0.5 0.5 0.5 0.5 0.0453135 0.4546865 0.
0.93833 0.29063 0.5 0.5 0.5 0.5 0.5 0.5 0.5 0.5 0.5 0.5 0.13635342395 0.33281157605 0.030835
0.96472 0.19063000000000002 0.5 0.5 0.5 0.5 0.5 0.5 0.5 0.5 0.5 0.5 0.09195228680000002 0.3904077132 0.01763999999999999
0.98824 0.19063000000000002 0.5 0.5 0.5 0.5 0.5 0.5 0.5 0.5 0.5 0.5 0.09419409560000001 0.3999259044 0.005879999999999996
0.9412 0.19063000000000002 0.5 0.5 0.5 0.5 0.5 0.5 0.5 0.5 0.5 0.5 0.08971047800000001 0.380889522 0.02939999999999998
0.96472 0.22396333333333335 0.5 0.5 0.5 0.5 0.5 0.5 0.5 0.5 0.5 0.5 0.10803095346666668 0.3743290465333333 0.01763999999999999
0.96472 0.15729666666666667 0.5 0.5 0.5 0.5 0.5 0.5 0.5 0.5 0.5 0.5 0.07587362013333333 0.4064863798666667 0.01763999999999999
1. 0.24063 0.5 0.5 0.5 0.5 0.5 0.5 0.5 0.5 0.5 0.5 0.120315 0.379685 0.
0.89412 0.195315 0.5 0.5 0.5 0.5 0.5 0.5 0.5 0.5 0.5 0.5 0.0873175239 0.35974247610000004 0.05293999999999999
0.9647066666666667 0.195315 0.5 0.5 0.5 0.5 0.5 0.5 0.5 0.5 0.5 0.5 0.0942108413 0.38814249203333334 0.017646666666666644
0.8235333333333333 0.195315 0.5 0.5 0.5 0.5 0.5 0.5 0.5 0.5 0.5 0.5 0.0804242065 0.3313424601666667 0.08823333333333333
0.89412 0.32552499999999995 0.5 0.5 0.5 0.5 0.5 0.5 0.5 0.5 0.5 0.5 0.14552920649999998 0.3015307935 0.05293999999999999
0.89412 0.06510500000000001 0.5 0.5 0.5 0.5 0.5 0.5 0.5 0.5 0.5 0.5 0.029105841300000004 0.4179541587 0.05293999999999999
0.9441200000000001 0.19063000000000002 0.5 0.5 0.5 0.5 0.5 0.5 0.5 0.5 0.5 0.5 0.08998879780000002 0.3820712022 0.027939999999999965
0.9813733333333333 0.19063000000000002 0.5 0.5 0.5 0.5 0.5 0.5 0.5 0.5 0.5 0.5 0.09353959926666668 0.3971470674 0.00931333333333334
0.9068666666666667 0.19063000000000002 0.5 0.5 0.5 0.5 0.5 0.5 0.5 0.5 0.5 0.5 0.08643799633333335 0.36699533700000003 0.046566666666666645
0.9441200000000001 0.2572966666666667 0.5 0.5 0.5 0.5 0.5 0.5 0.5 0.5 0.5 0.5 0.12145946446666668 0.35060053553333337 0.027939999999999965
0.9441200000000001 0.12396333333333334 0.5 0.5 0.5 0.5 0.5 0.5 0.5 0.5 0.5 0.5 0.05851813113333334 0.4135418688666667 0.027939999999999965
1. 0.09063 0.5 0.5 0.5 0.5 0.5 0.5 0.5 0.5 0.5 0.5 0.045315 0.454685 0.
0.921768 0.29063 0.5 0.5 0.5 0.5 0.5 0.5 0.5 0.5 0.5 0.5 0.13394671692000001 0.32693728308000003 0.039115999999999984
0.96912 0.19063000000000002 0.5 0.5 0.5 0.5 0.5 0.5 0.5 0.5 0.5 0.5 0.09237167280000001 0.39218832719999996 0.01544000000000001
0.9897066666666666 0.19063000000000002 0.5 0.5 0.5 0.5 0.5 0.5 0.5 0.5 0.5 0.5 0.09433389093333334 0.4005194424 0.005146666666666688
0.9485333333333333 0.19063000000000002 0.5 0.5 0.5 0.5 0.5 0.5 0.5 0.5 0.5 0.5 0.09040945466666668 0.383857212 0.02573333333333333
0.96912 0.22396333333333335 0.5 0.5 0.5 0.5 0.5 0.5 0.5 0.5 0.5 0.5 0.1085236728 0.37603632719999996 0.01544000000000001
0.96912 0.15729666666666667 0.5 0.5 0.5 0.5 0.5 0.5 0.5 0.5 0.5 0.5 0.0762196728 0.40834032719999996 0.01544000000000001
0.9 0.1 0.5 0.5 0.5 0.5 0.5 0.5 0.5 0.5 0.5 0.5 0.045000000000000005 0.405 0.04999999999999999
0.9666666666666667 0.1 0.5 0.5 0.5 0.5 0.5 0.5 0.5 0.5 0.5 0.5 0.04833333333333334 0.435 0.016666666666666663
0.8333333333333334 0.1 0.5 0.5 0.5 0.5 0.5 0.5 0.5 0.5 0.5 0.5 0.04166666666666667 0.375 0.08333333333333331
0.9 0.16666666666666666 0.5 0.5 0.5 0.5 0.5 0.5 0.5 0.5 0.5 0.5 0.075 0.375 0.04999999999999999
0.9 0.03333333333333334 0.5 0.5 0.5 0.5 0.5 0.5 0.5 0.5 0.5 0.5 0.015000000000000003 0.435 0.04999999999999999
0.9833333333333333 0.05 0.5 0.5 0.5 0.5 0.5 0.5 0.5 0.5 0.5 0.5 0.024583333333333332 0.4670833333333333 0.00833333333333336
0.9166666666666667 0.05 0.5 0.5 0.5 0.5 0.5 0.5 0.5 0.5 0.5 0.5 0.02291666666666667 0.4354166666666667 0.04166666666666663
0.95 0.08333333333333333 0.5 0.5 0.5 0.5 0.5 0.5 0.5 0.5 0.5 0.5 0.03958333333333333 0.4354166666666667 0.025000000000000022
0.95 0.01666666666666667 0.5 0.5 0.5 0.5 0.5 0.5 0.5 0.5 0.5 0.5 0.007916666666666667 0.4670833333333333 0.025000000000000022
0.975 0.025 0.5 0.5 0.5 0.5 0.5 0.5 0.5 0.5 0.5 0.5 0.0121875 0.47531249999999997 0.012500000000000011
0.9916666666666667 0.025 0.5 0.5 0.5 0.5 0.5 0.5 0.5 0.5 0.5 0.5 0.012395833333333335 0.4834375 0.004166666666666652
0.9583333333333333 0.025 0.5 0.5 0.5 0.5 0.5 0.5 0.5 0.5 0.5 0.5 0.011979166666666666 0.4671875 0.02083333333333337
0.975 0.041666666666666664 0.5 0.5 0.5 0.5 0.5 0.5 0.5 0.5 0.5 0.5 0.020312499999999997 0.4671875 0.012500000000000011
0.975 0.008333333333333335 0.5 0.5 0.5 0.5 0.5 0.5 0.5 0.5 0.5 0.5 0.004062500000000001 0.48343749999999996 0.012500000000000011
0.8958349999999999 0.8875 0.5 0.5 0.5 0.5 0.5 0.5 0.5 0.5 0.5 0.5 0.39752678124999996 0.050390718750000014 0.05208250000000003
0.9652783333333333 0.8875 0.5 0.5 0.5 0.5 0.5 0.5 0.5 0.5 0.5 0.5 0.4283422604166667 0.05429690625000002 0.017360833333333325
0.8263916666666666 0.8875 0.5 0.5 0.5 0.5 0.5 0.5 0.5 0.5 0.5 0.5 0.3667113020833333 0.046484531250000016 0.08680416666666668
0.8958349999999999 0.9625 0.5 0.5 0.5 0.5 0.5 0.5 0.5 0.5 0.5 0.5 0.43112059375 0.01679690624999999 0.05208250000000003
0.8958349999999999 0.8125 0.5 0.5 0.5 0.5 0.5 0.5 0.5 0.5 0.5 0.5 0.36393296875 0.08398453125 0.05208250000000003
0.945835 0.9375 0.5 0.5 0.5 0.5 0.5 0.5 0.5 0.5 0.5 0.5 0.44336015624999997 0.02955734375 0.02708250000000001
0.981945 0.9375 0.5 0.5 0.5 0.5 0.5 0.5 0.5 0.5 0.5 0.5 0.46028671875 0.03068578125 0.009027500000000022
0.909725 0.9375 0.5 0.5 0.5 0.5 0.5 0.5 0.5 0.5 0.5 0.5 0.42643359375 0.02842890625 0.0451375
0.945835 0.9791666666666666 0.5 0.5 0.5 0.5 0.5 0.5 0.5 0.5 0.5 0.5 0.4630650520833333 0.009852447916666684 0.02708250000000001
0.945835 0.8958333333333334 0.5 0.5 0.5 0.5 0.5 0.5 0.5 0.5 0.5 0.5 0.4236552604166667 0.04926223958333331 0.02708250000000001
1. 0.975 0.5 0.5 0.5 0.5 0.5 0.5 0.5 0.5 0.5 0.5 0.4875 0.012500000000000011 0.
1. 0.96875 0.5 0.5 0.5 0.5 0.5 0.5 0.5 0.5 0.5 0.5 0.484375 0.015625 0.
0.970835 0.9625 0.5 0.5 0.5 0.5 0.5 0.5 0.5 0.5 0.5 0.5 0.46721434375000004 0.018203156249999988 0.014582499999999998
0.9902783333333334 0.9625 0.5 0.5 0.5 0.5 0.5 0.5 0.5 0.5 0.5 0.5 0.47657144791666667 0.01856771874999999 0.004860833333333314
0.9513916666666666 0.9625 0.5 0.5 0.5 0.5 0.5 0.5 0.5 0.5 0.5 0.5 0.45785723958333335 0.01783859374999999 0.024304166666666682
0.970835 0.9875 0.5 0.5 0.5 0.5 0.5 0.5 0.5 0.5 0.5 0.5 0.47934978125000005 0.0060677187499999785 0.014582499999999998
0.970835 0.9375 0.5 0.5 0.5 0.5 0.5 0.5 0.5 0.5 0.5 0.5 0.45507890625 0.03033859375 0.014582499999999998
1. 0.925 0.5 0.5 0.5 0.5 0.5 0.5 0.5 0.5 0.5 0.5 0.4625 0.03749999999999998 0.
0.66667 0.5 0.5 0.5 0.5 0.5 0.5 0.5 0.5 0.5 0.5 0.5 0.1666675 0.1666675 0.166665
0.8000033333333333 0.5 0.5 0.5 0.5 0.5 0.5 0.5 0.5 0.5 0.5 0.5 0.20000083333333332 0.20000083333333332 0.09999833333333336
0.5333366666666667 0.5 0.5 0.5 0.5 0.5 0.5 0.5 0.5 0.5 0.5 0.5 0.13333416666666667 0.13333416666666667 0.23333166666666666
0.66667 0.6333333333333333 0.5 0.5 0.5 0.5 0.5 0.5 0.5 0.5 0.5 0.5 0.21111216666666666 0.12222283333333334 0.166665
0.66667 0.36666666666666664 0.5 0.5 0.5 0.5 0.5 0.5 0.5 0.5 0.5 0.5 0.12222283333333332 0.21111216666666668 0.166665
0.89097 0.86875 0.5 0.5 0.5 0.5 0.5 0.5 0.5 0.5 0.5 0.5 0.38701509375000004 0.058469906249999995 0.05451499999999998
0.9636566666666666 0.86875 0.5 0.5 0.5 0.5 0.5 0.5 0.5 0.5 0.5 0.5 0.4185883645833333 0.06323996874999999 0.018171666666666697
0.8182833333333334 0.86875 0.5 0.5 0.5 0.5 0.5 0.5 0.5 0.5 0.5 0.5 0.3554418229166667 0.05369984374999999 0.09085833333333332
0.89097 0.9562499999999999 0.5 0.5 0.5 0.5 0.5 0.5 0.5 0.5 0.5 0.5 0.42599503125 0.01948996875000003 0.05451499999999998
0.89097 0.78125 0.5 0.5 0.5 0.5 0.5 0.5 0.5 0.5 0.5 0.5 0.34803515625000003 0.09744984375 0.05451499999999998
1. 0.7375 0.5 0.5 0.5 0.5 0.5 0.5 0.5 0.5 0.5 0.5 0.36875 0.13124999999999998 0.
0.78194 1. 0.5 0.5 0.5 0.5 0.5 0.5 0.5 0.5 0.5 0.5 0.39097 0. 0.10903000000000002
0.94097 0.91875 0.5 0.5 0.5 0.5 0.5 0.5 0.5 0.5 0.5 0.5 0.43225809374999996 0.03822690625000002 0.029515000000000013
0.9803233333333333 0.91875 0.5 0.5 0.5 0.5 0.5 0.5 0.5 0.5 0.5 0.5 0.45033603125 0.039825635416666685 0.009838333333333338
0.9016166666666666 0.91875 0.5 0.5 0.5 0.5 0.5 0.5 0.5 0.5 0.5 0.5 0.41418015625 0.03662817708333335 0.04919166666666669
0.94097 0.9729166666666667 0.5 0.5 0.5 0.5 0.5 0.5 0.5 0.5 0.5 0.5 0.45774269791666666 0.01274230208333334 0.029515000000000013
0.94097 0.8645833333333334 0.5 0.5 0.5 0.5 0.5 0.5 0.5 0.5 0.5 0.5 0.4067734895833333 0.06371151041666664 0.029515000000000013
0.8901600000000001 0.859375 0.5 0.5 0.5 0.5 0.5 0.5 0.5 0.5 0.5 0.5 0.38249062500000003 0.062589375 0.05491999999999997
0.9633866666666666 0.859375 0.5 0.5 0.5 0.5 0.5 0.5 0.5 0.5 0.5 0.5 0.4139552083333333 0.067738125 0.018306666666666693
0.8169333333333334 0.859375 0.5 0.5 0.5 0.5 0.5 0.5 0.5 0.5 0.5 0.5 0.3510260416666667 0.057440625 0.0915333333333333
0.8901600000000001 0.953125 0.5 0.5 0.5 0.5 0.5 0.5 0.5 0.5 0.5 0.5 0.42421687500000005 0.020863125000000003 0.05491999999999997
0.8901600000000001 0.765625 0.5 0.5 0.5 0.5 0.5 0.5 0.5 0.5 0.5 0.5 0.340764375 0.10431562500000001 0.05491999999999997
1. 0.7781249999999998 0.5 0.5 0.5 0.5 0.5 0.5 0.5 0.5 0.5 0.5 0.3890624999999999 0.11093750000000008 0.
0.824256 1. 0.5 0.5 0.5 0.5 0.5 0.5 0.5 0.5 0.5 0.5 0.412128 0. 0.087872
0.94016 0.909375 0.5 0.5 0.5 0.5 0.5 0.5 0.5 0.5 0.5 0.5 0.427479 0.04260099999999998 0.029920000000000002
0.9800533333333333 0.909375 0.5 0.5 0.5 0.5 0.5 0.5 0.5 0.5 0.5 0.5 0.445618 0.044408666666666645 0.009973333333333334
0.9002666666666667 0.909375 0.5 0.5 0.5 0.5 0.5 0.5 0.5 0.5 0.5 0.5 0.40934000000000004 0.04079333333333331 0.04986666666666667
0.94016 0.9697916666666666 0.5 0.5 0.5 0.5 0.5 0.5 0.5 0.5 0.5 0.5 0.4558796666666666 0.014200333333333362 0.029920000000000002
0.94016 0.8489583333333334 0.5 0.5 0.5 0.5 0.5 0.5 0.5 0.5 0.5 0.5 0.39907833333333337 0.07100166666666664 0.029920000000000002
0.8 0.5 0.5 0.5 0.5 0.5 0.5 0.5 0.5 0.5 0.5 0.5 0.2 0.2 0.09999999999999998
0.9333333333333333 0.5 0.5 0.5 0.5 0.5 0.5 0.5 0.5 0.5 0.5 0.5 0.23333333333333334 0.23333333333333334 0.033333333333333326
0.8 0.6333333333333333 0.5 0.5 0.5 0.5 0.5 0.5 0.5 0.5 0.5 0.5 0.25333333333333335 0.1466666666666667 0.09999999999999998
0.8 0.36666666666666664 0.5 0.5 0.5 0.5 0.5 0.5 0.5 0.5 0.5 0.5 0.14666666666666667 0.25333333333333335 0.09999999999999998
0.8916649999999999 0.875 0.5 0.5 0.5 0.5 0.5 0.5 0.5 0.5 0.5 0.5 0.3901034375 0.055729062499999996 0.054167500000000035
0.9638883333333333 0.875 0.5 0.5 0.5 0.5 0.5 0.5 0.5 0.5 0.5 0.5 0.42170114583333335 0.060243020833333334 0.018055833333333327
0.8194416666666666 0.875 0.5 0.5 0.5 0.5 0.5 0.5 0.5 0.5 0.5 0.5 0.3585057291666667 0.051215104166666664 0.09027916666666669
0.8916649999999999 0.9583333333333333 0.5 0.5 0.5 0.5 0.5 0.5 0.5 0.5 0.5 0.5 0.42725614583333327 0.018576354166666698 0.054167500000000035
0.8916649999999999 0.7916666666666666 0.5 0.5 0.5 0.5 0.5 0.5 0.5 0.5 0.5 0.5 0.35295072916666664 0.09288177083333335 0.054167500000000035
1. 0.95 0.5 0.5 0.5 0.5 0.5 0.5 0.5 0.5 0.5 0.5 0.475 0.025000000000000022 0.
0.78333 1. 0.5 0.5 0.5 0.5 0.5 0.5 0.5 0.5 0.5 0.5 0.391665 0. 0.10833500000000001
0.941665 0.925 0.5 0.5 0.5 0.5 0.5 0.5 0.5 0.5 0.5 0.5 0.4355200625 0.03531243749999998 0.029167500000000013
0.980555 0.925 0.5 0.5 0.5 0.5 0.5 0.5 0.5 0.5 0.5 0.5 0.4535066875 0.03677081249999998 0.009722500000000023
0.902775 0.925 0.5 0.5 0.5 0.5 0.5 0.5 0.5 0.5 0.5 0.5 0.4175334375 0.03385406249999998 0.0486125
0.941665 0.975 0.5 0.5 0.5 0.5 0.5 0.5 0.5 0.5 0.5 0.5 0.4590616875 0.01177081250000001 0.029167500000000013
0.941665 0.875 0.5 0.5 0.5 0.5 0.5 0.5 0.5 0.5 0.5 0.5 0.41197843749999996 0.0588540625 0.029167500000000013
0.966665 0.95 0.5 0.5 0.5 0.5 0.5 0.5 0.5 0.5 0.5 0.5 0.459165875 0.02416662500000002 0.016667500000000002
0.9888883333333334 0.95 0.5 0.5 0.5 0.5 0.5 0.5 0.5 0.5 0.5 0.5 0.46972195833333336 0.024722208333333356 0.005555833333333315
0.9444416666666666 0.95 0.5 0.5 0.5 0.5 0.5 0.5 0.5 0.5 0.5 0.5 0.44860979166666665 0.023611041666666686 0.027779166666666688
0.966665 0.9833333333333333 0.5 0.5 0.5 0.5 0.5 0.5 0.5 0.5 0.5 0.5 0.47527695833333333 0.008055541666666692 0.016667500000000002
0.966665 0.9166666666666667 0.5 0.5 0.5 0.5 0.5 0.5 0.5 0.5 0.5 0.5 0.4430547916666667 0.0402777083333333 0.016667500000000002
0.965025 0.9093800000000001 0.5 0.5 0.5 0.5 0.5 0.5 0.5 0.5 0.5 0.5 0.43878721725000003 0.04372528274999996 0.01748749999999999
0.9883416666666667 0.9093800000000001 0.5 0.5 0.5 0.5 0.5 0.5 0.5 0.5 0.5 0.5 0.4493890724166667 0.04478176091666663 0.005829166666666663
0.9417083333333334 0.9093800000000001 0.5 0.5 0.5 0.5 0.5 0.5 0.5 0.5 0.5 0.5 0.4281853620833334 0.042668804583333296 0.029145833333333315
0.965025 0.9427133333333333 0.5 0.5 0.5 0.5 0.5 0.5 0.5 0.5 0.5 0.5 0.45487096725 0.02764153275000002 0.01748749999999999
0.965025 0.8760466666666668 0.5 0.5 0.5 0.5 0.5 0.5 0.5 0.5 0.5 0.5 0.4227034672500001 0.05980903274999996 0.01748749999999999
1. 0.90938 0.5 0.5 0.5 0.5 0.5 0.5 0.5 0.5 0.5 0.5 0.45469 0.04531000000000002 0.
0.66667 0.63333 0.5 0.5 0.5 0.5 0.5 0.5 0.5 0.5 0.5 0.5 0.21111105554999998 0.12222394445000001 0.166665
0.8000033333333333 0.63333 0.5 0.5 0.5 0.5 0.5 0.5 0.5 0.5 0.5 0.5 0.25333305554999996 0.14666861111666668 0.09999833333333336
0.5333366666666667 0.63333 0.5 0.5 0.5 0.5 0.5 0.5 0.5 0.5 0.5 0.5 0.16888905555 0.09777927778333335 0.23333166666666666
0.66667 0.7666633333333334 0.5 0.5 0.5 0.5 0.5 0.5 0.5 0.5 0.5 0.5 0.25555572221666667 0.07777927778333332 0.166665
0.66667 0.49999666666666664 0.5 0.5 0.5 0.5 0.5 0.5 0.5 0.5 0.5 0.5 0.16666638888333332 0.16666861111666667 0.166665
0.7333366666666666 0.63333 0.5 0.5 0.5 0.5 0.5 0.5 0.5 0.5 0.5 0.5 0.23222205554999997 0.13444627778333335 0.13333166666666668
0.6000033333333333 0.63333 0.5 0.5 0.5 0.5 0.5 0.5 0.5 0.5 0.5 0.5 0.19000005555 0.11000161111666668 0.19999833333333333
0.66667 0.6999966666666667 0.5 0.5 0.5 0.5 0.5 0.5 0.5 0.5 0.5 0.5 0.23333338888333335 0.10000161111666665 0.166665
0.66667 0.5666633333333333 0.5 0.5 0.5 0.5 0.5 0.5 0.5 0.5 0.5 0.5 0.18888872221666664 0.14444627778333335 0.166665
0.7000033333333333 0.63333 0.5 0.5 0.5 0.5 0.5 0.5 0.5 0.5 0.5 0.5 0.22166655554999998 0.12833511111666668 0.14999833333333334
0.6333366666666668 0.63333 0.5 0.5 0.5 0.5 0.5 0.5 0.5 0.5 0.5 0.5 0.20055555555000001 0.11611277778333337 0.18333166666666662
0.6666700000000001 0.6666633333333333 0.5 0.5 0.5 0.5 0.5 0.5 0.5 0.5 0.5 0.5 0.22222222221666668 0.11111277778333337 0.16666499999999995
0.6666700000000001 0.5999966666666667 0.5 0.5 0.5 0.5 0.5 0.5 0.5 0.5 0.5 0.5 0.1999998888833334 0.13333511111666665 0.16666499999999995
0.8958349999999999 0.1125 0.5 0.5 0.5 0.5 0.5 0.5 0.5 0.5 0.5 0.5 0.05039071875 0.39752678124999996 0.05208250000000003
0.9652783333333333 0.1125 0.5 0.5 0.5 0.5 0.5 0.5 0.5 0.5 0.5 0.5 0.05429690625 0.4283422604166667 0.017360833333333325
0.8263916666666666 0.1125 0.5 0.5 0.5 0.5 0.5 0.5 0.5 0.5 0.5 0.5 0.04648453125 0.3667113020833333 0.08680416666666668
0.8958349999999999 0.1875 0.5 0.5 0.5 0.5 0.5 0.5 0.5 0.5 0.5 0.5 0.08398453125 0.36393296875 0.05208250000000003
0.8958349999999999 0.037500000000000006 0.5 0.5 0.5 0.5 0.5 0.5 0.5 0.5 0.5 0.5 0.01679690625 0.43112059374999995 0.05208250000000003
0.9833350000000001 0.975 0.5 0.5 0.5 0.5 0.5 0.5 0.5 0.5 0.5 0.5 0.4793758125 0.012291687500000011 0.008332499999999965
0.994445 0.975 0.5 0.5 0.5 0.5 0.5 0.5 0.5 0.5 0.5 0.5 0.4847919375 0.012430562500000011 0.0027774999999999883
0.972225 0.975 0.5 0.5 0.5 0.5 0.5 0.5 0.5 0.5 0.5 0.5 0.4739596875 0.01215281250000001 0.013887499999999997
0.9833350000000001 0.9916666666666667 0.5 0.5 0.5 0.5 0.5 0.5 0.5 0.5 0.5 0.5 0.4875702708333334 0.004097229166666653 0.008332499999999965
0.9833350000000001 0.9583333333333333 0.5 0.5 0.5 0.5 0.5 0.5 0.5 0.5 0.5 0.5 0.4711813541666667 0.020486145833333372 0.008332499999999965
0.982355 0.19063 0.5 0.5 0.5 0.5 0.5 0.5 0.5 0.5 0.5 0.5 0.09363316682499999 0.397544333175 0.008822500000000011
0.9941183333333333 0.19063 0.5 0.5 0.5 0.5 0.5 0.5 0.5 0.5 0.5 0.5 0.09475438894166666 0.402304777725 0.002940833333333337
0.9705916666666666 0.19063 0.5 0.5 0.5 0.5 0.5 0.5 0.5 0.5 0.5 0.5 0.09251194470833332 0.39278388862499997 0.014704166666666685
0.982355 0.20729666666666666 0.5 0.5 0.5 0.5 0.5 0.5 0.5 0.5 0.5 0.5 0.10181945849166665 0.3893580415083333 0.008822500000000011
0.982355 0.17396333333333333 0.5 0.5 0.5 0.5 0.5 0.5 0.5 0.5 0.5 0.5 0.08544687515833332 0.40573062484166666 0.008822500000000011
0.99081 0.19063000000000002 0.5 0.5 0.5 0.5 0.5 0.5 0.5 0.5 0.5 0.5 0.09443905515 0.40096594485 0.004595000000000016
0.9969366666666667 0.19063000000000002 0.5 0.5 0.5 0.5 0.5 0.5 0.5 0.5 0.5 0.5 0.09502301838333335 0.40344531495 0.0015316666666666534
0.9846833333333334 0.19063000000000002 0.5 0.5 0.5 0.5 0.5 0.5 0.5 0.5 0.5 0.5 0.09385509191666667 0.39848657475 0.0076583333333333226
0.99081 0.19896333333333333 0.5 0.5 0.5 0.5 0.5 0.5 0.5 0.5 0.5 0.5 0.09856743015 0.39683756985 0.004595000000000016
0.99081 0.1822966666666667 0.5 0.5 0.5 0.5 0.5 0.5 0.5 0.5 0.5 0.5 0.09031068015 0.40509431985 0.004595000000000016
0.9909749999999999 0.9750000000000001 0.5 0.5 0.5 0.5 0.5 0.5 0.5 0.5 0.5 0.5 0.4831003125 0.012387187499999956 0.00451250000000003
0.9969916666666666 0.9750000000000001 0.5 0.5 0.5 0.5 0.5 0.5 0.5 0.5 0.5 0.5 0.4860334375 0.012462395833333289 0.0015041666666666953
0.9849583333333334 0.9750000000000001 0.5 0.5 0.5 0.5 0.5 0.5 0.5 0.5 0.5 0.5 0.4801671875000001 0.012311979166666624 0.00752083333333331
0.9909749999999999 0.9833333333333334 0.5 0.5 0.5 0.5 0.5 0.5 0.5 0.5 0.5 0.5 0.487229375 0.00825812499999997 0.00451250000000003
0.9909749999999999 0.9666666666666667 0.5 0.5 0.5 0.5 0.5 0.5 0.5 0.5 0.5 0.5 0.47897124999999996 0.016516249999999996 0.00451250000000003
1. 0.9875 0.5 0.5 0.5 0.5 0.5 0.5 0.5 0.5 0.5 0.5 0.49375 0.006249999999999978 0.
0.9953449999999999 0.19063 0.5 0.5 0.5 0.5 0.5 0.5 0.5 0.5 0.5 0.5 0.09487130867499999 0.402801191325 0.002327500000000038
0.9984483333333333 0.19063 0.5 0.5 0.5 0.5 0.5 0.5 0.5 0.5 0.5 0.5 0.09516710289166666 0.404057063775 0.0007758333333333645
0.9922416666666667 0.19063 0.5 0.5 0.5 0.5 0.5 0.5 0.5 0.5 0.5 0.5 0.09457551445833333 0.401545318875 0.0038791666666666558
0.9953449999999999 0.19479666666666667 0.5 0.5 0.5 0.5 0.5 0.5 0.5 0.5 0.5 0.5 0.09694494409166667 0.4007275559083333 0.002327500000000038
0.9953449999999999 0.18646333333333331 0.5 0.5 0.5 0.5 0.5 0.5 0.5 0.5 0.5 0.5 0.09279767325833331 0.40487482674166664 0.002327500000000038
1. 0.19313 0.5 0.5 0.5 0.5 0.5 0.5 0.5 0.5 0.5 0.5 0.096565 0.403435 0.
1. 0.19438 0.5 0.5 0.5 0.5 0.5 0.5 0.5 0.5 0.5 0.5 0.09719 0.40281 0.
0.99537 0.975 0.5 0.5 0.5 0.5 0.5 0.5 0.5 0.5 0.5 0.5 0.48524287499999996 0.01244212500000001 0.0023150000000000115
0.9984566666666667 0.975 0.5 0.5 0.5 0.5 0.5 0.5 0.5 0.5 0.5 0.5 0.48674762499999996 0.012480708333333344 0.0007716666666666705
0.9922833333333333 0.975 0.5 0.5 0.5 0.5 0.5 0.5 0.5 0.5 0.5 0.5 0.48373812499999996 0.012403541666666677 0.0038583333333333525
0.99537 0.9791666666666666 0.5 0.5 0.5 0.5 0.5 0.5 0.5 0.5 0.5 0.5 0.4873165625 0.010368437500000018 0.0023150000000000115
0.99537 0.9708333333333333 0.5 0.5 0.5 0.5 0.5 0.5 0.5 0.5 0.5 0.5 0.4831691875 0.014515812500000003 0.0023150000000000115
1. 0.98125 0.5 0.5 0.5 0.5 0.5 0.5 0.5 0.5 0.5 0.5 0.490625 0.009375000000000022 0.
0.99074 0.98125 0.5 0.5 0.5 0.5 0.5 0.5 0.5 0.5 0.5 0.5 0.48608181249999993 0.009288187500000022 0.004630000000000023
0.8992249999999999 0.195315 0.5 0.5 0.5 0.5 0.5 0.5 0.5 0.5 0.5 0.5 0.0878160654375 0.3617964345625 0.05038750000000003
0.9664083333333333 0.195315 0.5 0.5 0.5 0.5 0.5 0.5 0.5 0.5 0.5 0.5 0.09437702181249999 0.38882714485416664 0.016795833333333343
0.8320416666666667 0.195315 0.5 0.5 0.5 0.5 0.5 0.5 0.5 0.5 0.5 0.5 0.0812551090625 0.33476572427083334 0.08397916666666666
0.8992249999999999 0.32552499999999995 0.5 0.5 0.5 0.5 0.5 0.5 0.5 0.5 0.5 0.5 0.14636010906249997 0.3032523909375 0.05038750000000003
0.8992249999999999 0.06510500000000001 0.5 0.5 0.5 0.5 0.5 0.5 0.5 0.5 0.5 0.5 0.029272021812500004 0.4203404781875 0.05038750000000003
0.9875 0.0125 0.5 0.5 0.5 0.5 0.5 0.5 0.5 0.5 0.5 0.5 0.006171875 0.48757812500000003 0.006249999999999978
0.9958333333333333 0.0125 0.5 0.5 0.5 0.5 0.5 0.5 0.5 0.5 0.5 0.5 0.006223958333333334 0.49169270833333334 0.002083333333333326
0.9791666666666666 0.0125 0.5 0.5 0.5 0.5 0.5 0.5 0.5 0.5 0.5 0.5 0.006119791666666667 0.48346354166666666 0.010416666666666685
0.9875 0.020833333333333332 0.5 0.5 0.5 0.5 0.5 0.5 0.5 0.5 0.5 0.5 0.010286458333333333 0.48346354166666666 0.006249999999999978
0.9875 0.0041666666666666675 0.5 0.5 0.5 0.5 0.5 0.5 0.5 0.5 0.5 0.5 0.0020572916666666673 0.49169270833333334 0.006249999999999978
0.99375 0.00625 0.5 0.5 0.5 0.5 0.5 0.5 0.5 0.5 0.5 0.5 0.00310546875 0.49376953125 0.003124999999999989
0.9979166666666667 0.00625 0.5 0.5 0.5 0.5 0.5 0.5 0.5 0.5 0.5 0.5 0.0031184895833333334 0.49583984375 0.001041666666666663
0.9895833333333334 0.00625 0.5 0.5 0.5 0.5 0.5 0.5 0.5 0.5 0.5 0.5 0.003092447916666667 0.49169921875 0.005208333333333315
0.99375 0.010416666666666666 0.5 0.5 0.5 0.5 0.5 0.5 0.5 0.5 0.5 0.5 0.00517578125 0.49169921875 0.003124999999999989
0.99375 0.0020833333333333337 0.5 0.5 0.5 0.5 0.5 0.5 0.5 0.5 0.5 0.5 0.0010351562500000003 0.49583984375 0.003124999999999989
0.996875 0.003125 0.5 0.5 0.5 0.5 0.5 0.5 0.5 0.5 0.5 0.5 0.0015576171875 0.49687988281249995 0.0015625000000000222
0.9989583333333333 0.003125 0.5 0.5 0.5 0.5 0.5 0.5 0.5 0.5 0.5 0.5 0.0015608723958333334 0.4979182942708333 0.0005208333333333592
0.9947916666666667 0.003125 0.5 0.5 0.5 0.5 0.5 0.5 0.5 0.5 0.5 0.5 0.0015543619791666668 0.49584147135416673 0.0026041666666666297
0.996875 0.005208333333333333 0.5 0.5 0.5 0.5 0.5 0.5 0.5 0.5 0.5 0.5 0.0025960286458333332 0.4958414713541666 0.0015625000000000222
0.996875 0.0010416666666666669 0.5 0.5 0.5 0.5 0.5 0.5 0.5 0.5 0.5 0.5 0.0005192057291666667 0.4979182942708333 0.0015625000000000222
0.8666666666666667 0.5 0.5 0.5 0.5 0.5 0.5 0.5 0.5 0.5 0.5 0.5 0.21666666666666667 0.21666666666666667 0.06666666666666665
0.7333333333333333 0.5 0.5 0.5 0.5 0.5 0.5 0.5 0.5 0.5 0.5 0.5 0.18333333333333332 0.18333333333333332 0.13333333333333336
0.8 0.5666666666666667 0.5 0.5 0.5 0.5 0.5 0.5 0.5 0.5 0.5 0.5 0.22666666666666668 0.17333333333333334 0.09999999999999998
0.8 0.43333333333333335 0.5 0.5 0.5 0.5 0.5 0.5 0.5 0.5 0.5 0.5 0.17333333333333334 0.22666666666666668 0.09999999999999998
0.73333 0.5 0.5 0.5 0.5 0.5 0.5 0.5 0.5 0.5 0.5 0.5 0.1833325 0.1833325 0.13333499999999998
0.8666633333333333 0.5 0.5 0.5 0.5 0.5 0.5 0.5 0.5 0.5 0.5 0.5 0.21666583333333334 0.21666583333333334 0.06666833333333333
0.5999966666666666 0.5 0.5 0.5 0.5 0.5 0.5 0.5 0.5 0.5 0.5 0.5 0.14999916666666666 0.14999916666666666 0.2000016666666667
0.73333 0.6333333333333333 0.5 0.5 0.5 0.5 0.5 0.5 0.5 0.5 0.5 0.5 0.23222116666666667 0.13444383333333335 0.13333499999999998
0.73333 0.36666666666666664 0.5 0.5 0.5 0.5 0.5 0.5 0.5 0.5 0.5 0.5 0.13444383333333332 0.2322211666666667 0.13333499999999998
0.7999966666666667 0.5 0.5 0.5 0.5 0.5 0.5 0.5 0.5 0.5 0.5 0.5 0.19999916666666667 0.19999916666666667 0.10000166666666666
0.6666633333333333 0.5 0.5 0.5 0.5 0.5 0.5 0.5 0.5 0.5 0.5 0.5 0.16666583333333332 0.16666583333333332 0.16666833333333336
0.73333 0.5666666666666667 0.5 0.5 0.5 0.5 0.5 0.5 0.5 0.5 0.5 0.5 0.20777683333333333 0.1588881666666667 0.13333499999999998
0.73333 0.43333333333333335 0.5 0.5 0.5 0.5 0.5 0.5 0.5 0.5 0.5 0.5 0.1588881666666667 0.20777683333333333 0.13333499999999998
0.9875 0.9875 0.5 0.5 0.5 0.5 0.5 0.5 0.5 0.5 0.5 0.5 0.48757812500000003 0.006171874999999979 0.006249999999999978
0.9958333333333333 0.9875 0.5 0.5 0.5 0.5 0.5 0.5 0.5 0.5 0.5 0.5 0.49169270833333334 0.006223958333333311 0.002083333333333326
0.9791666666666666 0.9875 0.5 0.5 0.5 0.5 0.5 0.5 0.5 0.5 0.5 0.5 0.48346354166666666 0.006119791666666645 0.010416666666666685
0.9875 0.9958333333333333 0.5 0.5 0.5 0.5 0.5 0.5 0.5 0.5 0.5 0.5 0.49169270833333334 0.0020572916666666595 0.006249999999999978
0.9875 0.9791666666666666 0.5 0.5 0.5 0.5 0.5 0.5 0.5 0.5 0.5 0.5 0.48346354166666666 0.010286458333333352 0.006249999999999978
0.99375 0.99375 0.5 0.5 0.5 0.5 0.5 0.5 0.5 0.5 0.5 0.5 0.49376953125 0.003105468749999989 0.003124999999999989
0.9979166666666667 0.99375 0.5 0.5 0.5 0.5 0.5 0.5 0.5 0.5 0.5 0.5 0.49583984375 0.003118489583333322 0.001041666666666663
0.9895833333333334 0.99375 0.5 0.5 0.5 0.5 0.5 0.5 0.5 0.5 0.5 0.5 0.49169921875000006 0.0030924479166666557 0.005208333333333315
0.99375 0.9979166666666667 0.5 0.5 0.5 0.5 0.5 0.5 0.5 0.5 0.5 0.5 0.49583984375 0.0010351562499999964 0.003124999999999989
0.99375 0.9895833333333334 0.5 0.5 0.5 0.5 0.5 0.5 0.5 0.5 0.5 0.5 0.49169921875000006 0.005175781249999982 0.003124999999999989
0.996875 0.996875 0.5 0.5 0.5 0.5 0.5 0.5 0.5 0.5 0.5 0.5 0.49687988281249995 0.001557617187500022 0.0015625000000000222
0.9989583333333333 0.996875 0.5 0.5 0.5 0.5 0.5 0.5 0.5 0.5 0.5 0.5 0.4979182942708333 0.0015608723958333555 0.0005208333333333592
0.9947916666666667 0.996875 0.5 0.5 0.5 0.5 0.5 0.5 0.5 0.5 0.5 0.5 0.4958414713541667 0.001554361979166689 0.0026041666666666297
0.996875 0.9989583333333333 0.5 0.5 0.5 0.5 0.5 0.5 0.5 0.5 0.5 0.5 0.4979182942708333 0.0005192057291666924 0.0015625000000000222
0.996875 0.9947916666666667 0.5 0.5 0.5 0.5 0.5 0.5 0.5 0.5 0.5 0.5 0.4958414713541667 0.0025960286458332964 0.0015625000000000222
0.73333 0.43333 0.5 0.5 0.5 0.5 0.5 0.5 0.5 0.5 0.5 0.5 0.15888694445 0.20777805555 0.13333499999999998
0.8666633333333333 0.43333 0.5 0.5 0.5 0.5 0.5 0.5 0.5 0.5 0.5 0.5 0.18777561111666666 0.24555605555 0.06666833333333333
0.5999966666666666 0.43333 0.5 0.5 0.5 0.5 0.5 0.5 0.5 0.5 0.5 0.5 0.1299982777833333 0.17000005555 0.2000016666666667
0.73333 0.5666633333333332 0.5 0.5 0.5 0.5 0.5 0.5 0.5 0.5 0.5 0.5 0.20777561111666662 0.1588893888833334 0.13333499999999998
0.73333 0.2999966666666667 0.5 0.5 0.5 0.5 0.5 0.5 0.5 0.5 0.5 0.5 0.10999827778333335 0.2566667222166667 0.13333499999999998
0.73333 0.56667 0.5 0.5 0.5 0.5 0.5 0.5 0.5 0.5 0.5 0.5 0.20777805555 0.15888694445 0.13333499999999998
0.8666633333333333 0.56667 0.5 0.5 0.5 0.5 0.5 0.5 0.5 0.5 0.5 0.5 0.24555605555 0.18777561111666666 0.06666833333333333
0.5999966666666666 0.56667 0.5 0.5 0.5 0.5 0.5 0.5 0.5 0.5 0.5 0.5 0.17000005555 0.1299982777833333 0.2000016666666667
0.73333 0.7000033333333333 0.5 0.5 0.5 0.5 0.5 0.5 0.5 0.5 0.5 0.5 0.2566667222166667 0.10999827778333335 0.13333499999999998
0.73333 0.43333666666666665 0.5 0.5 0.5 0.5 0.5 0.5 0.5 0.5 0.5 0.5 0.15888938888333334 0.20777561111666668 0.13333499999999998
0.7999966666666667 0.56667 0.5 0.5 0.5 0.5 0.5 0.5 0.5 0.5 0.5 0.5 0.22666705555 0.17333127778333335 0.10000166666666666
0.6666633333333333 0.56667 0.5 0.5 0.5 0.5 0.5 0.5 0.5 0.5 0.5 0.5 0.18888905555 0.14444261111666665 0.16666833333333336
0.73333 0.6333366666666667 0.5 0.5 0.5 0.5 0.5 0.5 0.5 0.5 0.5 0.5 0.23222238888333335 0.13444261111666667 0.13333499999999998
0.73333 0.5000033333333334 0.5 0.5 0.5 0.5 0.5 0.5 0.5 0.5 0.5 0.5 0.1833337222166667 0.18333127778333333 0.13333499999999998
0.7666633333333333 0.56667 0.5 0.5 0.5 0.5 0.5 0.5 0.5 0.5 0.5 0.5 0.21722255554999997 0.16610911111666665 0.11666833333333337
0.6999966666666667 0.56667 0.5 0.5 0.5 0.5 0.5 0.5 0.5 0.5 0.5 0.5 0.19833355555 0.15166477778333334 0.15000166666666664
0.73333 0.6000033333333333 0.5 0.5 0.5 0.5 0.5 0.5 0.5 0.5 0.5 0.5 0.22000022221666668 0.14666477778333334 0.13333499999999998
0.73333 0.5333366666666667 0.5 0.5 0.5 0.5 0.5 0.5 0.5 0.5 0.5 0.5 0.19555588888333336 0.17110911111666666 0.13333499999999998
0.9 0.5 0.5 0.5 0.5 0.5 0.5 0.5 0.5 0.5 0.5 0.5 0.225 0.225 0.04999999999999999
0.9666666666666667 0.5 0.5 0.5 0.5 0.5 0.5 0.5 0.5 0.5 0.5 0.5 0.24166666666666667 0.24166666666666667 0.016666666666666663
0.9 0.6333333333333333 0.5 0.5 0.5 0.5 0.5 0.5 0.5 0.5 0.5 0.5 0.285 0.165 0.04999999999999999
0.9 0.36666666666666664 0.5 0.5 0.5 0.5 0.5 0.5 0.5 0.5 0.5 0.5 0.16499999999999998 0.28500000000000003 0.04999999999999999
0.95 0.5 0.5 0.5 0.5 0.5 0.5 0.5 0.5 0.5 0.5 0.5 0.2375 0.2375 0.025000000000000022
0.9833333333333333 0.5 0.5 0.5 0.5 0.5 0.5 0.5 0.5 0.5 0.5 0.5 0.24583333333333332 0.24583333333333332 0.00833333333333336
0.9166666666666667 0.5 0.5 0.5 0.5 0.5 0.5 0.5 0.5 0.5 0.5 0.5 0.22916666666666669 0.22916666666666669 0.04166666666666663
0.95 0.5666666666666667 0.5 0.5 0.5 0.5 0.5 0.5 0.5 0.5 0.5 0.5 0.26916666666666667 0.20583333333333334 0.025000000000000022
0.95 0.43333333333333335 0.5 0.5 0.5 0.5 0.5 0.5 0.5 0.5 0.5 0.5 0.20583333333333334 0.26916666666666667 0.025000000000000022
0.975 0.5 0.5 0.5 0.5 0.5 0.5 0.5 0.5 0.5 0.5 0.5 0.24375 0.24375 0.012500000000000011
0.9916666666666667 0.5 0.5 0.5 0.5 0.5 0.5 0.5 0.5 0.5 0.5 0.5 0.24791666666666667 0.24791666666666667 0.004166666666666652
0.9583333333333333 0.5 0.5 0.5 0.5 0.5 0.5 0.5 0.5 0.5 0.5 0.5 0.23958333333333331 0.23958333333333331 0.02083333333333337
0.975 0.5333333333333333 0.5 0.5 0.5 0.5 0.5 0.5 0.5 0.5 0.5 0.5 0.26 0.2275 0.012500000000000011
0.975 0.4666666666666667 0.5 0.5 0.5 0.5 0.5 0.5 0.5 0.5 0.5 0.5 0.2275 0.26 0.012500000000000011
1. 0.55 0.5 0.5 0.5 0.5 0.5 0.5 0.5 0.5 0.5 0.5 0.275 0.22499999999999998 0.
0.95 0.55 0.5 0.5 0.5 0.5 0.5 0.5 0.5 0.5 0.5 0.5 0.26125 0.21374999999999997 0.025000000000000022
0.7999966666666667 0.43333 0.5 0.5 0.5 0.5 0.5 0.5 0.5 0.5 0.5 0.5 0.17333127778333335 0.22666705555 0.10000166666666666
0.6666633333333333 0.43333 0.5 0.5 0.5 0.5 0.5 0.5 0.5 0.5 0.5 0.5 0.14444261111666665 0.18888905555 0.16666833333333336
0.73333 0.49999666666666664 0.5 0.5 0.5 0.5 0.5 0.5 0.5 0.5 0.5 0.5 0.18333127778333333 0.1833337222166667 0.13333499999999998
0.73333 0.36666333333333334 0.5 0.5 0.5 0.5 0.5 0.5 0.5 0.5 0.5 0.5 0.13444261111666667 0.23222238888333335 0.13333499999999998
0.75333 0.43333 0.5 0.5 0.5 0.5 0.5 0.5 0.5 0.5 0.5 0.5 0.16322024445 0.21344475555000003 0.12333499999999997
0.9875 0.5 0.5 0.5 0.5 0.5 0.5 0.5 0.5 0.5 0.5 0.5 0.246875 0.246875 0.006249999999999978
0.9958333333333333 0.5 0.5 0.5 0.5 0.5 0.5 0.5 0.5 0.5 0.5 0.5 0.24895833333333334 0.24895833333333334 0.002083333333333326
0.9791666666666666 0.5 0.5 0.5 0.5 0.5 0.5 0.5 0.5 0.5 0.5 0.5 0.24479166666666666 0.24479166666666666 0.010416666666666685
0.9875 0.5166666666666667 0.5 0.5 0.5 0.5 0.5 0.5 0.5 0.5 0.5 0.5 0.2551041666666667 0.2386458333333333 0.006249999999999978
0.9875 0.48333333333333334 0.5 0.5 0.5 0.5 0.5 0.5 0.5 0.5 0.5 0.5 0.23864583333333333 0.2551041666666667 0.006249999999999978
1. 0.525 0.5 0.5 0.5 0.5 0.5 0.5 0.5 0.5 0.5 0.5 0.2625 0.2375 0.
0.975 0.525 0.5 0.5 0.5 0.5 0.5 0.5 0.5 0.5 0.5 0.5 0.2559375 0.23156249999999998 0.012500000000000011
0.99375 0.5 0.5 0.5 0.5 0.5 0.5 0.5 0.5 0.5 0.5 0.5 0.2484375 0.2484375 0.003124999999999989
0.9979166666666667 0.5 0.5 0.5 0.5 0.5 0.5 0.5 0.5 0.5 0.5 0.5 0.24947916666666667 0.24947916666666667 0.001041666666666663
0.9895833333333334 0.5 0.5 0.5 0.5 0.5 0.5 0.5 0.5 0.5 0.5 0.5 0.24739583333333334 0.24739583333333334 0.005208333333333315
0.99375 0.5083333333333333 0.5 0.5 0.5 0.5 0.5 0.5 0.5 0.5 0.5 0.5 0.252578125 0.24429687500000002 0.003124999999999989
0.99375 0.49166666666666664 0.5 0.5 0.5 0.5 0.5 0.5 0.5 0.5 0.5 0.5 0.244296875 0.25257812500000004 0.003124999999999989
1. 0.5125 0.5 0.5 0.5 0.5 0.5 0.5 0.5 0.5 0.5 0.5 0.25625 0.24375000000000002 0.
0.9875 0.5125 0.5 0.5 0.5 0.5 0.5 0.5 0.5 0.5 0.5 0.5 0.253046875 0.24070312500000005 0.006249999999999978
0.996875 0.5 0.5 0.5 0.5 0.5 0.5 0.5 0.5 0.5 0.5 0.5 0.24921875 0.24921875 0.0015625000000000222
0.9989583333333333 0.5 0.5 0.5 0.5 0.5 0.5 0.5 0.5 0.5 0.5 0.5 0.24973958333333332 0.24973958333333332 0.0005208333333333592
0.9947916666666667 0.5 0.5 0.5 0.5 0.5 0.5 0.5 0.5 0.5 0.5 0.5 0.24869791666666669 0.24869791666666669 0.0026041666666666297
0.996875 0.5041666666666667 0.5 0.5 0.5 0.5 0.5 0.5 0.5 0.5 0.5 0.5 0.25129557291666665 0.24714192708333332 0.0015625000000000222
0.996875 0.49583333333333335 0.5 0.5 0.5 0.5 0.5 0.5 0.5 0.5 0.5 0.5 0.24714192708333332 0.25129557291666665 0.0015625000000000222
1. 0.50625 0.5 0.5 0.5 0.5 0.5 0.5 0.5 0.5 0.5 0.5 0.253125 0.246875 0.
0.99375 0.50625 0.5 0.5 0.5 0.5 0.5 0.5 0.5 0.5 0.5 0.5 0.25154296875 0.24533203125000003 0.003124999999999989
0.7666633333333333 0.43333 0.5 0.5 0.5 0.5 0.5 0.5 0.5 0.5 0.5 0.5 0.16610911111666665 0.21722255554999997 0.11666833333333337
0.6999966666666667 0.43333 0.5 0.5 0.5 0.5 0.5 0.5 0.5 0.5 0.5 0.5 0.15166477778333334 0.19833355555 0.15000166666666664
0.73333 0.4666633333333333 0.5 0.5 0.5 0.5 0.5 0.5 0.5 0.5 0.5 0.5 0.17110911111666666 0.19555588888333336 0.13333499999999998
0.73333 0.39999666666666667 0.5 0.5 0.5 0.5 0.5 0.5 0.5 0.5 0.5 0.5 0.14666477778333334 0.22000022221666668 0.13333499999999998
0.7 0.43333 0.5 0.5 0.5 0.5 0.5 0.5 0.5 0.5 0.5 0.5 0.15166549999999998 0.1983345 0.15000000000000002
0.8333333333333334 0.43333 0.5 0.5 0.5 0.5 0.5 0.5 0.5 0.5 0.5 0.5 0.18055416666666668 0.2361125 0.08333333333333331
0.5666666666666667 0.43333 0.5 0.5 0.5 0.5 0.5 0.5 0.5 0.5 0.5 0.5 0.12277683333333334 0.1605565 0.21666666666666667
0.7 0.5666633333333332 0.5 0.5 0.5 0.5 0.5 0.5 0.5 0.5 0.5 0.5 0.19833216666666661 0.15166783333333336 0.15000000000000002
0.7 0.2999966666666667 0.5 0.5 0.5 0.5 0.5 0.5 0.5 0.5 0.5 0.5 0.10499883333333333 0.24500116666666663 0.15000000000000002
0.7666666666666667 0.43333 0.5 0.5 0.5 0.5 0.5 0.5 0.5 0.5 0.5 0.5 0.16610983333333335 0.2172235 0.11666666666666664
0.6333333333333333 0.43333 0.5 0.5 0.5 0.5 0.5 0.5 0.5 0.5 0.5 0.5 0.13722116666666667 0.17944549999999998 0.18333333333333335
0.7 0.49999666666666664 0.5 0.5 0.5 0.5 0.5 0.5 0.5 0.5 0.5 0.5 0.17499883333333333 0.17500116666666665 0.15000000000000002
0.7 0.36666333333333334 0.5 0.5 0.5 0.5 0.5 0.5 0.5 0.5 0.5 0.5 0.12833216666666666 0.22166783333333331 0.15000000000000002
0.7333333333333333 0.43333 0.5 0.5 0.5 0.5 0.5 0.5 0.5 0.5 0.5 0.5 0.15888766666666665 0.207779 0.13333333333333336
0.6666666666666667 0.43333 0.5 0.5 0.5 0.5 0.5 0.5 0.5 0.5 0.5 0.5 0.14444333333333334 0.18889000000000003 0.16666666666666663
0.7 0.4666633333333333 0.5 0.5 0.5 0.5 0.5 0.5 0.5 0.5 0.5 0.5 0.16333216666666664 0.18666783333333334 0.15000000000000002
0.7 0.39999666666666667 0.5 0.5 0.5 0.5 0.5 0.5 0.5 0.5 0.5 0.5 0.13999883333333332 0.21000116666666666 0.15000000000000002
0.9 0.816665 0.5 0.5 0.5 0.5 0.5 0.5 0.5 0.5 0.5 0.5 0.36749925 0.08250075000000001 0.04999999999999999
0.9666666666666667 0.816665 0.5 0.5 0.5 0.5 0.5 0.5 0.5 0.5 0.5 0.5 0.39472141666666666 0.08861191666666668 0.016666666666666663
0.8333333333333334 0.816665 0.5 0.5 0.5 0.5 0.5 0.5 0.5 0.5 0.5 0.5 0.34027708333333334 0.07638958333333334 0.08333333333333331
0.9 0.9388883333333333 0.5 0.5 0.5 0.5 0.5 0.5 0.5 0.5 0.5 0.5 0.42249975 0.027500250000000004 0.04999999999999999
0.9 0.6944416666666666 0.5 0.5 0.5 0.5 0.5 0.5 0.5 0.5 0.5 0.5 0.31249875 0.13750125000000002 0.04999999999999999
0.95 0.83333 0.5 0.5 0.5 0.5 0.5 0.5 0.5 0.5 0.5 0.5 0.39583175 0.07916825 0.025000000000000022
0.9833333333333333 0.83333 0.5 0.5 0.5 0.5 0.5 0.5 0.5 0.5 0.5 0.5 0.40972058333333333 0.08194608333333332 0.00833333333333336
0.9166666666666667 0.83333 0.5 0.5 0.5 0.5 0.5 0.5 0.5 0.5 0.5 0.5 0.3819429166666667 0.07639041666666667 0.04166666666666663
0.95 0.8999966666666667 0.5 0.5 0.5 0.5 0.5 0.5 0.5 0.5 0.5 0.5 0.42749841666666666 0.04750158333333333 0.025000000000000022
0.95 0.7666633333333334 0.5 0.5 0.5 0.5 0.5 0.5 0.5 0.5 0.5 0.5 0.3641650833333333 0.11083491666666664 0.025000000000000022
0.975 0.8333299999999999 0.5 0.5 0.5 0.5 0.5 0.5 0.5 0.5 0.5 0.5 0.40624837499999994 0.08125162500000005 0.012500000000000011
0.9916666666666667 0.8333299999999999 0.5 0.5 0.5 0.5 0.5 0.5 0.5 0.5 0.5 0.5 0.4131927916666666 0.08264054166666672 0.004166666666666652
0.9583333333333333 0.8333299999999999 0.5 0.5 0.5 0.5 0.5 0.5 0.5 0.5 0.5 0.5 0.39930395833333326 0.07986270833333338 0.02083333333333337
0.975 0.8666633333333332 0.5 0.5 0.5 0.5 0.5 0.5 0.5 0.5 0.5 0.5 0.4224983749999999 0.06500162500000005 0.012500000000000011
0.975 0.7999966666666667 0.5 0.5 0.5 0.5 0.5 0.5 0.5 0.5 0.5 0.5 0.389998375 0.09750162499999998 0.012500000000000011
0.9 0.255 0.5 0.5 0.5 0.5 0.5 0.5 0.5 0.5 0.5 0.5 0.11475 0.33525 0.04999999999999999
0.9666666666666667 0.255 0.5 0.5 0.5 0.5 0.5 0.5 0.5 0.5 0.5 0.5 0.12325 0.3600833333333333 0.016666666666666663
0.8333333333333334 0.255 0.5 0.5 0.5 0.5 0.5 0.5 0.5 0.5 0.5 0.5 0.10625000000000001 0.3104166666666667 0.08333333333333331
0.9 0.3883333333333333 0.5 0.5 0.5 0.5 0.5 0.5 0.5 0.5 0.5 0.5 0.17475 0.27525 0.04999999999999999
0.9 0.12166666666666667 0.5 0.5 0.5 0.5 0.5 0.5 0.5 0.5 0.5 0.5 0.05475000000000001 0.39525 0.04999999999999999
0.95 0.255 0.5 0.5 0.5 0.5 0.5 0.5 0.5 0.5 0.5 0.5 0.121125 0.353875 0.025000000000000022
0.9833333333333333 0.255 0.5 0.5 0.5 0.5 0.5 0.5 0.5 0.5 0.5 0.5 0.125375 0.3662916666666666 0.00833333333333336
0.9166666666666667 0.255 0.5 0.5 0.5 0.5 0.5 0.5 0.5 0.5 0.5 0.5 0.116875 0.34145833333333336 0.04166666666666663
0.95 0.32166666666666666 0.5 0.5 0.5 0.5 0.5 0.5 0.5 0.5 0.5 0.5 0.15279166666666666 0.3222083333333333 0.025000000000000022
0.95 0.18833333333333332 0.5 0.5 0.5 0.5 0.5 0.5 0.5 0.5 0.5 0.5 0.08945833333333332 0.38554166666666667 0.025000000000000022
0.975 0.255 0.5 0.5 0.5 0.5 0.5 0.5 0.5 0.5 0.5 0.5 0.12431249999999999 0.3631875 0.012500000000000011
0.9916666666666667 0.255 0.5 0.5 0.5 0.5 0.5 0.5 0.5 0.5 0.5 0.5 0.1264375 0.36939583333333337 0.004166666666666652
0.9583333333333333 0.255 0.5 0.5 0.5 0.5 0.5 0.5 0.5 0.5 0.5 0.5 0.12218749999999999 0.3569791666666666 0.02083333333333337
0.975 0.28833333333333333 0.5 0.5 0.5 0.5 0.5 0.5 0.5 0.5 0.5 0.5 0.1405625 0.3469375 0.012500000000000011
0.975 0.22166666666666665 0.5 0.5 0.5 0.5 0.5 0.5 0.5 0.5 0.5 0.5 0.10806249999999999 0.3794375 0.012500000000000011
0.7666633333333333 0.5 0.5 0.5 0.5 0.5 0.5 0.5 0.5 0.5 0.5 0.5 0.1916658333333333 0.1916658333333333 0.11666833333333337
0.6999966666666667 0.5 0.5 0.5 0.5 0.5 0.5 0.5 0.5 0.5 0.5 0.5 0.17499916666666668 0.17499916666666668 0.15000166666666664
0.73333 0.5333333333333333 0.5 0.5 0.5 0.5 0.5 0.5 0.5 0.5 0.5 0.5 0.19555466666666668 0.17111033333333334 0.13333499999999998
0.73333 0.4666666666666667 0.5 0.5 0.5 0.5 0.5 0.5 0.5 0.5 0.5 0.5 0.17111033333333334 0.19555466666666668 0.13333499999999998
0.7 0.5 0.5 0.5 0.5 0.5 0.5 0.5 0.5 0.5 0.5 0.5 0.175 0.175 0.15000000000000002
0.5666666666666667 0.5 0.5 0.5 0.5 0.5 0.5 0.5 0.5 0.5 0.5 0.5 0.14166666666666666 0.14166666666666666 0.21666666666666667
0.7 0.6333333333333333 0.5 0.5 0.5 0.5 0.5 0.5 0.5 0.5 0.5 0.5 0.22166666666666665 0.12833333333333333 0.15000000000000002
0.7 0.36666666666666664 0.5 0.5 0.5 0.5 0.5 0.5 0.5 0.5 0.5 0.5 0.12833333333333333 0.22166666666666665 0.15000000000000002
0.9 0.7375 0.5 0.5 0.5 0.5 0.5 0.5 0.5 0.5 0.5 0.5 0.33187500000000003 0.11812499999999998 0.04999999999999999
0.9666666666666667 0.7375 0.5 0.5 0.5 0.5 0.5 0.5 0.5 0.5 0.5 0.5 0.3564583333333334 0.126875 0.016666666666666663
0.8333333333333334 0.7375 0.5 0.5 0.5 0.5 0.5 0.5 0.5 0.5 0.5 0.5 0.3072916666666667 0.10937499999999999 0.08333333333333331
0.9 0.8708333333333333 0.5 0.5 0.5 0.5 0.5 0.5 0.5 0.5 0.5 0.5 0.39187500000000003 0.058124999999999996 0.04999999999999999
0.9 0.6041666666666666 0.5 0.5 0.5 0.5 0.5 0.5 0.5 0.5 0.5 0.5 0.271875 0.17812500000000003 0.04999999999999999
0.95 0.7375 0.5 0.5 0.5 0.5 0.5 0.5 0.5 0.5 0.5 0.5 0.3503125 0.12468749999999998 0.025000000000000022
0.9833333333333333 0.7375 0.5 0.5 0.5 0.5 0.5 0.5 0.5 0.5 0.5 0.5 0.36260416666666667 0.12906249999999997 0.00833333333333336
0.9166666666666667 0.7375 0.5 0.5 0.5 0.5 0.5 0.5 0.5 0.5 0.5 0.5 0.3380208333333334 0.12031249999999999 0.04166666666666663
0.95 0.8041666666666667 0.5 0.5 0.5 0.5 0.5 0.5 0.5 0.5 0.5 0.5 0.38197916666666665 0.09302083333333332 0.025000000000000022
0.95 0.6708333333333333 0.5 0.5 0.5 0.5 0.5 0.5 0.5 0.5 0.5 0.5 0.3186458333333333 0.15635416666666668 0.025000000000000022
0.975 0.7375 0.5 0.5 0.5 0.5 0.5 0.5 0.5 0.5 0.5 0.5 0.35953125 0.12796874999999996 0.012500000000000011
0.9916666666666667 0.7375 0.5 0.5 0.5 0.5 0.5 0.5 0.5 0.5 0.5 0.5 0.3656770833333334 0.13015624999999997 0.004166666666666652
0.9583333333333333 0.7375 0.5 0.5 0.5 0.5 0.5 0.5 0.5 0.5 0.5 0.5 0.3533854166666667 0.12578124999999996 0.02083333333333337
0.975 0.7708333333333333 0.5 0.5 0.5 0.5 0.5 0.5 0.5 0.5 0.5 0.5 0.37578124999999996 0.11171875000000003 0.012500000000000011
0.975 0.7041666666666667 0.5 0.5 0.5 0.5 0.5 0.5 0.5 0.5 0.5 0.5 0.34328125000000004 0.14421874999999998 0.012500000000000011
0.7666666666666667 0.5 0.5 0.5 0.5 0.5 0.5 0.5 0.5 0.5 0.5 0.5 0.19166666666666668 0.19166666666666668 0.11666666666666664
0.6333333333333333 0.5 0.5 0.5 0.5 0.5 0.5 0.5 0.5 0.5 0.5 0.5 0.15833333333333333 0.15833333333333333 0.18333333333333335
0.7 0.5666666666666667 0.5 0.5 0.5 0.5 0.5 0.5 0.5 0.5 0.5 0.5 0.1983333333333333 0.15166666666666667 0.15000000000000002
0.7 0.43333333333333335 0.5 0.5 0.5 0.5 0.5 0.5 0.5 0.5 0.5 0.5 0.15166666666666667 0.1983333333333333 0.15000000000000002
0.7 0.5333333333333333 0.5 0.5 0.5 0.5 0.5 0.5 0.5 0.5 0.5 0.5 0.18666666666666665 0.16333333333333333 0.15000000000000002
0.7 0.4666666666666667 0.5 0.5 0.5 0.5 0.5 0.5 0.5 0.5 0.5 0.5 0.16333333333333333 0.18666666666666665 0.15000000000000002
0.75 0.5 0.5 0.5 0.5 0.5 0.5 0.5 0.5 0.5 0.5 0.5 0.1875 0.1875 0.125
0.95 0.19313000000000002 0.5 0.5 0.5 0.5 0.5 0.5 0.5 0.5 0.5 0.5 0.09173675 0.38326324999999994 0.025000000000000022
0.9833333333333333 0.19313000000000002 0.5 0.5 0.5 0.5 0.5 0.5 0.5 0.5 0.5 0.5 0.09495558333333334 0.3967110833333333 0.00833333333333336
0.9166666666666667 0.19313000000000002 0.5 0.5 0.5 0.5 0.5 0.5 0.5 0.5 0.5 0.5 0.08851791666666668 0.3698154166666667 0.04166666666666663
0.95 0.2597966666666667 0.5 0.5 0.5 0.5 0.5 0.5 0.5 0.5 0.5 0.5 0.12340341666666667 0.3515965833333333 0.025000000000000022
0.95 0.12646333333333334 0.5 0.5 0.5 0.5 0.5 0.5 0.5 0.5 0.5 0.5 0.060070083333333336 0.4149299166666666 0.025000000000000022
0.975 0.19313000000000002 0.5 0.5 0.5 0.5 0.5 0.5 0.5 0.5 0.5 0.5 0.09415087500000001 0.39334912499999997 0.012500000000000011
0.9916666666666667 0.19313000000000002 0.5 0.5 0.5 0.5 0.5 0.5 0.5 0.5 0.5 0.5 0.09576029166666668 0.4000730416666667 0.004166666666666652
0.9583333333333333 0.19313000000000002 0.5 0.5 0.5 0.5 0.5 0.5 0.5 0.5 0.5 0.5 0.09254145833333334 0.3866252083333333 0.02083333333333337
0.975 0.22646333333333335 0.5 0.5 0.5 0.5 0.5 0.5 0.5 0.5 0.5 0.5 0.11040087500000001 0.377099125 0.012500000000000011
0.975 0.15979666666666667 0.5 0.5 0.5 0.5 0.5 0.5 0.5 0.5 0.5 0.5 0.077900875 0.409599125 0.012500000000000011
0.9 0.145315 0.5 0.5 0.5 0.5 0.5 0.5 0.5 0.5 0.5 0.5 0.06539175 0.38460825 0.04999999999999999
0.9666666666666667 0.145315 0.5 0.5 0.5 0.5 0.5 0.5 0.5 0.5 0.5 0.5 0.07023558333333334 0.41309775 0.016666666666666663
0.8333333333333334 0.145315 0.5 0.5 0.5 0.5 0.5 0.5 0.5 0.5 0.5 0.5 0.06054791666666667 0.35611875000000004 0.08333333333333331
0.9 0.24219166666666664 0.5 0.5 0.5 0.5 0.5 0.5 0.5 0.5 0.5 0.5 0.10898624999999999 0.34101375 0.04999999999999999
0.9 0.04843833333333334 0.5 0.5 0.5 0.5 0.5 0.5 0.5 0.5 0.5 0.5 0.021797250000000004 0.42820275 0.04999999999999999
0.95 0.095315 0.5 0.5 0.5 0.5 0.5 0.5 0.5 0.5 0.5 0.5 0.045274625 0.42972537499999997 0.025000000000000022
0.9833333333333333 0.095315 0.5 0.5 0.5 0.5 0.5 0.5 0.5 0.5 0.5 0.5 0.04686320833333333 0.4448034583333333 0.00833333333333336
0.9166666666666667 0.095315 0.5 0.5 0.5 0.5 0.5 0.5 0.5 0.5 0.5 0.5 0.04368604166666667 0.4146472916666667 0.04166666666666663
0.95 0.15885833333333332 0.5 0.5 0.5 0.5 0.5 0.5 0.5 0.5 0.5 0.5 0.07545770833333333 0.39954229166666666 0.025000000000000022
0.95 0.03177166666666667 0.5 0.5 0.5 0.5 0.5 0.5 0.5 0.5 0.5 0.5 0.015091541666666668 0.4599084583333333 0.025000000000000022
0.975 0.09063 0.5 0.5 0.5 0.5 0.5 0.5 0.5 0.5 0.5 0.5 0.044182125 0.443317875 0.012500000000000011
0.9916666666666667 0.09063 0.5 0.5 0.5 0.5 0.5 0.5 0.5 0.5 0.5 0.5 0.044937375 0.45089595833333335 0.004166666666666652
0.9583333333333333 0.09063 0.5 0.5 0.5 0.5 0.5 0.5 0.5 0.5 0.5 0.5 0.043426875 0.43573979166666665 0.02083333333333337
0.975 0.12396333333333333 0.5 0.5 0.5 0.5 0.5 0.5 0.5 0.5 0.5 0.5 0.060432124999999996 0.427067875 0.012500000000000011
0.975 0.05729666666666667 0.5 0.5 0.5 0.5 0.5 0.5 0.5 0.5 0.5 0.5 0.027932125000000002 0.459567875 0.012500000000000011
0.7 0.5666599999999999 0.5 0.5 0.5 0.5 0.5 0.5 0.5 0.5 0.5 0.5 0.19833099999999998 0.151669 0.15000000000000002
0.8333333333333334 0.5666599999999999 0.5 0.5 0.5 0.5 0.5 0.5 0.5 0.5 0.5 0.5 0.2361083333333333 0.18055833333333338 0.08333333333333331
0.5666666666666667 0.5666599999999999 0.5 0.5 0.5 0.5 0.5 0.5 0.5 0.5 0.5 0.5 0.16055366666666665 0.12277966666666668 0.21666666666666667
0.7 0.6999933333333334 0.5 0.5 0.5 0.5 0.5 0.5 0.5 0.5 0.5 0.5 0.24499766666666667 0.10500233333333332 0.15000000000000002
0.7 0.43332666666666664 0.5 0.5 0.5 0.5 0.5 0.5 0.5 0.5 0.5 0.5 0.15166433333333332 0.19833566666666666 0.15000000000000002
0.7 0.56667 0.5 0.5 0.5 0.5 0.5 0.5 0.5 0.5 0.5 0.5 0.1983345 0.15166549999999998 0.15000000000000002
0.7666666666666667 0.56667 0.5 0.5 0.5 0.5 0.5 0.5 0.5 0.5 0.5 0.5 0.2172235 0.16610983333333335 0.11666666666666664
0.6333333333333333 0.56667 0.5 0.5 0.5 0.5 0.5 0.5 0.5 0.5 0.5 0.5 0.17944549999999998 0.13722116666666667 0.18333333333333335
0.7 0.6333366666666667 0.5 0.5 0.5 0.5 0.5 0.5 0.5 0.5 0.5 0.5 0.22166783333333331 0.12833216666666666 0.15000000000000002
0.7 0.5000033333333334 0.5 0.5 0.5 0.5 0.5 0.5 0.5 0.5 0.5 0.5 0.17500116666666665 0.17499883333333333 0.15000000000000002
0.7333333333333333 0.56667 0.5 0.5 0.5 0.5 0.5 0.5 0.5 0.5 0.5 0.5 0.207779 0.15888766666666665 0.13333333333333336
0.6666666666666667 0.56667 0.5 0.5 0.5 0.5 0.5 0.5 0.5 0.5 0.5 0.5 0.18889000000000003 0.14444333333333334 0.16666666666666663
0.7 0.6000033333333333 0.5 0.5 0.5 0.5 0.5 0.5 0.5 0.5 0.5 0.5 0.21000116666666666 0.13999883333333332 0.15000000000000002
0.7 0.5333366666666667 0.5 0.5 0.5 0.5 0.5 0.5 0.5 0.5 0.5 0.5 0.18666783333333334 0.16333216666666664 0.15000000000000002
0.9 0.7781199999999999 0.5 0.5 0.5 0.5 0.5 0.5 0.5 0.5 0.5 0.5 0.35015399999999997 0.09984600000000003 0.04999999999999999
0.9666666666666667 0.7781199999999999 0.5 0.5 0.5 0.5 0.5 0.5 0.5 0.5 0.5 0.5 0.3760913333333333 0.10724200000000003 0.016666666666666663
0.8333333333333334 0.7781199999999999 0.5 0.5 0.5 0.5 0.5 0.5 0.5 0.5 0.5 0.5 0.32421666666666665 0.09245000000000003 0.08333333333333331
0.9 0.9114533333333333 0.5 0.5 0.5 0.5 0.5 0.5 0.5 0.5 0.5 0.5 0.410154 0.039846 0.04999999999999999
0.9 0.6447866666666666 0.5 0.5 0.5 0.5 0.5 0.5 0.5 0.5 0.5 0.5 0.29015399999999997 0.15984600000000002 0.04999999999999999
0.95 0.7781199999999999 0.5 0.5 0.5 0.5 0.5 0.5 0.5 0.5 0.5 0.5 0.36960699999999996 0.10539300000000003 0.025000000000000022
0.9833333333333333 0.7781199999999999 0.5 0.5 0.5 0.5 0.5 0.5 0.5 0.5 0.5 0.5 0.3825756666666666 0.10909100000000004 0.00833333333333336
0.9166666666666667 0.7781199999999999 0.5 0.5 0.5 0.5 0.5 0.5 0.5 0.5 0.5 0.5 0.35663833333333333 0.10169500000000005 0.04166666666666663
0.95 0.8447866666666667 0.5 0.5 0.5 0.5 0.5 0.5 0.5 0.5 0.5 0.5 0.40127366666666664 0.07372633333333332 0.025000000000000022
0.95 0.7114533333333333 0.5 0.5 0.5 0.5 0.5 0.5 0.5 0.5 0.5 0.5 0.3379403333333333 0.1370596666666667 0.025000000000000022
0.975 0.7781199999999999 0.5 0.5 0.5 0.5 0.5 0.5 0.5 0.5 0.5 0.5 0.37933349999999993 0.10816650000000004 0.012500000000000011
0.9916666666666667 0.7781199999999999 0.5 0.5 0.5 0.5 0.5 0.5 0.5 0.5 0.5 0.5 0.3858178333333333 0.11001550000000004 0.004166666666666652
0.9583333333333333 0.7781199999999999 0.5 0.5 0.5 0.5 0.5 0.5 0.5 0.5 0.5 0.5 0.3728491666666666 0.10631750000000002 0.02083333333333337
0.975 0.8114533333333332 0.5 0.5 0.5 0.5 0.5 0.5 0.5 0.5 0.5 0.5 0.3955835 0.09191650000000004 0.012500000000000011
0.975 0.7447866666666667 0.5 0.5 0.5 0.5 0.5 0.5 0.5 0.5 0.5 0.5 0.3630835 0.12441649999999997 0.012500000000000011
0.73333 0.36667000000000005 0.5 0.5 0.5 0.5 0.5 0.5 0.5 0.5 0.5 0.5 0.13444505555000003 0.23221994445 0.13333499999999998
0.8666633333333333 0.36667000000000005 0.5 0.5 0.5 0.5 0.5 0.5 0.5 0.5 0.5 0.5 0.1588897222166667 0.27444194445 0.06666833333333333
0.5999966666666666 0.36667000000000005 0.5 0.5 0.5 0.5 0.5 0.5 0.5 0.5 0.5 0.5 0.11000038888333334 0.18999794444999998 0.2000016666666667
0.73333 0.2333366666666667 0.5 0.5 0.5 0.5 0.5 0.5 0.5 0.5 0.5 0.5 0.08555638888333335 0.2811086111166667 0.13333499999999998
0.7999966666666667 0.36667 0.5 0.5 0.5 0.5 0.5 0.5 0.5 0.5 0.5 0.5 0.14666738888333333 0.25333094445 0.10000166666666666
0.6666633333333333 0.36667 0.5 0.5 0.5 0.5 0.5 0.5 0.5 0.5 0.5 0.5 0.12222272221666665 0.21110894444999997 0.16666833333333336
0.73333 0.30000333333333334 0.5 0.5 0.5 0.5 0.5 0.5 0.5 0.5 0.5 0.5 0.11000072221666668 0.25666427778333334 0.13333499999999998
0.7666633333333333 0.36667 0.5 0.5 0.5 0.5 0.5 0.5 0.5 0.5 0.5 0.5 0.14055622221666664 0.24277544445 0.11666833333333337
0.6999966666666667 0.36667 0.5 0.5 0.5 0.5 0.5 0.5 0.5 0.5 0.5 0.5 0.12833388888333333 0.22166444445000003 0.15000166666666664
0.73333 0.4000033333333333 0.5 0.5 0.5 0.5 0.5 0.5 0.5 0.5 0.5 0.5 0.14666722221666667 0.21999777778333335 0.13333499999999998
0.73333 0.33333666666666667 0.5 0.5 0.5 0.5 0.5 0.5 0.5 0.5 0.5 0.5 0.12222288888333334 0.24444211111666667 0.13333499999999998
0.73333 0.63333 0.5 0.5 0.5 0.5 0.5 0.5 0.5 0.5 0.5 0.5 0.23221994445 0.13444505555000003 0.13333499999999998
0.8666633333333333 0.63333 0.5 0.5 0.5 0.5 0.5 0.5 0.5 0.5 0.5 0.5 0.27444194445 0.1588897222166667 0.06666833333333333
0.5999966666666666 0.63333 0.5 0.5 0.5 0.5 0.5 0.5 0.5 0.5 0.5 0.5 0.18999794444999998 0.11000038888333334 0.2000016666666667
0.73333 0.7666633333333334 0.5 0.5 0.5 0.5 0.5 0.5 0.5 0.5 0.5 0.5 0.2811086111166667 0.08555638888333332 0.13333499999999998
0.7999966666666667 0.63333 0.5 0.5 0.5 0.5 0.5 0.5 0.5 0.5 0.5 0.5 0.25333094445 0.14666738888333336 0.10000166666666666
0.6666633333333333 0.63333 0.5 0.5 0.5 0.5 0.5 0.5 0.5 0.5 0.5 0.5 0.21110894444999997 0.12222272221666668 0.16666833333333336
0.73333 0.6999966666666667 0.5 0.5 0.5 0.5 0.5 0.5 0.5 0.5 0.5 0.5 0.25666427778333334 0.11000072221666665 0.13333499999999998
0.7666633333333333 0.63333 0.5 0.5 0.5 0.5 0.5 0.5 0.5 0.5 0.5 0.5 0.24277544444999996 0.14055622221666667 0.11666833333333337
0.6999966666666667 0.63333 0.5 0.5 0.5 0.5 0.5 0.5 0.5 0.5 0.5 0.5 0.22166444445 0.12833388888333336 0.15000166666666664
0.73333 0.6666633333333333 0.5 0.5 0.5 0.5 0.5 0.5 0.5 0.5 0.5 0.5 0.24444211111666667 0.12222288888333337 0.13333499999999998
0.73333 0.5999966666666667 0.5 0.5 0.5 0.5 0.5 0.5 0.5 0.5 0.5 0.5 0.21999777778333338 0.14666722221666664 0.13333499999999998
0.5 0.1 0.5 0.5 0.5 0.5 0.5 0.5 0.5 0.5 0.5 0.5 0.025 0.225 0.25
0.6333333333333333 0.1 0.5 0.5 0.5 0.5 0.5 0.5 0.5 0.5 0.5 0.5 0.03166666666666667 0.285 0.18333333333333335
0.36666666666666664 0.1 0.5 0.5 0.5 0.5 0.5 0.5 0.5 0.5 0.5 0.5 0.018333333333333333 0.16499999999999998 0.31666666666666665
0.5 0.03333333333333334 0.5 0.5 0.5 0.5 0.5 0.5 0.5 0.5 0.5 0.5 0.008333333333333335 0.24166666666666667 0.25
0.183335 0.9 0.5 0.5 0.5 0.5 0.5 0.5 0.5 0.5 0.5 0.5 0.08250075 0.009166749999999998 0.4083325
0.3055583333333333 0.9 0.5 0.5 0.5 0.5 0.5 0.5 0.5 0.5 0.5 0.5 0.13750125 0.015277916666666662 0.3472208333333333
0.061111666666666675 0.9 0.5 0.5 0.5 0.5 0.5 0.5 0.5 0.5 0.5 0.5 0.027500250000000004 0.003055583333333333 0.46944416666666666
0.183335 0.9666666666666667 0.5 0.5 0.5 0.5 0.5 0.5 0.5 0.5 0.5 0.5 0.08861191666666667 0.0030555833333333325 0.4083325
0.183335 0.8333333333333334 0.5 0.5 0.5 0.5 0.5 0.5 0.5 0.5 0.5 0.5 0.07638958333333333 0.015277916666666664 0.4083325
0.36667 1. 0.5 0.5 0.5 0.5 0.5 0.5 0.5 0.5 0.5 0.5 0.183335 0. 0.316665
0.7 0.36666 0.5 0.5 0.5 0.5 0.5 0.5 0.5 0.5 0.5 0.5 0.128331 0.22166899999999998 0.15000000000000002
0.8333333333333334 0.36666 0.5 0.5 0.5 0.5 0.5 0.5 0.5 0.5 0.5 0.5 0.152775 0.2638916666666667 0.08333333333333331
0.5666666666666667 0.36666 0.5 0.5 0.5 0.5 0.5 0.5 0.5 0.5 0.5 0.5 0.103887 0.17944633333333332 0.21666666666666667
0.7 0.49999333333333335 0.5 0.5 0.5 0.5 0.5 0.5 0.5 0.5 0.5 0.5 0.17499766666666666 0.17500233333333332 0.15000000000000002
0.7 0.23332666666666668 0.5 0.5 0.5 0.5 0.5 0.5 0.5 0.5 0.5 0.5 0.08166433333333334 0.26833566666666664 0.15000000000000002
0.7 0.36667 0.5 0.5 0.5 0.5 0.5 0.5 0.5 0.5 0.5 0.5 0.1283345 0.2216655 0.15000000000000002
0.7666666666666667 0.36667 0.5 0.5 0.5 0.5 0.5 0.5 0.5 0.5 0.5 0.5 0.14055683333333335 0.2427765 0.11666666666666664
0.6333333333333333 0.36667 0.5 0.5 0.5 0.5 0.5 0.5 0.5 0.5 0.5 0.5 0.11611216666666666 0.2005545 0.18333333333333335
0.7 0.43333666666666665 0.5 0.5 0.5 0.5 0.5 0.5 0.5 0.5 0.5 0.5 0.1516678333333333 0.19833216666666667 0.15000000000000002
0.7 0.30000333333333334 0.5 0.5 0.5 0.5 0.5 0.5 0.5 0.5 0.5 0.5 0.10500116666666666 0.2449988333333333 0.15000000000000002
0.7333333333333333 0.36667 0.5 0.5 0.5 0.5 0.5 0.5 0.5 0.5 0.5 0.5 0.13444566666666666 0.23222099999999998 0.13333333333333336
0.6666666666666667 0.36667 0.5 0.5 0.5 0.5 0.5 0.5 0.5 0.5 0.5 0.5 0.12222333333333335 0.21111000000000002 0.16666666666666663
0.7 0.4000033333333333 0.5 0.5 0.5 0.5 0.5 0.5 0.5 0.5 0.5 0.5 0.14000116666666665 0.20999883333333333 0.15000000000000002
0.7 0.33333666666666667 0.5 0.5 0.5 0.5 0.5 0.5 0.5 0.5 0.5 0.5 0.11666783333333333 0.23333216666666665 0.15000000000000002
0.75 0.41667 0.5 0.5 0.5 0.5 0.5 0.5 0.5 0.5 0.5 0.5 0.15625125 0.21874875 0.125
0.5 0.05 0.5 0.5 0.5 0.5 0.5 0.5 0.5 0.5 0.5 0.5 0.0125 0.2375 0.25
0.5666666666666667 0.05 0.5 0.5 0.5 0.5 0.5 0.5 0.5 0.5 0.5 0.5 0.014166666666666668 0.26916666666666667 0.21666666666666667
0.43333333333333335 0.05 0.5 0.5 0.5 0.5 0.5 0.5 0.5 0.5 0.5 0.5 0.010833333333333334 0.20583333333333334 0.2833333333333333
0.5 0.08333333333333333 0.5 0.5 0.5 0.5 0.5 0.5 0.5 0.5 0.5 0.5 0.020833333333333332 0.22916666666666666 0.25
0.5 0.01666666666666667 0.5 0.5 0.5 0.5 0.5 0.5 0.5 0.5 0.5 0.5 0.0041666666666666675 0.24583333333333332 0.25
0.6 0. 0.5 0.5 0.5 0.5 0.5 0.5 0.5 0.5 0.5 0.5 0. 0.3 0.2
0.183335 0.1 0.5 0.5 0.5 0.5 0.5 0.5 0.5 0.5 0.5 0.5 0.00916675 0.08250075 0.4083325
0.3055583333333333 0.1 0.5 0.5 0.5 0.5 0.5 0.5 0.5 0.5 0.5 0.5 0.015277916666666667 0.13750125 0.3472208333333333
0.061111666666666675 0.1 0.5 0.5 0.5 0.5 0.5 0.5 0.5 0.5 0.5 0.5 0.0030555833333333338 0.027500250000000004 0.46944416666666666
0.183335 0.16666666666666666 0.5 0.5 0.5 0.5 0.5 0.5 0.5 0.5 0.5 0.5 0.015277916666666665 0.07638958333333333 0.4083325
0.183335 0.03333333333333334 0.5 0.5 0.5 0.5 0.5 0.5 0.5 0.5 0.5 0.5 0.0030555833333333338 0.08861191666666667 0.4083325
0.5 0.9 0.5 0.5 0.5 0.5 0.5 0.5 0.5 0.5 0.5 0.5 0.225 0.024999999999999994 0.25
0.6333333333333333 0.9 0.5 0.5 0.5 0.5 0.5 0.5 0.5 0.5 0.5 0.5 0.285 0.031666666666666655 0.18333333333333335
0.36666666666666664 0.9 0.5 0.5 0.5 0.5 0.5 0.5 0.5 0.5 0.5 0.5 0.16499999999999998 0.018333333333333326 0.31666666666666665
0.5 0.9666666666666667 0.5 0.5 0.5 0.5 0.5 0.5 0.5 0.5 0.5 0.5 0.24166666666666667 0.008333333333333331 0.25
0.7 0.63333 0.5 0.5 0.5 0.5 0.5 0.5 0.5 0.5 0.5 0.5 0.22166549999999996 0.12833450000000002 0.15000000000000002
0.8333333333333334 0.63333 0.5 0.5 0.5 0.5 0.5 0.5 0.5 0.5 0.5 0.5 0.2638875 0.1527791666666667 0.08333333333333331
0.5666666666666667 0.63333 0.5 0.5 0.5 0.5 0.5 0.5 0.5 0.5 0.5 0.5 0.17944349999999998 0.10388983333333335 0.21666666666666667
0.7 0.7666633333333334 0.5 0.5 0.5 0.5 0.5 0.5 0.5 0.5 0.5 0.5 0.26833216666666665 0.08166783333333331 0.15000000000000002
0.7666666666666667 0.63333 0.5 0.5 0.5 0.5 0.5 0.5 0.5 0.5 0.5 0.5 0.2427765 0.14055683333333335 0.11666666666666664
0.6333333333333333 0.63333 0.5 0.5 0.5 0.5 0.5 0.5 0.5 0.5 0.5 0.5 0.20055449999999997 0.11611216666666668 0.18333333333333335
0.7 0.6999966666666667 0.5 0.5 0.5 0.5 0.5 0.5 0.5 0.5 0.5 0.5 0.24499883333333333 0.10500116666666665 0.15000000000000002
0.7333333333333333 0.63333 0.5 0.5 0.5 0.5 0.5 0.5 0.5 0.5 0.5 0.5 0.23222099999999996 0.13444566666666669 0.13333333333333336
0.6666666666666667 0.63333 0.5 0.5 0.5 0.5 0.5 0.5 0.5 0.5 0.5 0.5 0.21111000000000002 0.12222333333333336 0.16666666666666663
0.7 0.6666633333333333 0.5 0.5 0.5 0.5 0.5 0.5 0.5 0.5 0.5 0.5 0.23333216666666662 0.11666783333333335 0.15000000000000002
0.7 0.5999966666666667 0.5 0.5 0.5 0.5 0.5 0.5 0.5 0.5 0.5 0.5 0.20999883333333336 0.14000116666666662 0.15000000000000002
0.71 0.68333 0.5 0.5 0.5 0.5 0.5 0.5 0.5 0.5 0.5 0.5 0.24258215 0.11241785 0.14500000000000002
0.33333 0.5 0.5 0.5 0.5 0.5 0.5 0.5 0.5 0.5 0.5 0.5 0.0833325 0.0833325 0.333335
0.46666333333333326 0.5 0.5 0.5 0.5 0.5 0.5 0.5 0.5 0.5 0.5 0.5 0.11666583333333332 0.11666583333333332 0.2666683333333334
0.19999666666666668 0.5 0.5 0.5 0.5 0.5 0.5 0.5 0.5 0.5 0.5 0.5 0.04999916666666667 0.04999916666666667 0.40000166666666664
0.33333 0.6333333333333333 0.5 0.5 0.5 0.5 0.5 0.5 0.5 0.5 0.5 0.5 0.1055545 0.061110500000000005 0.333335
0.33333 0.36666666666666664 0.5 0.5 0.5 0.5 0.5 0.5 0.5 0.5 0.5 0.5 0.0611105 0.10555450000000001 0.333335
0.5 0.95 0.5 0.5 0.5 0.5 0.5 0.5 0.5 0.5 0.5 0.5 0.2375 0.012500000000000011 0.25
0.5666666666666667 0.95 0.5 0.5 0.5 0.5 0.5 0.5 0.5 0.5 0.5 0.5 0.26916666666666667 0.014166666666666678 0.21666666666666667
0.43333333333333335 0.95 0.5 0.5 0.5 0.5 0.5 0.5 0.5 0.5 0.5 0.5 0.20583333333333334 0.010833333333333344 0.2833333333333333
0.5 0.9833333333333333 0.5 0.5 0.5 0.5 0.5 0.5 0.5 0.5 0.5 0.5 0.24583333333333332 0.00416666666666668 0.25
0.5 0.9166666666666667 0.5 0.5 0.5 0.5 0.5 0.5 0.5 0.5 0.5 0.5 0.22916666666666669 0.020833333333333315 0.25
0.6 1. 0.5 0.5 0.5 0.5 0.5 0.5 0.5 0.5 0.5 0.5 0.3 0. 0.2
0.1666685 0.05 0.5 0.5 0.5 0.5 0.5 0.5 0.5 0.5 0.5 0.5 0.0041667125 0.0791675375 0.41666575
0.23333616666666668 0.05 0.5 0.5 0.5 0.5 0.5 0.5 0.5 0.5 0.5 0.5 0.005833404166666667 0.11083467916666667 0.38333191666666666
0.10000083333333334 0.05 0.5 0.5 0.5 0.5 0.5 0.5 0.5 0.5 0.5 0.5 0.0025000208333333337 0.04750039583333334 0.44999958333333334
0.1666685 0.08333333333333333 0.5 0.5 0.5 0.5 0.5 0.5 0.5 0.5 0.5 0.5 0.006944520833333333 0.07638972916666667 0.41666575
0.1666685 0.01666666666666667 0.5 0.5 0.5 0.5 0.5 0.5 0.5 0.5 0.5 0.5 0.0013889041666666668 0.08194534583333334 0.41666575
0.26667 0. 0.5 0.5 0.5 0.5 0.5 0.5 0.5 0.5 0.5 0.5 0. 0.133335 0.366665
0.94375 0.060415 0.5 0.5 0.5 0.5 0.5 0.5 0.5 0.5 0.5 0.5 0.028508328125 0.443366671875 0.02812500000000001
0.98125 0.060415 0.5 0.5 0.5 0.5 0.5 0.5 0.5 0.5 0.5 0.5 0.029641109375 0.460983890625 0.009375000000000022
0.90625 0.060415 0.5 0.5 0.5 0.5 0.5 0.5 0.5 0.5 0.5 0.5 0.027375546875 0.425749453125 0.046875
0.94375 0.10069166666666667 0.5 0.5 0.5 0.5 0.5 0.5 0.5 0.5 0.5 0.5 0.04751388020833333 0.42436111979166663 0.02812500000000001
0.94375 0.020138333333333338 0.5 0.5 0.5 0.5 0.5 0.5 0.5 0.5 0.5 0.5 0.00950277604166667 0.46237222395833333 0.02812500000000001
0.96875 0.0354165 0.5 0.5 0.5 0.5 0.5 0.5 0.5 0.5 0.5 0.5 0.0171548671875 0.4672201328125 0.015625
0.9895833333333334 0.0354165 0.5 0.5 0.5 0.5 0.5 0.5 0.5 0.5 0.5 0.5 0.0175237890625 0.47726787760416667 0.005208333333333315
0.9479166666666666 0.0354165 0.5 0.5 0.5 0.5 0.5 0.5 0.5 0.5 0.5 0.5 0.016785945312499998 0.4571723880208333 0.026041666666666685
0.96875 0.05902749999999999 0.5 0.5 0.5 0.5 0.5 0.5 0.5 0.5 0.5 0.5 0.028591445312499995 0.4557835546875 0.015625
0.96875 0.0118055 0.5 0.5 0.5 0.5 0.5 0.5 0.5 0.5 0.5 0.5 0.0057182890625 0.4786567109375 0.015625
0.5 0.025 0.5 0.5 0.5 0.5 0.5 0.5 0.5 0.5 0.5 0.5 0.00625 0.24375 0.25
0.5333333333333333 0.025 0.5 0.5 0.5 0.5 0.5 0.5 0.5 0.5 0.5 0.5 0.006666666666666667 0.26 0.23333333333333334
0.4666666666666667 0.025 0.5 0.5 0.5 0.5 0.5 0.5 0.5 0.5 0.5 0.5 0.005833333333333334 0.2275 0.26666666666666666
0.5 0.041666666666666664 0.5 0.5 0.5 0.5 0.5 0.5 0.5 0.5 0.5 0.5 0.010416666666666666 0.23958333333333334 0.25
0.5 0.008333333333333335 0.5 0.5 0.5 0.5 0.5 0.5 0.5 0.5 0.5 0.5 0.0020833333333333337 0.24791666666666667 0.25
0.55 0.05 0.5 0.5 0.5 0.5 0.5 0.5 0.5 0.5 0.5 0.5 0.013750000000000002 0.26125000000000004 0.22499999999999998
0.63333 0.36667000000000005 0.5 0.5 0.5 0.5 0.5 0.5 0.5 0.5 0.5 0.5 0.11611155555000001 0.20055344444999998 0.18333500000000003
0.49999666666666664 0.36667000000000005 0.5 0.5 0.5 0.5 0.5 0.5 0.5 0.5 0.5 0.5 0.09166688888333334 0.15833144444999997 0.2500016666666667
0.63333 0.5000033333333334 0.5 0.5 0.5 0.5 0.5 0.5 0.5 0.5 0.5 0.5 0.15833355555 0.15833144444999997 0.18333500000000003
0.63333 0.2333366666666667 0.5 0.5 0.5 0.5 0.5 0.5 0.5 0.5 0.5 0.5 0.07388955555 0.24277544444999996 0.18333500000000003
0.83333 0.95 0.5 0.5 0.5 0.5 0.5 0.5 0.5 0.5 0.5 0.5 0.39583175 0.02083325000000002 0.08333499999999999
0.8999966666666667 0.95 0.5 0.5 0.5 0.5 0.5 0.5 0.5 0.5 0.5 0.5 0.42749841666666666 0.022499916666666685 0.050001666666666666
0.7666633333333334 0.95 0.5 0.5 0.5 0.5 0.5 0.5 0.5 0.5 0.5 0.5 0.3641650833333333 0.01916658333333335 0.11666833333333332
0.83333 0.9833333333333333 0.5 0.5 0.5 0.5 0.5 0.5 0.5 0.5 0.5 0.5 0.40972058333333333 0.006944416666666688 0.08333499999999999
0.83333 0.9166666666666667 0.5 0.5 0.5 0.5 0.5 0.5 0.5 0.5 0.5 0.5 0.3819429166666667 0.034722083333333306 0.08333499999999999
0.8875 0.46667000000000003 0.5 0.5 0.5 0.5 0.5 0.5 0.5 0.5 0.5 0.5 0.2070848125 0.23666518749999998 0.05625000000000002
0.9625 0.46667000000000003 0.5 0.5 0.5 0.5 0.5 0.5 0.5 0.5 0.5 0.5 0.22458493750000003 0.2566650625 0.01874999999999999
0.8125 0.46667000000000003 0.5 0.5 0.5 0.5 0.5 0.5 0.5 0.5 0.5 0.5 0.18958468750000002 0.21666531249999998 0.09375
0.8875 0.6000033333333333 0.5 0.5 0.5 0.5 0.5 0.5 0.5 0.5 0.5 0.5 0.26625147916666664 0.1774985208333333 0.05625000000000002
0.8875 0.33333666666666667 0.5 0.5 0.5 0.5 0.5 0.5 0.5 0.5 0.5 0.5 0.14791814583333332 0.29583185416666663 0.05625000000000002
0.9375 0.46667000000000003 0.5 0.5 0.5 0.5 0.5 0.5 0.5 0.5 0.5 0.5 0.21875156250000002 0.24999843749999998 0.03125
0.9791666666666666 0.46667000000000003 0.5 0.5 0.5 0.5 0.5 0.5 0.5 0.5 0.5 0.5 0.22847385416666668 0.26110947916666666 0.010416666666666685
0.8958333333333334 0.46667000000000003 0.5 0.5 0.5 0.5 0.5 0.5 0.5 0.5 0.5 0.5 0.20902927083333336 0.23888739583333332 0.052083333333333315
0.9375 0.5333366666666667 0.5 0.5 0.5 0.5 0.5 0.5 0.5 0.5 0.5 0.5 0.2500015625 0.2187484375 0.03125
0.9375 0.4000033333333333 0.5 0.5 0.5 0.5 0.5 0.5 0.5 0.5 0.5 0.5 0.1875015625 0.2812484375 0.03125
1. 0.36667 0.5 0.5 0.5 0.5 0.5 0.5 0.5 0.5 0.5 0.5 0.183335 0.316665 0.
0.9874999999999999 0.36667 0.5 0.5 0.5 0.5 0.5 0.5 0.5 0.5 0.5 0.5 0.1810433125 0.31270668749999997 0.006250000000000033
0.9 0.36667000000000005 0.5 0.5 0.5 0.5 0.5 0.5 0.5 0.5 0.5 0.5 0.16500150000000002 0.2849985 0.04999999999999999
0.9666666666666667 0.36667000000000005 0.5 0.5 0.5 0.5 0.5 0.5 0.5 0.5 0.5 0.5 0.17722383333333336 0.3061095 0.016666666666666663
0.8333333333333334 0.36667000000000005 0.5 0.5 0.5 0.5 0.5 0.5 0.5 0.5 0.5 0.5 0.1527791666666667 0.2638875 0.08333333333333331
0.9 0.5000033333333334 0.5 0.5 0.5 0.5 0.5 0.5 0.5 0.5 0.5 0.5 0.22500150000000002 0.2249985 0.04999999999999999
0.9 0.2333366666666667 0.5 0.5 0.5 0.5 0.5 0.5 0.5 0.5 0.5 0.5 0.10500150000000001 0.3449985 0.04999999999999999
0.95 0.36667 0.5 0.5 0.5 0.5 0.5 0.5 0.5 0.5 0.5 0.5 0.17416825 0.30083175 0.025000000000000022
0.9833333333333333 0.36667 0.5 0.5 0.5 0.5 0.5 0.5 0.5 0.5 0.5 0.5 0.18027941666666666 0.31138725 0.00833333333333336
0.9166666666666667 0.36667 0.5 0.5 0.5 0.5 0.5 0.5 0.5 0.5 0.5 0.5 0.16805708333333336 0.29027625 0.04166666666666663
0.95 0.43333666666666665 0.5 0.5 0.5 0.5 0.5 0.5 0.5 0.5 0.5 0.5 0.20583491666666665 0.26916508333333333 0.025000000000000022
0.95 0.30000333333333334 0.5 0.5 0.5 0.5 0.5 0.5 0.5 0.5 0.5 0.5 0.14250158333333332 0.33249841666666663 0.025000000000000022
0.975 0.36667 0.5 0.5 0.5 0.5 0.5 0.5 0.5 0.5 0.5 0.5 0.178751625 0.308748375 0.012500000000000011
0.9916666666666667 0.36667 0.5 0.5 0.5 0.5 0.5 0.5 0.5 0.5 0.5 0.5 0.18180720833333333 0.314026125 0.004166666666666652
0.9583333333333333 0.36667 0.5 0.5 0.5 0.5 0.5 0.5 0.5 0.5 0.5 0.5 0.17569604166666666 0.303470625 0.02083333333333337
0.975 0.4000033333333333 0.5 0.5 0.5 0.5 0.5 0.5 0.5 0.5 0.5 0.5 0.19500162499999998 0.292498375 0.012500000000000011
0.975 0.33333666666666667 0.5 0.5 0.5 0.5 0.5 0.5 0.5 0.5 0.5 0.5 0.162501625 0.324998375 0.012500000000000011
0.8433333333333334 0.68333 0.5 0.5 0.5 0.5 0.5 0.5 0.5 0.5 0.5 0.5 0.28813748333333333 0.13352918333333336 0.07833333333333331
0.5766666666666667 0.68333 0.5 0.5 0.5 0.5 0.5 0.5 0.5 0.5 0.5 0.5 0.19702681666666666 0.09130651666666667 0.21166666666666667
0.71 0.8166633333333333 0.5 0.5 0.5 0.5 0.5 0.5 0.5 0.5 0.5 0.5 0.2899154833333333 0.06508451666666668 0.14500000000000002
0.71 0.5499966666666667 0.5 0.5 0.5 0.5 0.5 0.5 0.5 0.5 0.5 0.5 0.19524881666666666 0.15975118333333332 0.14500000000000002
0.9 0.55 0.5 0.5 0.5 0.5 0.5 0.5 0.5 0.5 0.5 0.5 0.24750000000000003 0.20249999999999999 0.04999999999999999
0.9666666666666667 0.55 0.5 0.5 0.5 0.5 0.5 0.5 0.5 0.5 0.5 0.5 0.26583333333333337 0.21749999999999997 0.016666666666666663
0.8333333333333334 0.55 0.5 0.5 0.5 0.5 0.5 0.5 0.5 0.5 0.5 0.5 0.22916666666666669 0.1875 0.08333333333333331
0.9 0.6833333333333333 0.5 0.5 0.5 0.5 0.5 0.5 0.5 0.5 0.5 0.5 0.3075 0.1425 0.04999999999999999
0.9 0.41666666666666663 0.5 0.5 0.5 0.5 0.5 0.5 0.5 0.5 0.5 0.5 0.1875 0.2625 0.04999999999999999
0.9833333333333333 0.55 0.5 0.5 0.5 0.5 0.5 0.5 0.5 0.5 0.5 0.5 0.2704166666666667 0.22124999999999997 0.00833333333333336
0.9166666666666667 0.55 0.5 0.5 0.5 0.5 0.5 0.5 0.5 0.5 0.5 0.5 0.2520833333333334 0.20625 0.04166666666666663
0.95 0.6166666666666667 0.5 0.5 0.5 0.5 0.5 0.5 0.5 0.5 0.5 0.5 0.29291666666666666 0.18208333333333332 0.025000000000000022
0.95 0.48333333333333334 0.5 0.5 0.5 0.5 0.5 0.5 0.5 0.5 0.5 0.5 0.22958333333333333 0.24541666666666664 0.025000000000000022
0.975 0.55 0.5 0.5 0.5 0.5 0.5 0.5 0.5 0.5 0.5 0.5 0.268125 0.219375 0.012500000000000011
0.9916666666666667 0.55 0.5 0.5 0.5 0.5 0.5 0.5 0.5 0.5 0.5 0.5 0.2727083333333334 0.223125 0.004166666666666652
0.9583333333333333 0.55 0.5 0.5 0.5 0.5 0.5 0.5 0.5 0.5 0.5 0.5 0.2635416666666667 0.21562499999999996 0.02083333333333337
0.975 0.5833333333333333 0.5 0.5 0.5 0.5 0.5 0.5 0.5 0.5 0.5 0.5 0.28437499999999993 0.20312500000000003 0.012500000000000011
0.975 0.5166666666666667 0.5 0.5 0.5 0.5 0.5 0.5 0.5 0.5 0.5 0.5 0.251875 0.23562499999999997 0.012500000000000011
0.7766666666666667 0.68333 0.5 0.5 0.5 0.5 0.5 0.5 0.5 0.5 0.5 0.5 0.2653598166666667 0.12297351666666669 0.11166666666666664
0.6433333333333333 0.68333 0.5 0.5 0.5 0.5 0.5 0.5 0.5 0.5 0.5 0.5 0.21980448333333333 0.10186218333333333 0.17833333333333334
0.71 0.7499966666666666 0.5 0.5 0.5 0.5 0.5 0.5 0.5 0.5 0.5 0.5 0.26624881666666667 0.08875118333333333 0.14500000000000002
0.71 0.6166633333333333 0.5 0.5 0.5 0.5 0.5 0.5 0.5 0.5 0.5 0.5 0.21891548333333333 0.13608451666666666 0.14500000000000002
0.26666999999999996 0.1 0.5 0.5 0.5 0.5 0.5 0.5 0.5 0.5 0.5 0.5 0.013333499999999998 0.12000149999999998 0.366665
0.40000333333333327 0.1 0.5 0.5 0.5 0.5 0.5 0.5 0.5 0.5 0.5 0.5 0.020000166666666666 0.18000149999999998 0.29999833333333337
0.13333666666666666 0.1 0.5 0.5 0.5 0.5 0.5 0.5 0.5 0.5 0.5 0.5 0.006666833333333334 0.0600015 0.43333166666666667
0.26666999999999996 0.16666666666666666 0.5 0.5 0.5 0.5 0.5 0.5 0.5 0.5 0.5 0.5 0.022222499999999996 0.11111249999999999 0.366665
0.26666999999999996 0.03333333333333334 0.5 0.5 0.5 0.5 0.5 0.5 0.5 0.5 0.5 0.5 0.0044445000000000005 0.1288905 0.366665
0.36667000000000005 0.9 0.5 0.5 0.5 0.5 0.5 0.5 0.5 0.5 0.5 0.5 0.16500150000000002 0.0183335 0.316665
0.5000033333333334 0.9 0.5 0.5 0.5 0.5 0.5 0.5 0.5 0.5 0.5 0.5 0.22500150000000002 0.025000166666666664 0.24999833333333332
0.2333366666666667 0.9 0.5 0.5 0.5 0.5 0.5 0.5 0.5 0.5 0.5 0.5 0.10500150000000001 0.011666833333333333 0.3833316666666666
0.36667000000000005 0.9666666666666667 0.5 0.5 0.5 0.5 0.5 0.5 0.5 0.5 0.5 0.5 0.17722383333333336 0.006111166666666666 0.316665
0.36667000000000005 0.8333333333333334 0.5 0.5 0.5 0.5 0.5 0.5 0.5 0.5 0.5 0.5 0.1527791666666667 0.03055583333333333 0.316665
0.36667 0.95 0.5 0.5 0.5 0.5 0.5 0.5 0.5 0.5 0.5 0.5 0.17416825 0.009166750000000008 0.316665
0.43333666666666665 0.95 0.5 0.5 0.5 0.5 0.5 0.5 0.5 0.5 0.5 0.5 0.20583491666666665 0.010833416666666675 0.28333166666666665
0.30000333333333334 0.95 0.5 0.5 0.5 0.5 0.5 0.5 0.5 0.5 0.5 0.5 0.14250158333333332 0.00750008333333334 0.3499983333333333
0.36667 0.9833333333333333 0.5 0.5 0.5 0.5 0.5 0.5 0.5 0.5 0.5 0.5 0.18027941666666666 0.003055583333333343 0.316665
0.36667 0.9166666666666667 0.5 0.5 0.5 0.5 0.5 0.5 0.5 0.5 0.5 0.5 0.16805708333333336 0.015277916666666653 0.316665
0.46667 1. 0.5 0.5 0.5 0.5 0.5 0.5 0.5 0.5 0.5 0.5 0.233335 0. 0.26666500000000004
0.1 0.5 0.5 0.5 0.5 0.5 0.5 0.5 0.5 0.5 0.5 0.5 0.025 0.025 0.45
0.03333333333333334 0.5 0.5 0.5 0.5 0.5 0.5 0.5 0.5 0.5 0.5 0.5 0.008333333333333335 0.008333333333333335 0.48333333333333334
0.1 0.6333333333333333 0.5 0.5 0.5 0.5 0.5 0.5 0.5 0.5 0.5 0.5 0.03166666666666667 0.018333333333333337 0.45
0.1 0.36666666666666664 0.5 0.5 0.5 0.5 0.5 0.5 0.5 0.5 0.5 0.5 0.018333333333333333 0.03166666666666667 0.45
0.6000000000000001 0.1 0.5 0.5 0.5 0.5 0.5 0.5 0.5 0.5 0.5 0.5 0.030000000000000006 0.27 0.19999999999999996
0.7333333333333334 0.1 0.5 0.5 0.5 0.5 0.5 0.5 0.5 0.5 0.5 0.5 0.036666666666666674 0.33 0.1333333333333333
0.4666666666666667 0.1 0.5 0.5 0.5 0.5 0.5 0.5 0.5 0.5 0.5 0.5 0.023333333333333334 0.21 0.26666666666666666
0.6000000000000001 0.16666666666666666 0.5 0.5 0.5 0.5 0.5 0.5 0.5 0.5 0.5 0.5 0.05 0.25000000000000006 0.19999999999999996
0.6000000000000001 0.03333333333333334 0.5 0.5 0.5 0.5 0.5 0.5 0.5 0.5 0.5 0.5 0.010000000000000004 0.29000000000000004 0.19999999999999996
0.26667 0.05 0.5 0.5 0.5 0.5 0.5 0.5 0.5 0.5 0.5 0.5 0.006666750000000001 0.12666825 0.366665
0.33333666666666667 0.05 0.5 0.5 0.5 0.5 0.5 0.5 0.5 0.5 0.5 0.5 0.008333416666666668 0.15833491666666666 0.3333316666666667
0.20000333333333334 0.05 0.5 0.5 0.5 0.5 0.5 0.5 0.5 0.5 0.5 0.5 0.005000083333333334 0.09500158333333333 0.39999833333333334
0.26667 0.08333333333333333 0.5 0.5 0.5 0.5 0.5 0.5 0.5 0.5 0.5 0.5 0.01111125 0.12222375 0.366665
0.26667 0.01666666666666667 0.5 0.5 0.5 0.5 0.5 0.5 0.5 0.5 0.5 0.5 0.0022222500000000007 0.13111275 0.366665
0.6000000000000001 0.9 0.5 0.5 0.5 0.5 0.5 0.5 0.5 0.5 0.5 0.5 0.2700000000000001 0.03 0.19999999999999996
0.7333333333333334 0.9 0.5 0.5 0.5 0.5 0.5 0.5 0.5 0.5 0.5 0.5 0.33 0.03666666666666666 0.1333333333333333
0.4666666666666667 0.9 0.5 0.5 0.5 0.5 0.5 0.5 0.5 0.5 0.5 0.5 0.21000000000000002 0.023333333333333327 0.26666666666666666
0.6000000000000001 0.9666666666666667 0.5 0.5 0.5 0.5 0.5 0.5 0.5 0.5 0.5 0.5 0.29000000000000004 0.009999999999999998 0.19999999999999996
0.6000000000000001 0.8333333333333334 0.5 0.5 0.5 0.5 0.5 0.5 0.5 0.5 0.5 0.5 0.25000000000000006 0.049999999999999996 0.19999999999999996
0.33333 0.36667000000000005 0.5 0.5 0.5 0.5 0.5 0.5 0.5 0.5 0.5 0.5 0.06111105555000001 0.10555394444999999 0.333335
0.46666333333333326 0.36667000000000005 0.5 0.5 0.5 0.5 0.5 0.5 0.5 0.5 0.5 0.5 0.08555572221666667 0.14777594444999997 0.2666683333333334
0.19999666666666668 0.36667000000000005 0.5 0.5 0.5 0.5 0.5 0.5 0.5 0.5 0.5 0.5 0.03666638888333334 0.06333194445 0.40000166666666664
0.33333 0.5000033333333334 0.5 0.5 0.5 0.5 0.5 0.5 0.5 0.5 0.5 0.5 0.08333305555000001 0.08333194445 0.333335
0.33333 0.2333366666666667 0.5 0.5 0.5 0.5 0.5 0.5 0.5 0.5 0.5 0.5 0.03888905555 0.12777594445 0.333335
0.5 0.66667 0.5 0.5 0.5 0.5 0.5 0.5 0.5 0.5 0.5 0.5 0.1666675 0.0833325 0.25
0.6333333333333333 0.66667 0.5 0.5 0.5 0.5 0.5 0.5 0.5 0.5 0.5 0.5 0.21111216666666666 0.1055545 0.18333333333333335
0.36666666666666664 0.66667 0.5 0.5 0.5 0.5 0.5 0.5 0.5 0.5 0.5 0.5 0.12222283333333332 0.0611105 0.31666666666666665
0.5 0.8000033333333333 0.5 0.5 0.5 0.5 0.5 0.5 0.5 0.5 0.5 0.5 0.20000083333333332 0.04999916666666668 0.25
0.5 0.5333366666666667 0.5 0.5 0.5 0.5 0.5 0.5 0.5 0.5 0.5 0.5 0.13333416666666667 0.11666583333333333 0.25
0.05 0.5 0.5 0.5 0.5 0.5 0.5 0.5 0.5 0.5 0.5 0.5 0.0125 0.0125 0.475
0.08333333333333333 0.5 0.5 0.5 0.5 0.5 0.5 0.5 0.5 0.5 0.5 0.5 0.020833333333333332 0.020833333333333332 0.4583333333333333
0.01666666666666667 0.5 0.5 0.5 0.5 0.5 0.5 0.5 0.5 0.5 0.5 0.5 0.0041666666666666675 0.0041666666666666675 0.49166666666666664
0.05 0.5666666666666667 0.5 0.5 0.5 0.5 0.5 0.5 0.5 0.5 0.5 0.5 0.014166666666666668 0.010833333333333334 0.475
0.05 0.43333333333333335 0.5 0.5 0.5 0.5 0.5 0.5 0.5 0.5 0.5 0.5 0.010833333333333334 0.014166666666666668 0.475
0.26667 0.025 0.5 0.5 0.5 0.5 0.5 0.5 0.5 0.5 0.5 0.5 0.0033333750000000004 0.130001625 0.366665
0.30000333333333334 0.025 0.5 0.5 0.5 0.5 0.5 0.5 0.5 0.5 0.5 0.5 0.003750041666666667 0.146251625 0.3499983333333333
0.23333666666666666 0.025 0.5 0.5 0.5 0.5 0.5 0.5 0.5 0.5 0.5 0.5 0.0029167083333333337 0.113751625 0.3833316666666667
0.26667 0.041666666666666664 0.5 0.5 0.5 0.5 0.5 0.5 0.5 0.5 0.5 0.5 0.005555625 0.127779375 0.366665
0.26667 0.008333333333333335 0.5 0.5 0.5 0.5 0.5 0.5 0.5 0.5 0.5 0.5 0.0011111250000000004 0.13222387500000002 0.366665
0.6 0.05 0.5 0.5 0.5 0.5 0.5 0.5 0.5 0.5 0.5 0.5 0.015 0.285 0.2
0.6666666666666666 0.05 0.5 0.5 0.5 0.5 0.5 0.5 0.5 0.5 0.5 0.5 0.016666666666666666 0.31666666666666665 0.16666666666666669
0.5333333333333333 0.05 0.5 0.5 0.5 0.5 0.5 0.5 0.5 0.5 0.5 0.5 0.013333333333333334 0.25333333333333335 0.23333333333333334
0.6 0.08333333333333333 0.5 0.5 0.5 0.5 0.5 0.5 0.5 0.5 0.5 0.5 0.024999999999999998 0.27499999999999997 0.2
0.6 0.01666666666666667 0.5 0.5 0.5 0.5 0.5 0.5 0.5 0.5 0.5 0.5 0.005000000000000001 0.295 0.2
0.6 0.95 0.5 0.5 0.5 0.5 0.5 0.5 0.5 0.5 0.5 0.5 0.285 0.015000000000000013 0.2
0.6666666666666666 0.95 0.5 0.5 0.5 0.5 0.5 0.5 0.5 0.5 0.5 0.5 0.31666666666666665 0.01666666666666668 0.16666666666666669
0.5333333333333333 0.95 0.5 0.5 0.5 0.5 0.5 0.5 0.5 0.5 0.5 0.5 0.2533333333333333 0.013333333333333345 0.23333333333333334
0.6 0.9833333333333333 0.5 0.5 0.5 0.5 0.5 0.5 0.5 0.5 0.5 0.5 0.295 0.005000000000000016 0.2
0.6 0.9166666666666667 0.5 0.5 0.5 0.5 0.5 0.5 0.5 0.5 0.5 0.5 0.275 0.024999999999999977 0.2
0.7 1. 0.5 0.5 0.5 0.5 0.5 0.5 0.5 0.5 0.5 0.5 0.35 0. 0.15000000000000002
0.1666685 0.95 0.5 0.5 0.5 0.5 0.5 0.5 0.5 0.5 0.5 0.5 0.0791675375 0.004166712500000004 0.41666575
0.23333616666666668 0.95 0.5 0.5 0.5 0.5 0.5 0.5 0.5 0.5 0.5 0.5 0.11083467916666667 0.005833404166666672 0.38333191666666666
0.10000083333333334 0.95 0.5 0.5 0.5 0.5 0.5 0.5 0.5 0.5 0.5 0.5 0.047500395833333334 0.002500020833333336 0.44999958333333334
0.1666685 0.9833333333333333 0.5 0.5 0.5 0.5 0.5 0.5 0.5 0.5 0.5 0.5 0.08194534583333332 0.001388904166666671 0.41666575
0.1666685 0.9166666666666667 0.5 0.5 0.5 0.5 0.5 0.5 0.5 0.5 0.5 0.5 0.07638972916666667 0.006944520833333327 0.41666575
0.36667 0.975 0.5 0.5 0.5 0.5 0.5 0.5 0.5 0.5 0.5 0.5 0.178751625 0.004583375000000004 0.316665
0.4000033333333333 0.975 0.5 0.5 0.5 0.5 0.5 0.5 0.5 0.5 0.5 0.5 0.19500162499999998 0.005000041666666671 0.29999833333333337
0.33333666666666667 0.975 0.5 0.5 0.5 0.5 0.5 0.5 0.5 0.5 0.5 0.5 0.162501625 0.004166708333333337 0.3333316666666667
0.36667 0.9916666666666667 0.5 0.5 0.5 0.5 0.5 0.5 0.5 0.5 0.5 0.5 0.18180720833333333 0.0015277916666666612 0.316665
0.36667 0.9583333333333333 0.5 0.5 0.5 0.5 0.5 0.5 0.5 0.5 0.5 0.5 0.17569604166666666 0.0076389583333333465 0.316665
0.41667 0.95 0.5 0.5 0.5 0.5 0.5 0.5 0.5 0.5 0.5 0.5 0.19791825 0.01041675000000001 0.291665
0.41667 1. 0.5 0.5 0.5 0.5 0.5 0.5 0.5 0.5 0.5 0.5 0.208335 0. 0.291665
0.16666999999999998 0.975 0.5 0.5 0.5 0.5 0.5 0.5 0.5 0.5 0.5 0.5 0.081251625 0.0020833750000000015 0.416665
0.20000333333333334 0.975 0.5 0.5 0.5 0.5 0.5 0.5 0.5 0.5 0.5 0.5 0.097501625 0.002500041666666669 0.39999833333333334
0.13333666666666666 0.975 0.5 0.5 0.5 0.5 0.5 0.5 0.5 0.5 0.5 0.5 0.065001625 0.0016667083333333347 0.43333166666666667
0.16666999999999998 0.9916666666666667 0.5 0.5 0.5 0.5 0.5 0.5 0.5 0.5 0.5 0.5 0.08264054166666666 0.0006944583333333308 0.416665
0.16666999999999998 0.9583333333333333 0.5 0.5 0.5 0.5 0.5 0.5 0.5 0.5 0.5 0.5 0.07986270833333332 0.0034722916666666726 0.416665
0.025 0.5 0.5 0.5 0.5 0.5 0.5 0.5 0.5 0.5 0.5 0.5 0.00625 0.00625 0.4875
0.041666666666666664 0.5 0.5 0.5 0.5 0.5 0.5 0.5 0.5 0.5 0.5 0.5 0.010416666666666666 0.010416666666666666 0.4791666666666667
0.008333333333333335 0.5 0.5 0.5 0.5 0.5 0.5 0.5 0.5 0.5 0.5 0.5 0.0020833333333333337 0.0020833333333333337 0.49583333333333335
0.025 0.5333333333333333 0.5 0.5 0.5 0.5 0.5 0.5 0.5 0.5 0.5 0.5 0.006666666666666667 0.005833333333333334 0.4875
0.025 0.4666666666666667 0.5 0.5 0.5 0.5 0.5 0.5 0.5 0.5 0.5 0.5 0.005833333333333334 0.006666666666666667 0.4875
0.05 0.55 0.5 0.5 0.5 0.5 0.5 0.5 0.5 0.5 0.5 0.5 0.013750000000000002 0.01125 0.475
0.79707 0.8125 0.5 0.5 0.5 0.5 0.5 0.5 0.5 0.5 0.5 0.5 0.3238096875 0.0747253125 0.10146500000000003
0.9304033333333334 0.8125 0.5 0.5 0.5 0.5 0.5 0.5 0.5 0.5 0.5 0.5 0.3779763541666667 0.0872253125 0.03479833333333332
0.6637366666666666 0.8125 0.5 0.5 0.5 0.5 0.5 0.5 0.5 0.5 0.5 0.5 0.2696430208333333 0.0622253125 0.16813166666666668
0.79707 0.9375 0.5 0.5 0.5 0.5 0.5 0.5 0.5 0.5 0.5 0.5 0.3736265625 0.0249084375 0.10146500000000003
0.79707 0.6875 0.5 0.5 0.5 0.5 0.5 0.5 0.5 0.5 0.5 0.5 0.27399281249999996 0.12454218749999998 0.10146500000000003
