0.5 0.5 0.5 0.5 0.5 0.5 0.5 0.5 0.5 0.5 0.5 0.5 0.49999997814430497 0.4999999999999995 0.7071067966408575
0.8333333333333333 0.5 0.5 0.5 0.5 0.5 0.5 0.5 0.5 0.5 0.5 0.5 0.18301267301282126 0.18301268101255974 0.9659258357168511
0.16666666666666669 0.5 0.5 0.5 0.5 0.5 0.5 0.5 0.5 0.5 0.5 0.5 0.6830126856312119 0.6830127154866464 0.2588190521395142
0.5 0.8333333333333333 0.5 0.5 0.5 0.5 0.5 0.5 0.5 0.5 0.5 0.5 0.18301267301282123 0.6830126936309509 0.7071067966408575
0.5 0.16666666666666669 0.5 0.5 0.5 0.5 0.5 0.5 0.5 0.5 0.5 0.5 0.6830126856312119 0.18301270286825516 0.7071067966408575
0.16666666666666669 0.8333333333333333 0.5 0.5 0.5 0.5 0.5 0.5 0.5 0.5 0.5 0.5 0.2499999655259137 0.9330127091774502 0.2588190521395142
0.16666666666666669 0.16666666666666669 0.5 0.5 0.5 0.5 0.5 0.5 0.5 0.5 0.5 0.5 0.9330126982496033 0.2500000063091957 0.2588190521395142
0.8333333333333333 0.8333333333333333 0.5 0.5 0.5 0.5 0.5 0.5 0.5 0.5 0.5 0.5 0.06698727989470278 0.2499999684540211 0.9659258357168511
0.8333333333333333 0.16666666666666669 0.5 0.5 0.5 0.5 0.5 0.5 0.5 0.5 0.5 0.5 0.24999996552591372 0.0669872908225488 0.9659258357168511
1. 0. 0.5 0.5 0.5 0.5 0.5 0.5 0.5 0.5 0.5 0.5 4.371139000186444E-8 0. 0.999999999999999
1. 1. 0.5 0.5 0.5 0.5 0.5 0.5 0.5 0.5 0.5 0.5 1.9106856158950943E-15 4.37113900018644E-8 0.999999999999999
0. 1. 0.5 0.5 0.5 0.5 0.5 0.5 0.5 0.5 0.5 0.5 4.371139000186444E-8 0.999999999999999 0.
0.1333333333333333 1. 0.5 0.5 0.5 0.5 0.5 0.5 0.5 0.5 0.5 0.5 4.275619120209617E-8 0.9781475995220569 0.2079116965185848
0. 0.8666666666666667 0.5 0.5 0.5 0.5 0.5 0.5 0.5 0.5 0.5 0.5 0.20791165376239343 0.978147608610166 0.
0.1333333333333333 0.8666666666666667 0.5 0.5 0.5 0.5 0.5 0.5 0.5 0.5 0.5 0.5 0.20336828504034635 0.9567727353402752 0.2079116965185848
0.16667 0.16667 0.5 0.5 0.5 0.5 0.5 0.5 0.5 0.5 0.5 0.5 0.9330100802318441 0.25000454079398643 0.25882410971189684
0.30000333333333334 0.16667 0.5 0.5 0.5 0.5 0.5 0.5 0.5 0.5 0.5 0.5 0.8606427020948332 0.23061335357861099 0.45399517671681344
0.03333666666666668 0.16667 0.5 0.5 0.5 0.5 0.5 0.5 0.5 0.5 0.5 0.5 0.9646004385224882 0.2584693293158934 0.05234118650943777
0.16667 0.30000333333333334 0.5 0.5 0.5 0.5 0.5 0.5 0.5 0.5 0.5 0.5 0.8606427020948333 0.43852505009719583 0.25882410971189684
0.16667 0.03333666666666668 0.5 0.5 0.5 0.5 0.5 0.5 0.5 0.5 0.5 0.5 0.9646004385224882 0.05055763279730857 0.25882410971189684
0.03333666666666668 0.30000333333333334 0.5 0.5 0.5 0.5 0.5 0.5 0.5 0.5 0.5 0.5 0.8897828066826079 0.4533728676561988 0.05234118650943777
0.03333666666666668 0.03333666666666668 0.5 0.5 0.5 0.5 0.5 0.5 0.5 0.5 0.5 0.5 0.9972604001947842 0.052269440384635955 0.05234118650943777
0.30000333333333334 0.30000333333333334 0.5 0.5 0.5 0.5 0.5 0.5 0.5 0.5 0.5 0.5 0.7938883795178693 0.4045115825095257 0.45399517671681344
0.30000333333333334 0.03333666666666668 0.5 0.5 0.5 0.5 0.5 0.5 0.5 0.5 0.5 0.5 0.8897828066826078 0.04663621393177412 0.45399517671681344
0.20000333333333334 0.16666999999999998 0.5 0.5 0.5 0.5 0.5 0.5 0.5 0.5 0.5 0.5 0.9186471952008062 0.246155936633387 0.30902198240551093
0.13333666666666666 0.16666999999999998 0.5 0.5 0.5 0.5 0.5 0.5 0.5 0.5 0.5 0.5 0.9448156493434068 0.25316789984774335 0.20791681808473195
0.16666999999999998 0.20000333333333334 0.5 0.5 0.5 0.5 0.5 0.5 0.5 0.5 0.5 0.5 0.9186471952008062 0.2984918943313804 0.2588241097118968
0.16666999999999998 0.13333666666666666 0.5 0.5 0.5 0.5 0.5 0.5 0.5 0.5 0.5 0.5 0.9448156493434068 0.20083194214975006 0.2588241097118968
0.13333666666666666 0.20000333333333334 0.5 0.5 0.5 0.5 0.5 0.5 0.5 0.5 0.5 0.5 0.9302710277636779 0.30226877387687767 0.20791681808473195
0.13333666666666666 0.13333666666666666 0.5 0.5 0.5 0.5 0.5 0.5 0.5 0.5 0.5 0.5 0.9567705967575205 0.20337311016400034 0.20791681808473195
0.20000333333333334 0.20000333333333334 0.5 0.5 0.5 0.5 0.5 0.5 0.5 0.5 0.5 0.5 0.9045054143901682 0.29389686920591446 0.30902198240551093
0.20000333333333334 0.13333666666666666 0.5 0.5 0.5 0.5 0.5 0.5 0.5 0.5 0.5 0.5 0.9302710277636779 0.1977403077110952 0.30902198240551093
0.17500333333333332 0.16666999999999998 0.5 0.5 0.5 0.5 0.5 0.5 0.5 0.5 0.5 0.5 0.9296576885692939 0.24910625131575356 0.2714454966276113
0.15833666666666668 0.16666999999999998 0.5 0.5 0.5 0.5 0.5 0.5 0.5 0.5 0.5 0.5 0.9362026054113982 0.250859993278797 0.2461583746149452
0.16666999999999998 0.17500333333333332 0.5 0.5 0.5 0.5 0.5 0.5 0.5 0.5 0.5 0.5 0.9296576885692939 0.2621958472513284 0.2588241097118968
0.16666999999999998 0.15833666666666668 0.5 0.5 0.5 0.5 0.5 0.5 0.5 0.5 0.5 0.5 0.9362026054113982 0.23777039734322225 0.2588241097118968
0.15833666666666668 0.17500333333333332 0.5 0.5 0.5 0.5 0.5 0.5 0.5 0.5 0.5 0.5 0.9328387427100874 0.2630930153120597 0.2461583746149452
0.15833666666666668 0.15833666666666668 0.5 0.5 0.5 0.5 0.5 0.5 0.5 0.5 0.5 0.5 0.9394060546069283 0.23858398767472458 0.2461583746149452
0.17500333333333332 0.17500333333333332 0.5 0.5 0.5 0.5 0.5 0.5 0.5 0.5 0.5 0.5 0.9263173423605895 0.2612537532794581 0.2714454966276113
0.17500333333333332 0.15833666666666668 0.5 0.5 0.5 0.5 0.5 0.5 0.5 0.5 0.5 0.5 0.9328387427100875 0.2369160662759131 0.2714454966276113
0.13333 1. 0.5 0.5 0.5 0.5 0.5 0.5 0.5 0.5 0.5 0.5 4.2756238786740175E-8 0.9781486881317762 0.2079065749467377
0.2666633333333333 1. 0.5 0.5 0.5 0.5 0.5 0.5 0.5 0.5 0.5 0.5 3.9932434666418354E-8 0.9135475825572023 0.40673187040591013
0.13333 0.8666666666666667 0.5 0.5 0.5 0.5 0.5 0.5 0.5 0.5 0.5 0.5 0.2033685113749934 0.9567738001612689 0.2079065749467377
0.2666633333333333 0.8666666666666667 0.5 0.5 0.5 0.5 0.5 0.5 0.5 0.5 0.5 0.5 0.18993718868010476 0.8935843832299265 0.40673187040591013
0.099997 0.8 0.5 0.5 0.5 0.5 0.5 0.5 0.5 0.5 0.5 0.5 0.3052126771282006 0.9393481435039387 0.1564298149840384
0. 0.86667 0.5 0.5 0.5 0.5 0.5 0.5 0.5 0.5 0.5 0.5 0.2079065321904987 0.9781486972196616 0.
0.1333333333333333 0.86667 0.5 0.5 0.5 0.5 0.5 0.5 0.5 0.5 0.5 0.5 0.20336327538709173 0.9567738001610401 0.2079116965185848
0. 0.7333366666666666 0.5 0.5 0.5 0.5 0.5 0.5 0.5 0.5 0.5 0.5 0.4067318304734751 0.9135476003360177 0.
0.1333333333333333 0.7333366666666666 0.5 0.5 0.5 0.5 0.5 0.5 0.5 0.5 0.5 0.5 0.3978437636268422 0.893584392317812 0.2079116965185848
0.033333333333333326 0.86667 0.5 0.5 0.5 0.5 0.5 0.5 0.5 0.5 0.5 0.5 0.20762160349798045 0.9768081783506736 0.05233595769799332
0. 0.9000033333333333 0.5 0.5 0.5 0.5 0.5 0.5 0.5 0.5 0.5 0.5 0.15642925465794516 0.9876891658245319 0.
0. 0.8333366666666667 0.5 0.5 0.5 0.5 0.5 0.5 0.5 0.5 0.5 0.5 0.25881395233801596 0.9659271908768151 0.
0.033333333333333326 0.8333366666666667 0.5 0.5 0.5 0.5 0.5 0.5 0.5 0.5 0.5 0.5 0.2584592567915692 0.9646034211584487 0.05233595769799332
0.033333333333333326 0.9000033333333333 0.5 0.5 0.5 0.5 0.5 0.5 0.5 0.5 0.5 0.5 0.15621487378913987 0.9863355720741683 0.05233595769799332
0. 0.91667 0.5 0.5 0.5 0.5 0.5 0.5 0.5 0.5 0.5 0.5 0.1305209612989553 0.9914455500235989 0.
0.8666666666666667 0. 0.5 0.5 0.5 0.5 0.5 0.5 0.5 0.5 0.5 0.5 0.20791165376239343 0. 0.978147608610166
0.8666666666666667 0.1333333333333333 0.5 0.5 0.5 0.5 0.5 0.5 0.5 0.5 0.5 0.5 0.20336828504034635 0.04322726465972382 0.978147608610166
0. 0.73334 0.5 0.5 0.5 0.5 0.5 0.5 0.5 0.5 0.5 0.5 0.40672704714371677 0.9135497299664386 0.
0.1333333333333333 0.73334 0.5 0.5 0.5 0.5 0.5 0.5 0.5 0.5 0.5 0.5 0.3978390848243214 0.8935864754106959 0.2079116965185848
0. 0.8666733333333333 0.5 0.5 0.5 0.5 0.5 0.5 0.5 0.5 0.5 0.5 0.20790141061290407 0.9781497858023406 0.
0. 0.6000066666666667 0.5 0.5 0.5 0.5 0.5 0.5 0.5 0.5 0.5 0.5 0.5877767590357387 0.8090231650190514 0.
0.1333333333333333 0.6000066666666667 0.5 0.5 0.5 0.5 0.5 0.5 0.5 0.5 0.5 0.5 0.5749324259056627 0.7913440668211227 0.2079116965185848
0.1333333333333333 0.8666733333333333 0.5 0.5 0.5 0.5 0.5 0.5 0.5 0.5 0.5 0.5 0.2033582657282618 0.9567748649555744 0.2079116965185848
0. 0.6000099999999999 0.5 0.5 0.5 0.5 0.5 0.5 0.5 0.5 0.5 0.5 0.5877725229921774 0.8090262425999606 0.
0.1333333333333333 0.6000099999999999 0.5 0.5 0.5 0.5 0.5 0.5 0.5 0.5 0.5 0.5 0.5749282824298219 0.7913470771495014 0.2079116965185848
0. 0.7333433333333333 0.5 0.5 0.5 0.5 0.5 0.5 0.5 0.5 0.5 0.5 0.40672226380280774 0.913551859571814 0.
0. 0.46667666666666663 0.5 0.5 0.5 0.5 0.5 0.5 0.5 0.5 0.5 0.5 0.7431343010568359 0.6691422947271889 0.
0.1333333333333333 0.46667666666666663 0.5 0.5 0.5 0.5 0.5 0.5 0.5 0.5 0.5 0.5 0.7268950327012462 0.654519929326081 0.2079116965185848
0.1333333333333333 0.7333433333333333 0.5 0.5 0.5 0.5 0.5 0.5 0.5 0.5 0.5 0.5 0.39783440601089354 0.8935885584790818 0.2079116965185848
0.08000000000000002 0.6400100000000001 0.5 0.5 0.5 0.5 0.5 0.5 0.5 0.5 0.5 0.5 0.5315884588298876 0.8376785123981241 0.12533323703364127
0.10000000000000002 0.60001 0.5 0.5 0.5 0.5 0.5 0.5 0.5 0.5 0.5 0.5 0.5805360674796441 0.7990657864982649 0.15643446935755392
0.033333333333333326 0.6000099999999999 0.5 0.5 0.5 0.5 0.5 0.5 0.5 0.5 0.5 0.5 0.5869670011323791 0.8079175001901466 0.05233595769799332
0. 0.6333433333333333 0.5 0.5 0.5 0.5 0.5 0.5 0.5 0.5 0.5 0.5 0.544625837923101 0.838679138089508 0.
0. 0.5666766666666667 0.5 0.5 0.5 0.5 0.5 0.5 0.5 0.5 0.5 0.5 0.629308164341657 0.7771558622907853 0.
0.033333333333333326 0.5666766666666667 0.5 0.5 0.5 0.5 0.5 0.5 0.5 0.5 0.5 0.5 0.6284457193257754 0.7760907971319738 0.05233595769799332
0.033333333333333326 0.6333433333333333 0.5 0.5 0.5 0.5 0.5 0.5 0.5 0.5 0.5 0.5 0.5438794470989354 0.8375297574147381 0.05233595769799332
0. 0.6200100000000001 0.5 0.5 0.5 0.5 0.5 0.5 0.5 0.5 0.5 0.5 0.5620703636161437 0.827089418590527 0.
0.005000000000000001 0.60001 0.5 0.5 0.5 0.5 0.5 0.5 0.5 0.5 0.5 0.5 0.5877543947022315 0.8090012903238232 0.007853901107261543
0. 0.46668 0.5 0.5 0.5 0.5 0.5 0.5 0.5 0.5 0.5 0.5 0.7431307974256894 0.669146185760226 0.
0.1333333333333333 0.46668 0.5 0.5 0.5 0.5 0.5 0.5 0.5 0.5 0.5 0.5 0.7268916056328507 0.6545237353307061 0.2079116965185848
0. 0.6000133333333333 0.5 0.5 0.5 0.5 0.5 0.5 0.5 0.5 0.5 0.5 0.5877682869325019 0.8090293201586899 0.
0. 0.3333466666666667 0.5 0.5 0.5 0.5 0.5 0.5 0.5 0.5 0.5 0.5 0.8660149243331994 0.5000181505027222 0.
0.1333333333333333 0.3333466666666667 0.5 0.5 0.5 0.5 0.5 0.5 0.5 0.5 0.5 0.5 0.8470904193867954 0.48909155363169676 0.2079116965185848
0.1333333333333333 0.6000133333333333 0.5 0.5 0.5 0.5 0.5 0.5 0.5 0.5 0.5 0.5 0.5749241389382189 0.7913500874561848 0.2079116965185848
0.08000000000000002 0.50668 0.5 0.5 0.5 0.5 0.5 0.5 0.5 0.5 0.5 0.5 0.6941314240496201 0.7088534022218668 0.12533323703364127
0. 0.33335000000000004 0.5 0.5 0.5 0.5 0.5 0.5 0.5 0.5 0.5 0.5 0.8660123062323416 0.5000226849395346 0.
0.1333333333333333 0.33335000000000004 0.5 0.5 0.5 0.5 0.5 0.5 0.5 0.5 0.5 0.5 0.847087858497726 0.48909598898018 0.2079116965185848
0. 0.46668333333333334 0.5 0.5 0.5 0.5 0.5 0.5 0.5 0.5 0.5 0.5 0.7431272937741696 0.6691500767749183 0.
0. 0.20001666666666668 0.5 0.5 0.5 0.5 0.5 0.5 0.5 0.5 0.5 0.5 0.9510484232212826 0.30904190118544156 0.
0.1333333333333333 0.20001666666666668 0.5 0.5 0.5 0.5 0.5 0.5 0.5 0.5 0.5 0.5 0.9302657322031356 0.3022885937962726 0.2079116965185848
0.1333333333333333 0.46668333333333334 0.5 0.5 0.5 0.5 0.5 0.5 0.5 0.5 0.5 0.5 0.726888178544527 0.654527541317387 0.2079116965185848
0. 0.13335 0.49999999999999994 0.5 0.5 0.5 0.5 0.5 0.5 0.5 0.5 0.5 0.9781421560712145 0.2079373042923175 0.
0.020000000000000004 0.13335 0.49999999999999994 0.5 0.5 0.5 0.5 0.5 0.5 0.5 0.5 0.5 0.9776595019366002 0.20783469977922672 0.031410759951924716
0.010000000000000002 0.13335 0.49999999999999994 0.5 0.5 0.5 0.5 0.5 0.5 0.5 0.5 0.5 0.9780214850941211 0.2079116515816891 0.01570731774888065
0.30000000000000004 0.30000000000000004 0.5 0.5 0.5 0.5 0.5 0.5 0.5 0.5 0.5 0.5 0.7938926155372592 0.40450850489534673 0.4539905114236869
0.43333333333333335 0.30000000000000004 0.5 0.5 0.5 0.5 0.5 0.5 0.5 0.5 0.5 0.5 0.6924421066570702 0.35281688708098335 0.6293204057702271
0.16666666666666669 0.30000000000000004 0.5 0.5 0.5 0.5 0.5 0.5 0.5 0.5 0.5 0.5 0.8606462056750458 0.4385211590182966 0.2588190521395142
0.30000000000000004 0.43333333333333335 0.5 0.5 0.5 0.5 0.5 0.5 0.5 0.5 0.5 0.5 0.6924421066570702 0.5607285835995681 0.4539905114236869
0.30000000000000004 0.16666666666666669 0.5 0.5 0.5 0.5 0.5 0.5 0.5 0.5 0.5 0.5 0.8606462056750458 0.23060946249971176 0.4539905114236869
0.16666666666666669 0.43333333333333335 0.5 0.5 0.5 0.5 0.5 0.5 0.5 0.5 0.5 0.5 0.750665341988023 0.607876831757559 0.2588190521395142
0.43333333333333335 0.43333333333333335 0.5 0.5 0.5 0.5 0.5 0.5 0.5 0.5 0.5 0.5 0.6039558268811968 0.48907380430508307 0.6293204057702271
0.43333333333333335 0.16666666666666669 0.5 0.5 0.5 0.5 0.5 0.5 0.5 0.5 0.5 0.5 0.7506653419880231 0.20114017803313441 0.6293204057702271
0.26 0.38 0.5 0.5 0.5 0.5 0.5 0.5 0.5 0.5 0.5 0.5 0.7590570105522416 0.515854630115053 0.3971479010650265
0.3333333333333333 0.3 0.5 0.5 0.5 0.5 0.5 0.5 0.5 0.5 0.5 0.5 0.7716342732378445 0.3931673126625761 0.5000000126183913
0.26666666666666666 0.3 0.5 0.5 0.5 0.5 0.5 0.5 0.5 0.5 0.5 0.5 0.8139749532392074 0.41474096737154825 0.40673665372442463
0.3 0.3333333333333333 0.5 0.5 0.5 0.5 0.5 0.5 0.5 0.5 0.5 0.5 0.7716342732378446 0.44550327036056947 0.45399051142368685
0.3 0.26666666666666666 0.5 0.5 0.5 0.5 0.5 0.5 0.5 0.5 0.5 0.5 0.8139749532392074 0.3624050096735549 0.45399051142368685
0.26666666666666666 0.3333333333333333 0.5 0.5 0.5 0.5 0.5 0.5 0.5 0.5 0.5 0.5 0.7911535630690931 0.4567727379782379 0.40673665372442463
0.26666666666666666 0.26666666666666666 0.5 0.5 0.5 0.5 0.5 0.5 0.5 0.5 0.5 0.5 0.8345652945170575 0.3715724205383314 0.40673665372442463
0.3333333333333333 0.3333333333333333 0.5 0.5 0.5 0.5 0.5 0.5 0.5 0.5 0.5 0.5 0.7499999873816084 0.43301270917745077 0.5000000126183913
0.3333333333333333 0.26666666666666666 0.5 0.5 0.5 0.5 0.5 0.5 0.5 0.5 0.5 0.5 0.7911535630690931 0.35224427181245543 0.5000000126183913
0.30833333333333335 0.3 0.5 0.5 0.5 0.5 0.5 0.5 0.5 0.5 0.5 0.5 0.7885297479455393 0.40177598728651337 0.4656145322526903
0.29166666666666663 0.3 0.5 0.5 0.5 0.5 0.5 0.5 0.5 0.5 0.5 0.5 0.7991194537087066 0.4071717120504243 0.44228870165337114
0.3 0.30833333333333335 0.5 0.5 0.5 0.5 0.5 0.5 0.5 0.5 0.5 0.5 0.7885297479455394 0.4148655832220882 0.45399051142368685
0.3 0.29166666666666663 0.5 0.5 0.5 0.5 0.5 0.5 0.5 0.5 0.5 0.5 0.7991194537087066 0.39408211611484945 0.45399051142368685
0.29166666666666663 0.30833333333333335 0.5 0.5 0.5 0.5 0.5 0.5 0.5 0.5 0.5 0.5 0.7937212780155027 0.41759697941342006 0.44228870165337114
0.29166666666666663 0.29166666666666663 0.5 0.5 0.5 0.5 0.5 0.5 0.5 0.5 0.5 0.5 0.8043807043897753 0.3966766779068115 0.44228870165337114
0.30833333333333335 0.30833333333333335 0.5 0.5 0.5 0.5 0.5 0.5 0.5 0.5 0.5 0.5 0.7832031073551085 0.41206310194484885 0.4656145322526903
0.30833333333333335 0.29166666666666663 0.5 0.5 0.5 0.5 0.5 0.5 0.5 0.5 0.5 0.5 0.7937212780155026 0.3914200303772733 0.4656145322526903
0.2975 0.3 0.5 0.5 0.5 0.5 0.5 0.5 0.5 0.5 0.5 0.5 0.7954749912793502 0.40531476563274216 0.45048804535658105
