250
 0.99167 0.73333 0.5 0.5 0.5 0.5 0.5 0.5 0.5 0.5 0.5 0.5 0.36361068055000006 0.13222431945 0.004164999999999974
 0.9351530335749529 0.8013336157947042 0.5233530318372308 0.46258630803846434 0.46175748171325715 0.5618331326455421 0.5537493438817909 0.45626741930755493 0.5293884453990936 0.4636919739944143 0.5226913829014384 0.5279017472006152 56.84605202556916 14.193200626598927 4.658539196450948
 0.9666282589935794 0.7825549796514457 0.40501364726689965 0.41374655731808085 0.457967577985946 0.42037688265563383 0.42058569364263343 0.4262413856261972 0.5571171958365285 0.5741744550769623 0.45612272760740546 0.4546025010651449 676.034430592421 185.46634312506993 47.231115160879604
 0.9683970407220509 0.7693950871452095 0.468725475186651 0.5726359973178794 0.4027607330453491 0.40770985794433157 0.49705128762336714 0.5947698455105466 0.5687555018832804 0.5146023504935676 0.5472398931549955 0.42482125239093355 85.34196459229788 26.604738884629402 7.093079957801915
 0.9526625639177152 0.7074445487488514 0.5779524944764451 0.43623869211325395 0.5058301198402956 0.5420613837759154 0.5345230755057473 0.4194793059908504 0.473112962505108 0.45450079609046246 0.5951737981883748 0.5909098923650826 51.332890970660344 20.69104200160418 3.6982842026010134
 0.9935209518578629 0.6719780931841415 0.5501551808626752 0.5881603534957767 0.5942101833490213 0.46062115095104583 0.5941030874043012 0.4828001557110809 0.40579913301062753 0.43005558970152763 0.49389370404973015 0.49927319210005766 63.004185815229846 29.195253071110802 1.908434949137777
 0.9785347039618801 0.7488620849305792 0.5814510037241156 0.5516887965359931 0.5317561866882621 0.48737453780308704 0.5739734429153551 0.47393463461052965 0.5895077611388424 0.533171963480574 0.516097033474617 0.41696821625273867 218.00259246157688 84.18639794043563 1.4881141784064826
 0.9236914595232388 0.8175247327796823 0.5098008393286264 0.5082614812739802 0.48060929544284225 0.45836215501147376 0.5077697023534611 0.5615786981772581 0.4961927821338626 0.5405204462074955 0.41416913755102297 0.47056851129759303 56.94522336692589 13.9702211178693 4.795680092250627
 0.8927076949032046 0.7273694583284015 0.49658168809408826 0.5396342187560244 0.5530568017794417 0.5098175793536515 0.44052631847107 0.5186086998224745 0.5002827053936857 0.4996739087718711 0.42122397264028527 0.5626631742861734 50.86854172946222 18.71802374577755 6.135651699625752
 0.9102498446738138 0.6907869384980614 0.43467566103550503 0.4482912620129742 0.43217948920842714 0.5269505789799035 0.4664632432410641 0.5590828932121124 0.42176012570545085 0.40216361111546023 0.5706655724278338 0.5140770670431846 99.10703820296679 38.1265602915881 9.091769093596495
 0.9332419822730968 0.6493120496700662 0.4438847765661508 0.4823996359627693 0.5675493284053051 0.5866554571051745 0.4064806663772279 0.5305529129576294 0.45957671110042764 0.5912871299291232 0.4681070068544026 0.5482792454558143 46.061535564025185 24.390746726437403 5.26993488440292
 1. 0.73333 0.5 0.5 0.5 0.5 0.5 0.5 0.5 0.5 0.5 0.5 1.1842718604737947 0.4308907746336687 -0.05638682727819808
 0.9966360000000004 0.7600000000000002 0.49999999999999994 0.5199999999999999 0.49999999999999994 0.5399999999999999 0.5599999999999999 0.5599999999999999 0.43999999999999995 0.5599999999999999 0.5599999999999999 0.5199999999999999 2071.074035317858 592.3076675842973 103.3242234515424
 0.9424710000000004 0.8000000000000003 0.43999999999999995 0.41999999999999993 0.4599999999999999 0.43999999999999995 0.5199999999999999 0.4799999999999999 0.49999999999999994 0.5199999999999999 0.43999999999999995 0.49999999999999994 262.7724721346087 64.93757159239202 19.418386466820163
 0.9749700000000003 0.6600000000000003 0.4799999999999999 0.5999999999999999 0.5599999999999999 0.5199999999999999 0.4599999999999999 0.43999999999999995 0.5399999999999999 0.43999999999999995 0.4799999999999999 0.4799999999999999 48.52268894485131 24.34619462562833 2.8180485923306273
 0.9099720000000003 0.6800000000000003 0.5999999999999999 0.49999999999999994 0.41999999999999993 0.58 0.5199999999999999 0.58 0.4799999999999999 0.5599999999999999 0.58 0.5599999999999999 395.7086903181223 169.54679584657944 7.868740664793537
 0.9749700000000003 0.7200000000000003 0.58 0.4599999999999999 0.4799999999999999 0.5599999999999999 0.3999999999999999 0.41999999999999993 0.43999999999999995 0.43999999999999995 0.4599999999999999 0.58 53.63541708753425 19.573080521074463 2.513719566256791
 0.9533040000000004 0.6600000000000003 0.49999999999999994 0.49999999999999994 0.5399999999999999 0.4599999999999999 0.58 0.4799999999999999 0.41999999999999993 0.5199999999999999 0.5399999999999999 0.5199999999999999 47.99728588914929 24.404869083276296 3.320062202439917
 0.8991390000000004 0.7000000000000003 0.5599999999999999 0.5399999999999999 0.5399999999999999 0.3999999999999999 0.43999999999999995 0.5199999999999999 0.5399999999999999 0.4599999999999999 0.41999999999999993 0.41999999999999993 26.46319013992253 7.229154178757746 3.452257152462559
 0.9208050000000003 0.8200000000000003 0.41999999999999993 0.43999999999999995 0.5999999999999999 0.5599999999999999 0.4799999999999999 0.49999999999999994 0.4799999999999999 0.4799999999999999 0.5199999999999999 0.4599999999999999 76.63295439841052 17.659757829969823 6.601201404068322
 0.9316380000000003 0.7400000000000003 0.5199999999999999 0.58 0.5199999999999999 0.49999999999999994 0.4599999999999999 0.41999999999999993 0.5599999999999999 0.5999999999999999 0.43999999999999995 0.5599999999999999 51.6787280675824 19.137414182105037 4.906074925178057
 0.9533040000000004 0.7800000000000002 0.41999999999999993 0.41999999999999993 0.43999999999999995 0.43999999999999995 0.5599999999999999 0.5599999999999999 0.58 0.3999999999999999 0.58 0.41999999999999993 135.45521984677967 42.071507143204094 12.761606340692717
 1. 0.7733300000000001 0.5 0.5 0.5 0.5 0.5 0.5 0.5 0.5 0.5 0.5 3.584251610611403 1.2915180090382616 -0.21464176974233953
 1. 0.83333 0.5 0.5 0.5 0.5 0.5 0.5 0.5 0.5 0.5 0.5 3.7550166402782956 0.602802146924046 -0.10107123100928933
 0.978334 0.7933300000000001 0.54 0.46 0.5599999999999999 0.46 0.44 0.5599999999999999 0.54 0.44 0.46 0.54 58.406532661015014 15.778767539321592 1.4861310705340725
 0.9533040000000004 0.6800000000000003 0.41999999999999993 0.49999999999999994 0.41999999999999993 0.58 0.43999999999999995 0.49999999999999994 0.4599999999999999 0.43999999999999995 0.3999999999999999 0.5399999999999999 195.72242257983174 90.24704554422523 15.136923952218401
 0.9749700000000003 0.8200000000000003 0.5199999999999999 0.41999999999999993 0.4599999999999999 0.43999999999999995 0.5399999999999999 0.41999999999999993 0.49999999999999994 0.5399999999999999 0.41999999999999993 0.4799999999999999 262.3000877677825 66.59510121513996 16.118177819035026
 0.9858030000000003 0.8200000000000003 0.4599999999999999 0.5599999999999999 0.4599999999999999 0.3999999999999999 0.41999999999999993 0.43999999999999995 0.3999999999999999 0.4599999999999999 0.58 0.41999999999999993 729.0755676711345 183.19567137206639 45.305653045863906
 0.9099720000000003 0.7400000000000003 0.49999999999999994 0.5199999999999999 0.3999999999999999 0.49999999999999994 0.41999999999999993 0.49999999999999994 0.4799999999999999 0.49999999999999994 0.43999999999999995 0.58 51.55907757008615 18.435842706900655 5.727296897878792
 0.9316380000000003 0.6800000000000003 0.58 0.4599999999999999 0.4799999999999999 0.43999999999999995 0.5199999999999999 0.5599999999999999 0.5399999999999999 0.49999999999999994 0.5999999999999999 0.5199999999999999 83.48575287134112 36.85692530840765 7.098869006544251
 0.9966360000000004 0.7000000000000003 0.4599999999999999 0.5999999999999999 0.5199999999999999 0.4799999999999999 0.5999999999999999 0.41999999999999993 0.58 0.5399999999999999 0.49999999999999994 0.4599999999999999 51.007993798901104 22.614179372368685 2.1000440035957437
 0.9099720000000003 0.7200000000000003 0.58 0.4599999999999999 0.58 0.5199999999999999 0.4599999999999999 0.5399999999999999 0.4799999999999999 0.4599999999999999 0.4799999999999999 0.58 49.55908583089996 19.610672519671887 6.552458824293735
 0.8991390000000004 0.7600000000000002 0.49999999999999994 0.5199999999999999 0.5599999999999999 0.5599999999999999 0.58 0.5599999999999999 0.41999999999999993 0.5599999999999999 0.5399999999999999 0.43999999999999995 52.93809713868684 16.417865457081962 6.366254579096712
 0.9424710000000004 0.6400000000000002 0.3999999999999999 0.5599999999999999 0.5399999999999999 0.5999999999999999 0.5399999999999999 0.4599999999999999 0.5199999999999999 0.58 0.5599999999999999 0.5399999999999999 209.18680679114664 99.28344432168244 4.727334787318058
 0.9533040000000004 0.7800000000000002 0.5599999999999999 0.43999999999999995 0.58 0.49999999999999994 0.4799999999999999 0.5999999999999999 0.5999999999999999 0.41999999999999993 0.49999999999999994 0.4599999999999999 74.03506941842339 21.893742500150456 3.434057007350872
 1. 0.7733300000000001 0.5 0.5 0.5 0.54 0.5 0.54 0.5 0.5 0.5 0.54 109.36991521829441 26.30053863926969 7.140550203029726
 0.978334 0.7733300000000001 0.5 0.5 0.5 0.46 0.5 0.46 0.5 0.5 0.5 0.46 57.4432090191475 16.83243738414011 1.6434122237985096
 1. 0.7733300000000001 0.58 0.5 0.5 0.5 0.5 0.5 0.5 0.5 0.5 0.5 57.91754325452905 17.041604381122823 0.0029658475774556317
 1. 0.7733300000000001 0.42000000000000004 0.5 0.5 0.5 0.5 0.5 0.5 0.5 0.5 0.5 58.64788841682083 17.201695959020682 0.0026760932803650155
 1. 0.7733300000000001 0.5 0.58 0.5 0.5 0.5 0.5 0.5 0.5 0.5 0.5 58.64840559320042 17.20144684402653 0.0026792924345902035
 1. 0.7733300000000001 0.5 0.42000000000000004 0.5 0.5 0.5 0.5 0.5 0.5 0.5 0.5 58.64788841682083 17.201695959020682 0.0026760932803650155
 1. 0.7733300000000001 0.5 0.5 0.58 0.5 0.5 0.5 0.5 0.5 0.5 0.5 58.64647577134709 17.201385465815154 0.002677614237100371
 1. 0.7733300000000001 0.5 0.5 0.42000000000000004 0.5 0.5 0.5 0.5 0.5 0.5 0.5 58.64788841682083 17.201695959020682 0.0026760932803650155
 1. 0.7733300000000001 0.5 0.5 0.5 0.54 0.5 0.46 0.5 0.5 0.5 0.46 58.87209205817095 17.109148435991727 0.007631233713667029
 0.978334 0.7733300000000001 0.5 0.5 0.5 0.46 0.5 0.54 0.5 0.5 0.5 0.54 875.0586349684722 230.46175165097029 40.43210268381455
 1. 0.7733300000000001 0.5 0.5 0.5 0.5 0.58 0.5 0.5 0.5 0.5 0.5 58.6478884168207 17.20169595902065 0.002676093280363292
 1. 0.7733300000000001 0.5 0.5 0.5 0.5 0.42000000000000004 0.5 0.5 0.5 0.5 0.5 58.6478884168207 17.20169595902065 0.002676093280363292
 1. 0.7733300000000001 0.5 0.5 0.5 0.46 0.5 0.54 0.5 0.5 0.5 0.46 57.44956137698491 16.98117363604669 1.1965342528255467
 0.978334 0.7733300000000001 0.5 0.5 0.5 0.54 0.5 0.46 0.5 0.5 0.5 0.54 57.18896186572232 16.76219214313488 1.6377358895029268
 1. 0.7733300000000001 0.5 0.5 0.5 0.5 0.5 0.5 0.58 0.5 0.5 0.5 58.647888416820734 17.201695959020658 0.0026760932803643325
 1. 0.7733300000000001 0.5 0.5 0.5 0.5 0.5 0.5 0.5 0.5 0.5 0.5 3.584251610611403 1.2915180090382616 -0.21464176974233953
 0.9269189798894275 0.8124997927655582 0.4426851474034333 0.4948022550844593 0.47067623534022746 0.4429047337926237 0.46087124101372234 0.47630347352388863 0.41831356062048897 0.5788006526974031 0.4285709192763481 0.5153296401154552 243.2557198477268 60.38224517178368 17.345083991951046
 0.8958342369294604 0.7746112444850061 0.5668261494317153 0.4569203363072407 0.5041667787973226 0.4932284457639857 0.43383307051701314 0.4326624171185918 0.581351898522431 0.586771066018094 0.47476905134384734 0.4318785305162609 -5136.713283783096 -856.3538918420346 -471.3357146692885
 0.9066672369294604 0.7746112444850061 0.5668261494317153 0.4569203363072407 0.5041667787973226 0.4932284457639857 0.43383307051701314 0.4326624171185918 0.581351898522431 0.586771066018094 0.47476905134384734 0.4318785305162609 -5136.132538543964 -856.136913335145 -472.13343841531025
 0.89167 0.7746112444850061 0.5668261494317153 0.4569203363072407 0.5041667787973226 0.4932284457639857 0.43383307051701314 0.4326624171185918 0.581351898522431 0.586771066018094 0.47476905134384734 0.4318785305162609 -5136.935865622123 -856.4379573474815 -471.0290673248142
 0.9749700000000003 0.7600000000000002 0.49999999999999994 0.5199999999999999 0.49999999999999994 0.5199999999999999 0.5999999999999999 0.5399999999999999 0.5599999999999999 0.3999999999999999 0.43999999999999995 0.4799999999999999 73.29165249480843 24.310926995583305 2.9868766342305717
 0.9533040000000004 0.6800000000000003 0.58 0.5199999999999999 0.4599999999999999 0.58 0.43999999999999995 0.43999999999999995 0.5199999999999999 0.49999999999999994 0.41999999999999993 0.5199999999999999 -3175.6921200004103 -419.0098004542072 -280.0360600687699
 0.9099720000000003 0.6800000000000003 0.5399999999999999 0.3999999999999999 0.5599999999999999 0.49999999999999994 0.5399999999999999 0.58 0.41999999999999993 0.5399999999999999 0.49999999999999994 0.58 90.77328640478619 39.2987517068458 7.954443506650865
 0.9858030000000003 0.8000000000000003 0.58 0.4799999999999999 0.3999999999999999 0.43999999999999995 0.5599999999999999 0.5199999999999999 0.4799999999999999 0.49999999999999994 0.5199999999999999 0.41999999999999993 56.49060418420984 14.274888301835542 2.0250643544476183
 0.9208050000000003 0.7400000000000003 0.43999999999999995 0.5599999999999999 0.5199999999999999 0.5999999999999999 0.49999999999999994 0.58 0.43999999999999995 0.58 0.4599999999999999 0.5399999999999999 51.37055896191619 19.029137584017658 5.322520628931652
 0.8991390000000004 0.7800000000000002 0.4799999999999999 0.5999999999999999 0.5599999999999999 0.3999999999999999 0.41999999999999993 0.5199999999999999 0.58 0.4599999999999999 0.3999999999999999 0.43999999999999995 20.032859547974795 5.130724196607569 2.415933058073132
 0.9533040000000004 0.83333 0.5599999999999999 0.43999999999999995 0.58 0.4799999999999999 0.4799999999999999 0.4599999999999999 0.5199999999999999 0.5399999999999999 0.5199999999999999 0.4599999999999999 72.47372501897397 16.305204990477478 4.790429662939394
 0.9208050000000003 0.6400000000000002 0.43999999999999995 0.4599999999999999 0.49999999999999994 0.5599999999999999 0.5199999999999999 0.4799999999999999 0.4599999999999999 0.5999999999999999 0.5399999999999999 0.49999999999999994 47.43352107213093 23.859581695346847 4.429114407387735
 0.9858030000000003 0.7000000000000003 0.4799999999999999 0.58 0.4799999999999999 0.43999999999999995 0.41999999999999993 0.3999999999999999 0.58 0.43999999999999995 0.5599999999999999 0.58 51.26278021907281 22.142025010538976 2.317411945253732
 0.9424710000000004 0.7200000000000003 0.41999999999999993 0.4599999999999999 0.41999999999999993 0.5399999999999999 0.5399999999999999 0.4799999999999999 0.4599999999999999 0.4599999999999999 0.58 0.49999999999999994 51.27470441352233 19.990046825072 4.45746593627123
 0.89167 0.8146112444850061 0.5668261494317153 0.4569203363072407 0.5041667787973226 0.4932284457639857 0.43383307051701314 0.4326624171185918 0.581351898522431 0.586771066018094 0.47476905134384734 0.4318785305162609 -5102.2386255296815 -891.1351974399224 -471.02906732481415
 0.89167 0.83333 0.5668261494317153 0.4569203363072407 0.5041667787973226 0.4932284457639857 0.43383307051701314 0.4326624171185918 0.581351898522431 0.586771066018094 0.47476905134384734 0.4318785305162609 -5085.993958143464 -907.3798648261401 -471.0290673248141
 0.924169 0.79333 0.4668261494317153 0.4569203363072407 0.44416677879732264 0.5532284457639857 0.4738330705170131 0.5326624171185919 0.5413518985224309 0.546771066018094 0.4547690513438473 0.5318785305162609 239.3597926743147 51.821867445152606 15.325350532603586
 0.9099720000000003 0.6600000000000003 0.4599999999999999 0.4799999999999999 0.4599999999999999 0.43999999999999995 0.58 0.5599999999999999 0.5599999999999999 0.5199999999999999 0.3999999999999999 0.49999999999999994 46.79525920601665 23.399178637373 5.527779331475865
 0.9208050000000003 0.7200000000000003 0.5599999999999999 0.49999999999999994 0.5599999999999999 0.5599999999999999 0.5599999999999999 0.5199999999999999 0.5199999999999999 0.5999999999999999 0.5599999999999999 0.5399999999999999 688.3727035591471 265.28798181949537 10.058531789877186
 0.9424710000000004 0.83333 0.4599999999999999 0.5999999999999999 0.41999999999999993 0.5199999999999999 0.41999999999999993 0.5199999999999999 0.58 0.5399999999999999 0.4799999999999999 0.58 58.00493984768894 13.40412340544441 4.313153921732226
 0.89167 0.6800000000000003 0.43999999999999995 0.4599999999999999 0.49999999999999994 0.58 0.4599999999999999 0.5999999999999999 0.5399999999999999 0.5599999999999999 0.43999999999999995 0.41999999999999993 47.50872896985375 21.95219716959353 6.2612910354182425
 0.9966360000000004 0.7800000000000002 0.5599999999999999 0.5399999999999999 0.49999999999999994 0.4599999999999999 0.4599999999999999 0.4799999999999999 0.58 0.4799999999999999 0.49999999999999994 0.43999999999999995 -149.10703507996752 -18.808297002004288 -16.917844481167393
 0.9858030000000003 0.8000000000000003 0.3999999999999999 0.5199999999999999 0.5999999999999999 0.5399999999999999 0.3999999999999999 0.43999999999999995 0.43999999999999995 0.5199999999999999 0.49999999999999994 0.3999999999999999 203.33840540988095 49.99024598516656 9.901897106634422
 0.9749700000000003 0.6400000000000002 0.5199999999999999 0.43999999999999995 0.5399999999999999 0.49999999999999994 0.5399999999999999 0.4599999999999999 0.49999999999999994 0.4599999999999999 0.5199999999999999 0.5199999999999999 48.12488215302375 25.064988569735245 2.4455178432345366
 0.9641370000000004 0.7600000000000002 0.5199999999999999 0.4599999999999999 0.58 0.3999999999999999 0.5999999999999999 0.5599999999999999 0.4799999999999999 0.43999999999999995 0.43999999999999995 0.5399999999999999 149.65692287016026 58.88044350749397 13.60623240695328
 0.9316380000000003 0.7400000000000003 0.4799999999999999 0.58 0.41999999999999993 0.49999999999999994 0.5199999999999999 0.41999999999999993 0.43999999999999995 0.4799999999999999 0.5599999999999999 0.4599999999999999 52.352362135811944 18.345602733271715 5.024252305781898
 0.9533040000000004 0.7000000000000003 0.5999999999999999 0.41999999999999993 0.4599999999999999 0.43999999999999995 0.4799999999999999 0.49999999999999994 0.3999999999999999 0.41999999999999993 0.58 0.5999999999999999 96.15986127622162 39.745848445694676 5.862434846141211
 0.956668 0.83333 0.5268261494317152 0.4569203363072407 0.5041667787973226 0.5332284457639858 0.4738330705170131 0.4726624171185918 0.581351898522431 0.586771066018094 0.5147690513438473 0.4718785305162609 58.587401408391635 13.66837684839493 3.454460303446535
 0.9133359999999999 0.83333 0.6 0.4569203363072407 0.5041667787973226 0.45322844576398574 0.4 0.4 0.581351898522431 0.586771066018094 0.43476905134384736 0.4 -6266.682535989935 -1105.0282782473294 -583.2236213593746
 0.978334 0.8333300000000001 0.6 0.4569203363072407 0.5041667787973226 0.4 0.4 0.4 0.581351898522431 0.586771066018094 0.4 0.4 364.36329496841046 93.32051351642131 22.764330484294526
 0.9783339999999999 0.69333 0.54 0.4569203363072407 0.44416677879732264 0.5532284457639858 0.44 0.54 0.44135189852243095 0.546771066018094 0.5347690513438473 0.44 51.230068264296804 22.658227173147846 1.7574924021244902
 0.9641370000000004 0.6800000000000003 0.5399999999999999 0.4799999999999999 0.4599999999999999 0.5599999999999999 0.5399999999999999 0.4799999999999999 0.5999999999999999 0.3999999999999999 0.5399999999999999 0.5199999999999999 85.02871521975068 40.19018234069204 6.438405303478432
 0.9424710000000004 0.7400000000000003 0.5599999999999999 0.3999999999999999 0.4799999999999999 0.4599999999999999 0.58 0.5399999999999999 0.5199999999999999 0.4599999999999999 0.5599999999999999 0.4599999999999999 52.31488638289463 18.937994566473176 4.469336225497797
 0.9966360000000004 0.6800000000000003 0.49999999999999994 0.5199999999999999 0.41999999999999993 0.41999999999999993 0.5199999999999999 0.5199999999999999 0.58 0.4599999999999999 0.4799999999999999 0.5399999999999999 49.981638889131325 24.5545387677811 1.1498680465447053
 0.9316380000000003 0.7600000000000002 0.49999999999999994 0.5199999999999999 0.49999999999999994 0.5999999999999999 0.3999999999999999 0.5999999999999999 0.4799999999999999 0.43999999999999995 0.41999999999999993 0.41999999999999993 53.62067490606763 17.12349957632492 4.9780426924729415
 0.89167 0.8200000000000003 0.4599999999999999 0.43999999999999995 0.3999999999999999 0.5199999999999999 0.49999999999999994 0.4799999999999999 0.49999999999999994 0.58 0.49999999999999994 0.5199999999999999 -29.36608260594494 -32.88400668253776 2.3123334427123794
 0.9749700000000003 0.7000000000000003 0.4599999999999999 0.5599999999999999 0.5599999999999999 0.5399999999999999 0.4799999999999999 0.43999999999999995 0.5399999999999999 0.49999999999999994 0.4799999999999999 0.43999999999999995 51.33510343103077 22.05396470881178 2.2698233094946945
 0.9099720000000003 0.8000000000000003 0.41999999999999993 0.58 0.4799999999999999 0.4799999999999999 0.5399999999999999 0.41999999999999993 0.43999999999999995 0.5399999999999999 0.58 0.58 55.522284412041394 13.48418005834674 6.715752704477428
 0.9424710000000004 0.7200000000000003 0.58 0.58 0.58 0.5399999999999999 0.4599999999999999 0.5399999999999999 0.4599999999999999 0.5599999999999999 0.4599999999999999 0.41999999999999993 57.50477249542352 22.74603876292652 3.592834760375114
 0.9208050000000003 0.6400000000000002 0.5199999999999999 0.4799999999999999 0.5199999999999999 0.4599999999999999 0.43999999999999995 0.4599999999999999 0.5199999999999999 0.58 0.3999999999999999 0.5599999999999999 46.40319013584009 23.81277284181133 5.506254197214081
 0.9858030000000003 0.7800000000000002 0.41999999999999993 0.4599999999999999 0.5599999999999999 0.41999999999999993 0.58 0.5599999999999999 0.41999999999999993 0.49999999999999994 0.5599999999999999 0.49999999999999994 244.24962405373898 85.84558853508118 14.021792202846562
 0.89167 0.83333 0.6 0.4969203363072407 0.5441667787973227 0.41322844576398576 0.4 0.4 0.6 0.586771066018094 0.4 0.4 29.450223568383223 7.1580976977664115 4.436209478851275
 1. 0.83333 0.52 0.5369203363072407 0.5841667787973226 0.4 0.4 0.4 0.6 0.586771066018094 0.4 0.4 33.485776609067436 8.166695511036005 -3.898076986274186
 0.89167 0.83333 0.5599999999999999 0.4 0.5441667787973227 0.41322844576398576 0.4 0.4 0.6 0.586771066018094 0.4 0.4 366.6208232377859 90.204931029056 25.471849925293718
 0.89167 0.83333 0.5599999999999999 0.4969203363072407 0.4 0.41322844576398576 0.4 0.4 0.6 0.586771066018094 0.4 0.4 450.2684637289578 115.77619398915745 35.59406867229739
 0.89167 0.83333 0.5599999999999999 0.4969203363072407 0.5441667787973227 0.41322844576398576 0.4 0.4 0.4 0.586771066018094 0.4 0.4 667.0157189604619 171.82461282657917 49.52845148599937
 0.9133359999999999 0.63333 0.6 0.4569203363072407 0.5041667787973226 0.45322844576398574 0.4 0.4 0.581351898522431 0.586771066018094 0.43476905134384736 0.4 45.250422364504885 24.192994186182585 6.278800624178076
 0.9133359999999999 0.83333 0.6 0.4569203363072407 0.5041667787973226 0.45322844576398574 0.4 0.4 0.581351898522431 0.6 0.43476905134384736 0.4 -6793.166674093428 -1197.6305345977516 -630.9696081997581
 0.9783339999999999 0.69333 0.44 0.5569203363072407 0.5441667787973227 0.45322844576398574 0.54 0.54 0.46135189852243097 0.44 0.47476905134384734 0.54 87.6524012970702 37.45116600609329 4.18298404817637
 0.9133359999999999 0.83333 0.6 0.4569203363072407 0.5041667787973226 0.45322844576398574 0.4 0.4 0.581351898522431 0.6 0.43476905134384736 0.4 -6793.166674093428 -1197.6305345977516 -630.9696081997581
 0.9126633533543247 0.670991784975245 0.5406691133092785 0.5993803781595501 0.5088132548306168 0.4029323065753403 0.5889095064087094 0.42271385302364684 0.5166986215106907 0.5293865231167028 0.5165563407718567 0.5264923277279577 46.84398553481708 22.889015208351683 5.989216431696786
 0.9328634700931414 0.7959322877876187 0.5088060736024766 0.49729449871398845 0.5676200134650851 0.4518644058592302 0.4745659965077802 0.535079601280177 0.45238620846820676 0.43278956144880265 0.5641723448420345 0.4352627999976424 56.59779537753058 14.018266712651185 5.106155084683785
 0.9618431509242629 0.680555830333127 0.4954044418165936 0.43843685488645845 0.589471346286468 0.5207522318467387 0.48662224229579376 0.44404129209090987 0.5725120515545159 0.5827074070281133 0.41289728693964367 0.5556547334593849 49.457626687814724 23.33124612290967 2.933344364141164
 0.9018589782374913 0.7576430120272546 0.4146304543676392 0.4113683712182959 0.42023478501481815 0.5180158506422341 0.501583497948382 0.48581930495002756 0.4204658741085944 0.48429068891897115 0.5254219523969623 0.47144753451725646 559.9094066978275 161.0878700514024 41.322523102066974
 0.917978913926471 0.7487589040703859 0.5976778950350541 0.5531209046517315 0.4645596846203692 0.5631856678154286 0.5790280663778605 0.40724888258782427 0.5212384425153114 0.4656094927959166 0.4844946225044538 0.5955230263936154 59.43829962749038 21.090328677584047 6.622961739041316
 0.9707935417556336 0.7308206165752305 0.5615126805197244 0.5117006423817251 0.4500861402857318 0.4797066341386425 0.4105485810317445 0.5763351981705835 0.5837699772659154 0.5670337806518734 0.447993833401239 0.4084728444527073 93.64144003104929 41.61943559069378 2.365316114219114
 0.9809950789912196 0.7121673258660635 0.522933152183642 0.5253882325313493 0.4852741631784649 0.49583922305047495 0.5214962623737511 0.5495028397928697 0.40883152350988977 0.5491192867441846 0.5548933904652701 0.4956486128400193 970.1291082753411 339.0275421997804 51.905056552594466
 0.9428705952690806 0.8162278803574335 0.4556179786230479 0.5606980971202017 0.4162726111794526 0.43085106975651605 0.45321144070318237 0.47026453285251385 0.46249735319113766 0.5120613160431527 0.5971239318459117 0.519861237867703 57.46089921809441 13.897001977399057 4.3643159793720665
 0.9473546005774914 0.6526000081410049 0.4630978297542543 0.4562282529464523 0.5229745165498403 0.5884100005469308 0.42034085704952967 0.5004641989200526 0.5422731557260904 0.4491434660621787 0.4692415571699947 0.45094343999189873 47.13328073491327 24.67760524540216 3.9113311945500784
 0.998664359706513 0.7733711016121603 0.43969058434006075 0.4699997433251701 0.5493768424888553 0.5594171845306217 0.55477931757336 0.5891661521580922 0.48422515317896037 0.41021664756122433 0.4341860346668833 0.5644259631131836 89.91297108910317 30.069788232240718 2.0061780350867746
 0.9241689999999999 0.83333 0.6 0.4569203363072407 0.5041667787973226 0.45322844576398574 0.4 0.4 0.581351898522431 0.6 0.43476905134384736 0.4 -6792.894633644311 -1197.1048513008504 -631.76733194578
 0.9025029999999999 0.83333 0.6 0.4569203363072407 0.5041667787973226 0.45322844576398574 0.4 0.4 0.581351898522431 0.6 0.43476905134384736 0.4 -6793.5150516538315 -1198.079880783367 -630.1718844537361
 0.89167 0.83333 0.6 0.4569203363072407 0.5041667787973226 0.45322844576398574 0.4 0.4 0.581351898522431 0.6 0.43476905134384736 0.4 -6793.842598078385 -1198.5500581048336 -629.3741607077143
 0.9749700000000003 0.6600000000000003 0.43999999999999995 0.4799999999999999 0.5599999999999999 0.4599999999999999 0.4799999999999999 0.4799999999999999 0.49999999999999994 0.5199999999999999 0.5199999999999999 0.4599999999999999 48.61722824018069 25.037159389279363 1.992503999480878
 0.9099720000000003 0.6800000000000003 0.4799999999999999 0.5399999999999999 0.5199999999999999 0.4599999999999999 0.5599999999999999 0.4599999999999999 0.5399999999999999 0.43999999999999995 0.5399999999999999 0.43999999999999995 47.21047087448614 22.115245928332747 6.3965003720466385
 0.9966360000000004 0.6400000000000002 0.41999999999999993 0.5199999999999999 0.4799999999999999 0.58 0.5999999999999999 0.4599999999999999 0.5199999999999999 0.4599999999999999 0.5599999999999999 0.4599999999999999 69.69306619316448 36.71320374315074 3.218865188748746
 0.9208050000000003 0.7800000000000002 0.49999999999999994 0.5399999999999999 0.43999999999999995 0.5399999999999999 0.5199999999999999 0.5599999999999999 0.41999999999999993 0.5399999999999999 0.58 0.5999999999999999 658.0718075743944 204.36817250964867 45.39157789916023
 0.9208050000000003 0.7400000000000003 0.58 0.4599999999999999 0.4599999999999999 0.41999999999999993 0.41999999999999993 0.41999999999999993 0.41999999999999993 0.58 0.49999999999999994 0.5599999999999999 51.329008402446235 17.84032943777879 6.55287933464049
 0.8991390000000004 0.7200000000000003 0.58 0.41999999999999993 0.43999999999999995 0.41999999999999993 0.41999999999999993 0.5399999999999999 0.58 0.43999999999999995 0.4799999999999999 0.4799999999999999 50.04552112464599 19.163665937147645 6.513030113071902
 0.9858030000000003 0.8200000000000003 0.41999999999999993 0.4599999999999999 0.5399999999999999 0.5399999999999999 0.4799999999999999 0.41999999999999993 0.49999999999999994 0.3999999999999999 0.43999999999999995 0.5199999999999999 310.64318269648476 77.85453692623737 19.49252108855364
 0.9641370000000004 0.7800000000000002 0.4799999999999999 0.5999999999999999 0.5399999999999999 0.49999999999999994 0.5399999999999999 0.49999999999999994 0.43999999999999995 0.5399999999999999 0.3999999999999999 0.41999999999999993 56.70107021150273 16.092052201716676 2.929094761646139
 0.9424710000000004 0.8000000000000003 0.5199999999999999 0.43999999999999995 0.58 0.49999999999999994 0.43999999999999995 0.5599999999999999 0.4799999999999999 0.5999999999999999 0.58 0.5599999999999999 121.515749324617 34.12813580680763 8.750974544818224
 0.9533040000000004 0.7000000000000003 0.5599999999999999 0.5599999999999999 0.3999999999999999 0.58 0.5199999999999999 0.58 0.5999999999999999 0.4799999999999999 0.4599999999999999 0.5399999999999999 271.1289177422817 111.52141378928057 1.8852925724454817
 0.89167 0.7533299999999999 0.6 0.4569203363072407 0.5041667787973226 0.45322844576398574 0.4 0.4 0.581351898522431 0.6 0.43476905134384736 0.4 -6862.839719175935 -1129.552937007279 -629.3741607077139
 0.89167 0.63333 0.6 0.4569203363072407 0.5041667787973226 0.45322844576398574 0.4 0.4 0.581351898522431 0.6 0.43476905134384736 0.4 45.11996936331452 24.1715080619113 6.430739749639719
 0.9675009999999999 0.77333 0.5599999999999999 0.4569203363072407 0.5441667787973227 0.45322844576398574 0.44 0.44 0.561351898522431 0.54 0.5547690513438474 0.44 55.96836393652218 17.326988414418217 2.4268648239251323
 0.8991390000000004 0.6800000000000003 0.49999999999999994 0.5599999999999999 0.5199999999999999 0.5399999999999999 0.43999999999999995 0.5199999999999999 0.49999999999999994 0.4599999999999999 0.5599999999999999 0.58 47.635658009051454 21.82773735241454 6.258821813399575
 0.9858030000000003 0.8200000000000003 0.41999999999999993 0.5199999999999999 0.58 0.5999999999999999 0.5199999999999999 0.5999999999999999 0.4799999999999999 0.3999999999999999 0.58 0.5199999999999999 140.55873796021208 39.69333227828616 3.6332054905959774
 0.9749700000000003 0.7400000000000003 0.5199999999999999 0.49999999999999994 0.4799999999999999 0.43999999999999995 0.41999999999999993 0.5399999999999999 0.58 0.4799999999999999 0.4799999999999999 0.41999999999999993 55.228473074278995 18.441660580496603 2.0520835200899366
 0.9424710000000004 0.7600000000000002 0.5399999999999999 0.41999999999999993 0.41999999999999993 0.5199999999999999 0.5999999999999999 0.4599999999999999 0.5399999999999999 0.49999999999999994 0.5599999999999999 0.5399999999999999 54.06229560369685 17.545276143182395 4.114645427986267
 0.9858030000000003 0.7800000000000002 0.41999999999999993 0.41999999999999993 0.41999999999999993 0.4799999999999999 0.5599999999999999 0.41999999999999993 0.3999999999999999 0.5599999999999999 0.41999999999999993 0.5999999999999999 472.68974248741904 133.95831734012964 31.00495645109316
 0.9208050000000003 0.6600000000000003 0.43999999999999995 0.49999999999999994 0.58 0.4799999999999999 0.49999999999999994 0.41999999999999993 0.43999999999999995 0.43999999999999995 0.4799999999999999 0.43999999999999995 455.8077702490043 231.13530912352866 66.94025812486979
 0.9533040000000004 0.7000000000000003 0.4599999999999999 0.5999999999999999 0.49999999999999994 0.5599999999999999 0.5599999999999999 0.4599999999999999 0.43999999999999995 0.4599999999999999 0.41999999999999993 0.5399999999999999 93.28790433707391 45.811648251530535 7.255309908931763
 0.9641370000000004 0.7200000000000003 0.5199999999999999 0.4599999999999999 0.49999999999999994 0.4599999999999999 0.4599999999999999 0.58 0.58 0.5999999999999999 0.43999999999999995 0.4799999999999999 52.70715312983816 19.57933029192624 3.4357337531011156
 0.9099720000000003 0.6400000000000002 0.58 0.58 0.43999999999999995 0.5399999999999999 0.5199999999999999 0.49999999999999994 0.5399999999999999 0.5199999999999999 0.5199999999999999 0.4799999999999999 45.884298110624506 24.517735319129475 5.320183745111606
 0.9208050000000003 0.8000000000000003 0.58 0.4599999999999999 0.5599999999999999 0.3999999999999999 0.43999999999999995 0.5199999999999999 0.4599999999999999 0.5599999999999999 0.5399999999999999 0.43999999999999995 55.610749296911244 14.560887508301295 5.550580369652999
 0.89167 0.63333 0.5599999999999999 0.4569203363072407 0.5041667787973226 0.4932284457639857 0.44 0.44 0.581351898522431 0.6 0.47476905134384734 0.44 45.979921640557585 24.03930446737684 5.702991066931094
 0.89167 0.7133299999999999 0.6 0.4569203363072407 0.5041667787973226 0.41322844576398576 0.4 0.4 0.581351898522431 0.6 0.4 0.4 146.01194694960537 48.03906990913019 12.928246033777514
 0.9133359999999999 0.7133299999999999 0.6 0.4569203363072407 0.5041667787973226 0.5732284457639857 0.4 0.4 0.581351898522431 0.6 0.4 0.4 -7188.625490730066 -1168.5798799560368 -649.5862322229505
 0.978334 0.63333 0.5999999999999999 0.4569203363072407 0.5041667787973226 0.6 0.39999999999999997 0.39999999999999997 0.581351898522431 0.6 0.4 0.39999999999999997 85.11299004997392 43.93108423305406 4.917849891229027
 0.9675009999999999 0.7533299999999999 0.45999999999999996 0.5569203363072407 0.44416677879732264 0.5532284457639857 0.54 0.44 0.5413518985224309 0.54 0.48 0.54 55.34417768884903 17.92013204652094 2.4579074394955884
 0.9858030000000003 0.8000000000000003 0.5399999999999999 0.5399999999999999 0.4799999999999999 0.5599999999999999 0.5599999999999999 0.5599999999999999 0.3999999999999999 0.5399999999999999 0.4599999999999999 0.4599999999999999 58.11775903448904 15.26360449486542 2.2928197133211135
 0.9641370000000004 0.6600000000000003 0.43999999999999995 0.5199999999999999 0.43999999999999995 0.4599999999999999 0.43999999999999995 0.58 0.49999999999999994 0.5999999999999999 0.5599999999999999 0.5399999999999999 97.79645311625913 40.27664815118328 6.886862178454058
 0.9533040000000004 0.6800000000000003 0.5999999999999999 0.41999999999999993 0.5199999999999999 0.43999999999999995 0.5399999999999999 0.49999999999999994 0.5199999999999999 0.41999999999999993 0.3999999999999999 0.5399999999999999 54.6895460753595 25.380455893403603 3.5313873024311118
 0.9966360000000004 0.7600000000000002 0.5199999999999999 0.5599999999999999 0.5599999999999999 0.49999999999999994 0.5999999999999999 0.4599999999999999 0.43999999999999995 0.58 0.5999999999999999 0.5599999999999999 690.9087774836058 253.8903756554512 2.2227153754333164
 0.9316380000000003 0.6400000000000002 0.5599999999999999 0.49999999999999994 0.58 0.49999999999999994 0.4599999999999999 0.41999999999999993 0.41999999999999993 0.5399999999999999 0.49999999999999994 0.43999999999999995 45.84909377823528 24.893895433225698 4.979227963404563
 0.9424710000000004 0.8200000000000003 0.5599999999999999 0.5199999999999999 0.5199999999999999 0.5599999999999999 0.5599999999999999 0.43999999999999995 0.49999999999999994 0.5199999999999999 0.5399999999999999 0.43999999999999995 98.89094908676539 22.854605120491502 5.961016415045005
 0.8991390000000004 0.7600000000000002 0.49999999999999994 0.3999999999999999 0.3999999999999999 0.5199999999999999 0.3999999999999999 0.5199999999999999 0.5599999999999999 0.43999999999999995 0.43999999999999995 0.5999999999999999 101.73294855997231 31.94235193724461 9.649927871759953
 0.8991390000000004 0.7000000000000003 0.4599999999999999 0.4599999999999999 0.4599999999999999 0.3999999999999999 0.4799999999999999 0.4599999999999999 0.5999999999999999 0.3999999999999999 0.5399999999999999 0.49999999999999994 91.12915319637703 42.895714971263104 9.752796509725066
 0.9133359999999999 0.7133299999999999 0.6 0.4569203363072407 0.5041667787973226 0.5732284457639857 0.4 0.4 0.581351898522431 0.6 0.4 0.4 -7188.625490730066 -1168.5798799560368 -649.5862322229505
 0.9392348236692163 0.688974705327145 0.5608243804473487 0.41343478411748885 0.5337728012431815 0.58553193495272 0.4915608371076083 0.47998897340148433 0.5123756635078173 0.5498911275085739 0.4413717287130122 0.41163138226411106 85.22848319197183 39.490390827091865 7.917092632941175
 0.9184542414478769 0.6347439273300334 0.41041590041723475 0.49333585268662683 0.5661134253689352 0.46596795884565634 0.41196363967656247 0.4867578073606728 0.5296243722992074 0.46996062007964606 0.5693094149626114 0.46619544495041376 45.89735743217266 24.534576325704577 5.290283416988318
 0.9772035628909489 0.8015087078939794 0.5214109289416603 0.4550134802970601 0.4232096372691937 0.538684605839356 0.5742897032933053 0.4406032031170566 0.40761743245823717 0.4412319580282159 0.4691885072060834 0.5347151459042716 144.02492465094718 33.948506050165406 7.468070154914227
 0.9267683702196764 0.8285617155979648 0.5495598312768992 0.584862117973357 0.5844607116012975 0.4840466449186315 0.507611411071292 0.4061017008559084 0.43611309742464527 0.4931142162469016 0.5002528097201727 0.4421455917745236 56.768947770317475 13.369672550911625 5.583596853636464
 0.9037549499086989 0.7637944454620929 0.5803100175504363 0.5240636409362927 0.5527655541321183 0.44605816524151204 0.5423936685459674 0.5445338008097684 0.4663247426939953 0.5126931416272869 0.5332009982860649 0.570264546538299 400.7760359987744 160.15881211572304 45.456382105894996
 0.9572546049497911 0.6951484775164859 0.4581686561038179 0.46796510061434593 0.4996266667311142 0.5080729937805033 0.5328062935715556 0.5989713954690311 0.49109144822486944 0.5866553218911065 0.4851570913673279 0.4896911507774357 471.3986658459683 211.04135229507185 32.07963386966739
 0.9939095201827305 0.6547115874237058 0.5154909795232795 0.5524081971804631 0.46796505043934217 0.5639973432207473 0.4409247854586981 0.5100959042296969 0.5845756843883022 0.5226764744805816 0.5534079596571178 0.5950122732936899 319.44446776345245 139.0985167462024 0.809885642227568
 0.9808508405107677 0.7389354501388234 0.4753683467245121 0.5653592580755612 0.5061477420539939 0.43024762980412873 0.4626419825951201 0.5225157081900433 0.4420467901793418 0.5629523864954133 0.42088454970179234 0.43093171538108305 54.601184547832105 19.03009827206251 2.0909343549709023
 0.8954327150174588 0.7901488503703147 0.48760714755570683 0.5133520782676879 0.4481373398118041 0.5533197156231198 0.5922280154964485 0.579748825533257 0.5634911794037305 0.4112629894612504 0.40212307596162966 0.5411267009938896 54.526254795887716 14.640082392347278 6.555879986630515
 0.9470492355245159 0.7201077309349686 0.43558771322378603 0.4384137948133084 0.40091845170150475 0.4051121397421491 0.42896982364565367 0.42949631872808014 0.5531783209213005 0.4261953958697141 0.5923176170588279 0.5048600403370476 662.2090316149909 242.818982846009 47.63305339268425
 0.9241689999999999 0.7133299999999999 0.6 0.4569203363072407 0.5041667787973226 0.5732284457639857 0.4 0.4 0.581351898522431 0.6 0.4 0.4 -7188.0338323879605 -1168.3738145521215 -650.383955968972
 0.9025029999999999 0.7133299999999999 0.6 0.4569203363072407 0.5041667787973226 0.5732284457639857 0.4 0.4 0.581351898522431 0.6 0.4 0.4 -7189.218157781825 -1168.7849366503008 -648.7885084769288
 0.89167 0.7133299999999999 0.6 0.4569203363072407 0.5041667787973226 0.5732284457639857 0.4 0.4 0.581351898522431 0.6 0.4 0.4 -7189.810526663996 -1168.9902915141497 -647.990784730907
 0.9099720000000003 0.7400000000000003 0.5199999999999999 0.4799999999999999 0.5199999999999999 0.4799999999999999 0.3999999999999999 0.4799999999999999 0.5399999999999999 0.5999999999999999 0.5599999999999999 0.3999999999999999 51.674598595312176 17.779155407871283 6.268463171682069
 0.9208050000000003 0.6400000000000002 0.41999999999999993 0.43999999999999995 0.41999999999999993 0.43999999999999995 0.4799999999999999 0.5999999999999999 0.4799999999999999 0.3999999999999999 0.43999999999999995 0.5999999999999999 142.92146540253322 77.0006187165551 13.47119812128085
 0.8991390000000004 0.7600000000000002 0.5199999999999999 0.4599999999999999 0.4599999999999999 0.5399999999999999 0.5199999999999999 0.43999999999999995 0.58 0.5399999999999999 0.43999999999999995 0.5199999999999999 -3431.0964621972066 -520.4447336264506 -318.8177754952666
 0.9533040000000004 0.7200000000000003 0.3999999999999999 0.5199999999999999 0.58 0.49999999999999994 0.5399999999999999 0.5599999999999999 0.3999999999999999 0.4799999999999999 0.4599999999999999 0.5599999999999999 52.23547370022108 20.160750203139877 3.3259932715045757
 0.9641370000000004 0.7800000000000002 0.4599999999999999 0.5599999999999999 0.41999999999999993 0.58 0.43999999999999995 0.5199999999999999 0.5599999999999999 0.43999999999999995 0.5999999999999999 0.41999999999999993 56.11881030273497 16.32569536909501 3.2777115030355333
 0.9749700000000003 0.7000000000000003 0.4799999999999999 0.41999999999999993 0.4799999999999999 0.5399999999999999 0.5599999999999999 0.41999999999999993 0.5199999999999999 0.5599999999999999 0.5399999999999999 0.4599999999999999 51.2457624634701 21.970118744525966 2.506335966869468
 0.9858030000000003 0.6600000000000003 0.4799999999999999 0.5199999999999999 0.5399999999999999 0.4599999999999999 0.4599999999999999 0.5599999999999999 0.49999999999999994 0.4599999999999999 0.5199999999999999 0.4599999999999999 48.83914686042951 24.78549978544237 2.0083540821826014
 0.9208050000000003 0.8200000000000003 0.5599999999999999 0.5999999999999999 0.43999999999999995 0.41999999999999993 0.4799999999999999 0.4599999999999999 0.4599999999999999 0.5199999999999999 0.41999999999999993 0.58 56.17452775112606 13.585101713140519 5.962587710598988
 0.9966360000000004 0.8000000000000003 0.58 0.41999999999999993 0.5199999999999999 0.5199999999999999 0.58 0.41999999999999993 0.5599999999999999 0.49999999999999994 0.5599999999999999 0.49999999999999994 90.97265405710127 21.796699425554735 3.062242273142658
 0.9316380000000003 0.7000000000000003 0.58 0.5599999999999999 0.5999999999999999 0.58 0.5599999999999999 0.5399999999999999 0.43999999999999995 0.5399999999999999 0.4799999999999999 0.5399999999999999 676.4799308550631 277.86476799125074 7.642724375604984
 0.89167 0.79333 0.6 0.4569203363072407 0.5041667787973226 0.5732284457639857 0.4 0.4 0.581351898522431 0.6 0.4 0.4 -7120.42049048105 -1238.3803276970962 -647.9907847309071
 0.89167 0.6333299999999998 0.6 0.4569203363072407 0.5041667787973226 0.5732284457639857 0.4 0.4 0.581351898522431 0.6 0.4 0.4 80.71362811066578 41.40963836992615 9.417274583392087
 0.89167 0.7133299999999999 0.52 0.4569203363072407 0.5041667787973226 0.5732284457639857 0.4 0.4 0.581351898522431 0.6 0.4 0.4 -7039.086737569865 -1130.3179920164414 -638.3678665252083
 0.89167 0.7133299999999999 0.6 0.5369203363072407 0.5041667787973226 0.5732284457639857 0.4 0.4 0.581351898522431 0.6 0.4 0.4 -8531.01374736944 -1411.283583404979 -761.0013403618032
 0.89167 0.7133299999999999 0.6 0.6 0.5041667787973226 0.5732284457639857 0.4 0.4 0.581351898522431 0.6 0.4 0.4 -9588.356712800665 -1602.5209613891247 -850.1096883984128
 0.9133359999999999 0.7333299999999999 0.54 0.5599999999999999 0.5441667787973227 0.5332284457639856 0.44 0.44 0.5413518985224309 0.44 0.44 0.54 -96.09665551256482 64.52637068529708 -6.339235661411832
 0.9641370000000004 0.7000000000000003 0.5199999999999999 0.43999999999999995 0.49999999999999994 0.3999999999999999 0.58 0.49999999999999994 0.49999999999999994 0.5199999999999999 0.5999999999999999 0.4599999999999999 89.03897961026198 37.00816997416917 4.866273859366474
 0.9424710000000004 0.7600000000000002 0.41999999999999993 0.49999999999999994 0.43999999999999995 0.43999999999999995 0.5399999999999999 0.41999999999999993 0.43999999999999995 0.5399999999999999 0.43999999999999995 0.5999999999999999 161.94557725543083 45.01127720735094 11.176467512640505
 0.8991390000000004 0.6800000000000003 0.5399999999999999 0.3999999999999999 0.5999999999999999 0.4799999999999999 0.58 0.5199999999999999 0.58 0.49999999999999994 0.5199999999999999 0.3999999999999999 47.21434346927082 22.115230707521757 6.3926429980730175
 0.8991390000000004 0.6600000000000003 0.4599999999999999 0.5999999999999999 0.5599999999999999 0.5199999999999999 0.43999999999999995 0.4599999999999999 0.5199999999999999 0.58 0.41999999999999993 0.5399999999999999 46.59892896290179 23.358502627638202 5.764785584325588
 0.9533040000000004 0.6400000000000002 0.4799999999999999 0.4799999999999999 0.41999999999999993 0.5199999999999999 0.43999999999999995 0.5199999999999999 0.43999999999999995 0.3999999999999999 0.5599999999999999 0.58 46.96833097558464 24.8857546866098 3.8681315126710847
 0.9749700000000003 0.8200000000000003 0.5599999999999999 0.5599999999999999 0.58 0.5999999999999999 0.4799999999999999 0.58 0.5399999999999999 0.4599999999999999 0.58 0.49999999999999994 688.0104437011769 219.48440402451322 2.5226882312410033
 0.9858030000000003 0.7600000000000002 0.5999999999999999 0.4599999999999999 0.5399999999999999 0.5599999999999999 0.5399999999999999 0.41999999999999993 0.41999999999999993 0.41999999999999993 0.5399999999999999 0.49999999999999994 114.49163794598391 30.422136113708273 5.23776074152005
 0.9316380000000003 0.8200000000000003 0.49999999999999994 0.5399999999999999 0.4599999999999999 0.4599999999999999 0.41999999999999993 0.58 0.58 0.43999999999999995 0.41999999999999993 0.41999999999999993 57.80113902723117 13.08823980762701 4.832838340007329
 0.9208050000000003 0.7200000000000003 0.49999999999999994 0.5399999999999999 0.49999999999999994 0.5599999999999999 0.5199999999999999 0.4799999999999999 0.4799999999999999 0.49999999999999994 0.4599999999999999 0.4599999999999999 55.68016008074261 -3.3720730744117304 0.09785500530959013
 0.9966360000000004 0.7800000000000002 0.43999999999999995 0.49999999999999994 0.41999999999999993 0.4599999999999999 0.4799999999999999 0.5599999999999999 0.49999999999999994 0.5599999999999999 0.49999999999999994 0.5599999999999999 1871.8906996268724 518.0512594155182 95.42518456616682
 0.89167 0.6733299999999999 0.6 0.6 0.5041667787973226 0.4932284457639857 0.4 0.4 0.6 0.5599999999999999 0.4 0.4 29.713875485158997 8.204615450828376 4.597084943484932
 0.9133359999999999 0.83333 0.6 0.6 0.5041667787973226 0.4932284457639857 0.4 0.4 0.6 0.5599999999999999 0.4 0.4 -1758.0595531463753 -313.94802814017737 -158.09080399325663
 0.9133359999999999 0.6733299999999999 0.4 0.6 0.5041667787973226 0.4932284457639857 0.4 0.4 0.6 0.5599999999999999 0.4 0.4 131.48098419932612 69.53098817982038 13.09944290594415
 0.89167 0.7533299999999999 0.5599999999999999 0.6 0.5041667787973226 0.6 0.44 0.44 0.5413518985224309 0.6 0.44 0.44 51.87853137314171 17.372401000083304 6.471284801640502
 0.89167 0.7133299999999999 0.6 0.6 0.6 0.5732284457639857 0.4 0.4 0.581351898522431 0.6 0.4 0.4 76.25742745674421 33.281579166694755 8.847664453345448
 0.89167 0.7133299999999999 0.6 0.6 0.4 0.5732284457639857 0.4 0.4 0.581351898522431 0.6 0.4 0.4 49.375388228997565 19.107741341726516 6.864664476542157
 0.935002 0.6333299999999998 0.6 0.6 0.5041667787973226 0.6 0.4 0.4 0.6 0.52 0.4 0.4 -6558.355268659481 -993.0279325192764 -570.0272383012857
 0.9133359999999999 0.6733299999999999 0.6 0.6 0.5041667787973226 0.4932284457639857 0.6 0.4 0.6 0.5599999999999999 0.4 0.4 101.34192100872397 48.705036579299 11.086406835366972
 0.9133359999999999 0.6733299999999999 0.6 0.6 0.5041667787973226 0.4932284457639857 0.4 0.6 0.6 0.5599999999999999 0.4 0.4 86.24818130143478 45.09939578876116 6.018318168336452
 0.9133359999999999 0.6733299999999999 0.6 0.6 0.5041667787973226 0.4932284457639857 0.4 0.4 0.4 0.5599999999999999 0.4 0.4 131.4809841993261 69.53098817982037 13.09944290594415
 0.89167 0.7133299999999999 0.6 0.6 0.5041667787973226 0.5732284457639857 0.4 0.4 0.581351898522431 0.6 0.4 0.4 -9588.356712800665 -1602.5209613891247 -850.1096883984128
 0.979358720477205 0.7209926818691526 0.4509568945390538 0.5410544664508324 0.5470708934560118 0.5561798761077644 0.5508554238339084 0.5880909936242017 0.4366485835650583 0.4720497501855832 0.578736274060499 0.5525067346758458 491.2013174245179 196.9347484815293 2.6878829433295492
 0.9019367467599838 0.8195393319432366 0.5514374277161987 0.4326792036678361 0.4276349286194041 0.5815012946216159 0.5029133358790803 0.5614010760796725 0.5857285285475031 0.4046640090655219 0.48643952290211795 0.5835637760682879 55.83387874938707 13.421688168917377 6.466650256561071
 0.936319765707378 0.6478727057925944 0.5399005523649745 0.4787597357059735 0.5377408174466669 0.5254524987063959 0.41378041677497807 0.4980854477915181 0.49431004989759764 0.4539760807095971 0.5309631948664233 0.49042445397712864 47.371003032437 24.149033845867148 4.190913672958451
 0.9098162419437287 0.7890108795956152 0.5179868221604235 0.4127335787966693 0.504176874320064 0.4996117572951158 0.5815056404940564 0.522488570409475 0.5589643679696518 0.5886760327426428 0.44545425844971426 0.5186729604608084 55.20629564532028 14.290911087469569 6.225010442075693
 0.9186550566159519 0.8075699331727624 0.4136464958809425 0.45871756590407287 0.4765596669438667 0.5044179845425343 0.4429846435885375 0.5025851838715806 0.4798639370267894 0.5066495277701527 0.4226577177230869 0.42182310731192657 717.5454449249245 183.14107719850367 52.580609431552084
 0.9254510429709079 0.7668779313259824 0.5935455278711267 0.4925118535972461 0.45251627484162255 0.4692410208725466 0.46278780644824447 0.5520965796830357 0.5638604073794233 0.5705775394222181 0.5433508178133869 0.5347381045657066 54.01005769926207 16.37104258111708 5.341116894486434
 0.9628112743693411 0.7366819602574761 0.49501409774995736 0.590485893522968 0.5963551763110689 0.5662770014084589 0.49528772810364324 0.43467102838556076 0.5225613575062159 0.42080628996733727 0.5863361574118808 0.5752866691898757 369.7275358683369 149.72347376030942 3.0508159379792055
 0.989544369263269 0.6549682595062345 0.4649979391100346 0.5631073191163846 0.4832356805082494 0.4420643202406504 0.574306992118784 0.40800397879630423 0.41424253844987663 0.4845542497617552 0.465801611069078 0.4474139597563571 168.38155956052321 89.99220667254745 12.231873765280307
 0.9460981454029154 0.704680595990976 0.4330953478657397 0.5352459337132158 0.4074366855405822 0.4388000344901346 0.5237589466301164 0.441815470694987 0.5061263344451148 0.5518683544713697 0.509622254187619 0.47526130166260094 50.61346657911672 20.77126219525354 4.337488400495325
 0.9686840181371574 0.6895665864208519 0.5650453411659797 0.5128856340173831 0.5687504319447909 0.4182867041691874 0.4321218597730906 0.46198914968454957 0.44535006260623927 0.5361834910968746 0.41686394632255286 0.40498269579954976 167.74615251960194 87.14837040907719 9.409041091149717
 0.9025029999999999 0.7133299999999999 0.6 0.6 0.5041667787973226 0.5732284457639857 0.4 0.4 0.581351898522431 0.6 0.4 0.4 -9587.94685825143 -1602.1330921923434 -850.9074121444347
 0.935002 0.7133299999999999 0.6 0.6 0.5041667787973226 0.5732284457639857 0.4 0.4 0.581351898522431 0.6 0.4 0.4 -9586.841619482604 -1600.84515972311 -853.3005833825005
 1. 0.7133299999999999 0.6 0.6 0.5041667787973226 0.5732284457639857 0.4 0.4 0.581351898522431 0.6 0.4 0.4 58.93680952269781 22.97369600622103 2.0716202549002776
 0.9858030000000003 0.6600000000000003 0.3999999999999999 0.4599999999999999 0.43999999999999995 0.43999999999999995 0.49999999999999994 0.5599999999999999 0.5199999999999999 0.49999999999999994 0.5599999999999999 0.5199999999999999 999.4929597308463 418.2599612183683 59.4836456024923
 0.9316380000000003 0.7400000000000003 0.58 0.4599999999999999 0.5599999999999999 0.5199999999999999 0.43999999999999995 0.43999999999999995 0.43999999999999995 0.41999999999999993 0.5399999999999999 0.58 52.35280632298518 18.345257929621788 5.0241529222585735
 0.9749700000000003 0.8200000000000003 0.49999999999999994 0.3999999999999999 0.43999999999999995 0.43999999999999995 0.4599999999999999 0.4599999999999999 0.5399999999999999 0.4599999999999999 0.5199999999999999 0.5599999999999999 109.28312214754223 25.60928965129316 6.134548712210667
 0.9099720000000003 0.7800000000000002 0.4599999999999999 0.4799999999999999 0.5399999999999999 0.4599999999999999 0.5399999999999999 0.5399999999999999 0.5599999999999999 0.5599999999999999 0.41999999999999993 0.41999999999999993 55.13039046330504 14.60922688449272 5.982599827067796
 0.9533040000000004 0.8200000000000003 0.41999999999999993 0.5199999999999999 0.4599999999999999 0.49999999999999994 0.49999999999999994 0.5199999999999999 0.4599999999999999 0.5399999999999999 0.4799999999999999 0.5199999999999999 391.2441525447392 62.29446582267734 22.537079430950268
 0.9533040000000004 0.7000000000000003 0.4799999999999999 0.49999999999999994 0.3999999999999999 0.41999999999999993 0.5999999999999999 0.5999999999999999 0.4799999999999999 0.4599999999999999 0.4799999999999999 0.4799999999999999 100.06038292267701 39.31186005597564 6.808367326512684
 0.9099720000000003 0.7200000000000003 0.58 0.5599999999999999 0.5999999999999999 0.5399999999999999 0.5399999999999999 0.5399999999999999 0.58 0.58 0.41999999999999993 0.5999999999999999 691.6993015193173 273.45849413456176 8.152766314900608
 0.9858030000000003 0.7600000000000002 0.49999999999999994 0.43999999999999995 0.5199999999999999 0.58 0.5599999999999999 0.41999999999999993 0.41999999999999993 0.3999999999999999 0.4599999999999999 0.43999999999999995 335.633985708725 95.31581828143727 21.67246242097418
 0.8991390000000004 0.6400000000000002 0.5599999999999999 0.5999999999999999 0.58 0.5999999999999999 0.3999999999999999 0.49999999999999994 0.5599999999999999 0.4799999999999999 0.58 0.4799999999999999 155.53173730824352 73.65114272386343 5.985256128442388
 0.9424710000000004 0.6800000000000003 0.5199999999999999 0.58 0.49999999999999994 0.4799999999999999 0.43999999999999995 0.4599999999999999 0.49999999999999994 0.5999999999999999 0.5399999999999999 0.43999999999999995 48.59925620163292 22.979606258478448 4.143354714754136
 0.978334 0.7133299999999999 0.6 0.6 0.5041667787973226 0.5732284457639857 0.4 0.4 0.581351898522431 0.6 0.4 0.4 58.83771050629671 22.874348853816706 2.110583158562221
 0.935002 0.79333 0.6 0.6 0.5041667787973226 0.5732284457639857 0.4 0.4 0.581351898522431 0.6 0.4 0.4 -9516.921603408953 -1670.765175796755 -853.3005833824998
 0.935002 0.6333299999999998 0.6 0.6 0.5041667787973226 0.5732284457639857 0.4 0.4 0.581351898522431 0.6 0.4 0.4 80.14349189326288 42.48338054986374 8.007428791639011
 0.935002 0.7133299999999999 0.52 0.6 0.5041667787973226 0.5732284457639857 0.4 0.4 0.581351898522431 0.6 0.4 0.4 51.10506508473635 20.63719290803007 3.9799591820991074
 0.935002 0.7133299999999999 0.6 0.52 0.5041667787973226 0.5732284457639857 0.4 0.4 0.581351898522431 0.6 0.4 0.4 -8245.015942735256 -1359.1743238741806 -740.2900277516037
 0.935002 0.7133299999999999 0.6 0.6 0.5841667787973226 0.5732284457639857 0.4 0.4 0.581351898522431 0.6 0.4 0.4 86.59638580587931 36.86747781323613 7.608355870265256
 0.935002 0.7133299999999999 0.6 0.6 0.4241667787973227 0.5732284457639857 0.4 0.4 0.581351898522431 0.6 0.4 0.4 -10640.627929862874 -1774.390626667378 -945.3519936970912
 0.935002 0.7133299999999999 0.6 0.6 0.4 0.5732284457639857 0.4 0.4 0.581351898522431 0.6 0.4 0.4 51.31122938351277 19.685078004782046 4.355821429207685
 0.935002 0.7333299999999999 0.54 0.54 0.48416677879732267 0.4732284457639857 0.54 0.44 0.5413518985224309 0.44 0.44 0.54 71.97611878279108 28.19201648577178 5.903613519051638
 0.9208050000000003 0.7600000000000002 0.5199999999999999 0.41999999999999993 0.4799999999999999 0.5199999999999999 0.43999999999999995 0.49999999999999994 0.5599999999999999 0.5199999999999999 0.4599999999999999 0.5399999999999999 53.685201288425695 16.680884510256316 5.356131376183578
 0.9749700000000003 0.6600000000000003 0.41999999999999993 0.4599999999999999 0.5599999999999999 0.3999999999999999 0.5399999999999999 0.41999999999999993 0.5999999999999999 0.5599999999999999 0.43999999999999995 0.41999999999999993 87.77574913828634 46.909381511944815 5.920895079117366
 0.9424710000000004 0.8000000000000003 0.4799999999999999 0.49999999999999994 0.5199999999999999 0.5599999999999999 0.3999999999999999 0.4799999999999999 0.49999999999999994 0.49999999999999994 0.5399999999999999 0.49999999999999994 70.48929125936225 17.34228768437584 5.038630690328212
 0.9858030000000003 0.7200000000000003 0.4599999999999999 0.5999999999999999 0.5399999999999999 0.49999999999999994 0.4599999999999999 0.5199999999999999 0.5199999999999999 0.3999999999999999 0.3999999999999999 0.5999999999999999 54.08814259257394 20.14873143370734 1.4853431485842532
 0.9966360000000004 0.6800000000000003 0.5599999999999999 0.5599999999999999 0.5599999999999999 0.5399999999999999 0.58 0.4599999999999999 0.5199999999999999 0.4799999999999999 0.4799999999999999 0.5599999999999999 458.9222987094444 199.21628616823244 1.0537739146865825
 0.9533040000000004 0.8000000000000003 0.5199999999999999 0.5199999999999999 0.41999999999999993 0.43999999999999995 0.5599999999999999 0.58 0.5599999999999999 0.49999999999999994 0.5599999999999999 0.5599999999999999 106.50727207314667 30.91439110155646 2.8496879469075433
 0.8991390000000004 0.7000000000000003 0.3999999999999999 0.41999999999999993 0.4599999999999999 0.58 0.4799999999999999 0.41999999999999993 0.43999999999999995 0.5599999999999999 0.5999999999999999 0.4599999999999999 104.28826023454076 39.25579255758193 10.241843128679319
 0.9316380000000003 0.7800000000000002 0.58 0.4599999999999999 0.5999999999999999 0.5599999999999999 0.5199999999999999 0.5599999999999999 0.4599999999999999 0.43999999999999995 0.5199999999999999 0.49999999999999994 55.061197825719084 15.694487107741073 4.966532241405437
 0.9099720000000003 0.6600000000000003 0.58 0.58 0.43999999999999995 0.41999999999999993 0.4799999999999999 0.5399999999999999 0.43999999999999995 0.43999999999999995 0.5399999999999999 0.4599999999999999 80.20993502834446 41.89547729148802 6.066243714008503
 0.9533040000000004 0.83333 0.4599999999999999 0.4799999999999999 0.43999999999999995 0.4799999999999999 0.5399999999999999 0.49999999999999994 0.41999999999999993 0.5999999999999999 0.4599999999999999 0.43999999999999995 112.50015969988063 25.781835365580527 7.389440331059528
 1. 0.7533299999999999 0.5599999999999999 0.6 0.4241667787973227 0.6 0.44 0.44 0.581351898522431 0.6 0.44 0.44 60.88663648922445 21.056229870418786 1.7582784786833965
 0.89167 0.6733299999999999 0.6 0.6 0.4241667787973227 0.5332284457639856 0.4 0.4 0.581351898522431 0.6 0.4 0.4 46.76991533682016 22.116478682584397 6.835823155460987
 0.956668 0.8333299999999999 0.6 0.6 0.4241667787973227 0.5332284457639856 0.4 0.4 0.581351898522431 0.6 0.4 0.4 -10459.001661630304 -1859.7234031119738 -942.1359820862842
 0.913336 0.63333 0.5599999999999999 0.6 0.4241667787973227 0.6 0.44 0.44 0.581351898522431 0.6 0.44 0.44 45.470857758209924 24.587819651165894 5.663539765489729
 0.913336 0.7533299999999999 0.6 0.6 0.4241667787973227 0.6 0.44 0.44 0.581351898522431 0.6 0.44 0.44 -9209.401991304963 -1583.2634769423748 -811.6640176896915
 0.956668 0.6733299999999999 0.48 0.6 0.4241667787973227 0.5332284457639856 0.4 0.4 0.581351898522431 0.6 0.4 0.4 47.769005747612724 23.99726720451291 3.9559442227399075
 0.935002 0.7133299999999999 0.6 0.44 0.4241667787973227 0.5732284457639857 0.4 0.4 0.581351898522431 0.6 0.4 0.4 -7954.801744670498 -1293.2237866671755 -719.3308824352956
