0. 0. 0. 0. 0. 0. 0. 0. 0. 0. 0. 0. 0. 0. 0. 0. 0. 0. 0. 0. 0. 0. 6. 
0.6666666666666665 0. 0. 0. 0. 0. 0. 0. 0. 0. 0. 0. 0. 0. 0. 0. 0. 0. 0. 0. 0.6666666666666665 0. 5.333333216769628 
0. 0.6666666666666665 0. 0. 0. 0. 0. 0. 0. 0. 0. 0. 0. 0. 0. 0. 0. 0. 0. 0. 0. 0.6666666666666665 5.333333216769628 
0.6666666666666665 0.6666666666666665 0. 0. 0. 0. 0. 0. 0. 0. 0. 0. 0. 0. 0. 0. 0. 0. 0. 0. 0.6666666666666665 0.6666666666666665 4.666666433539256 
0.8888888888888888 0.6666666666666665 0. 0. 0. 0. 0. 0. 0. 0. 0. 0. 0. 0. 0. 0. 0. 0. 0. 0. 0.8888888888888888 0.6666666666666665 3.6746440725734426 
0.1333333333333333 0.6666666666666666 0. 0. 0. 0. 0. 0. 0. 0. 0. 0. 0. 0. 0. 0. 0. 0. 0. 0. 0.1333333333333333 0.6666666666666666 5.073192346489466 
0.6666666666666665 0.8888888888888888 0. 0. 0. 0. 0. 0. 0. 0. 0. 0. 0. 0. 0. 0. 0. 0. 0. 0. 0.6666666666666665 0.8888888888888888 3.6746440725734426 
0.6666666666666666 0.1333333333333333 0. 0. 0. 0. 0. 0. 0. 0. 0. 0. 0. 0. 0. 0. 0. 0. 0. 0. 0.6666666666666666 0.1333333333333333 5.073192346489466 
0.853329 0.857779 0. 0. 0. 0. 0. 0. 0. 0. 0. 0. 0. 0. 0. 0. 0. 0. 0. 0. 0.853329 0.857779 2.6155580714651316 
0.8666666666666667 0.24444000000000002 0. 0. 0. 0. 0. 0. 0. 0. 0. 0. 0. 0. 0. 0. 0. 0. 0. 0. 0.8666666666666667 0.24444000000000002 3.8829832516422913 
0.81481 0.8555566666666667 0. 0. 0. 0. 0. 0. 0. 0. 0. 0. 0. 0. 0. 0. 0. 0. 0. 0. 0.81481 0.8555566666666667 2.6903497212356666 
0.8511066666666667 0.81333 0. 0. 0. 0. 0. 0. 0. 0. 0. 0. 0. 0. 0. 0. 0. 0. 0. 0. 0.8511066666666667 0.81333 2.697450685923721 
0.8148148148148149 0.8148148148148149 0. 0. 0. 0. 0. 0. 0. 0. 0. 0. 0. 0. 0. 0. 0. 0. 0. 0. 0.8148148148148149 0.8148148148148149 2.765498416099398 
0. 0.66667 0. 0. 0. 0. 0. 0. 0. 0. 0. 0. 0. 0. 0. 0. 0. 0. 0. 0. 0. 0.66667 5.333308939379388 
0.1333333333333333 0.66667 0. 0. 0. 0. 0. 0. 0. 0. 0. 0. 0. 0. 0. 0. 0. 0. 0. 0. 0.1333333333333333 0.66667 5.073168069099228 
0. 0.8000033333333333 0. 0. 0. 0. 0. 0. 0. 0. 0. 0. 0. 0. 0. 0. 0. 0. 0. 0. 0. 0.8000033333333333 4.439140465476666 
0. 0.1333333333333333 0. 0. 0. 0. 0. 0. 0. 0. 0. 0. 0. 0. 0. 0. 0. 0. 0. 0. 0. 0.1333333333333333 5.739859129719839 
0.1333333333333333 0.8000033333333333 0. 0. 0. 0. 0. 0. 0. 0. 0. 0. 0. 0. 0. 0. 0. 0. 0. 0. 0.1333333333333333 0.8000033333333333 4.178999595196506 
0.1333333333333333 0.1333333333333333 0. 0. 0. 0. 0. 0. 0. 0. 0. 0. 0. 0. 0. 0. 0. 0. 0. 0. 0.1333333333333333 0.1333333333333333 5.47971825943968 
0.7555566666666667 0.31110666666666664 0. 0. 0. 0. 0. 0. 0. 0. 0. 0. 0. 0. 0. 0. 0. 0. 0. 0. 0.7555566666666667 0.31110666666666664 4.307147810013371 
0.68889 0.24444 0. 0. 0. 0. 0. 0. 0. 0. 0. 0. 0. 0. 0. 0. 0. 0.006666666666666667 0. 0. 0.68889 0.24444 4.751773375404836 
0. 0.8 0. 0. 0. 0. 0. 0. 0. 0. 0. 0. 0. 0. 0. 0. 0. 0. 0. 0. 0. 0.8 4.439154735094855 
0.1333333333333333 0.8 0. 0. 0. 0. 0. 0. 0. 0. 0. 0. 0. 0. 0. 0. 0. 0. 0. 0. 0.1333333333333333 0.8 4.179013864814694 
0.2 0.8 0. 0. 0. 0. 0. 0. 0. 0. 0. 0. 0. 0. 0. 0. 0. 0. 0. 0. 0.2 0.8 4.048943435077639 
0.6814766666666666 0.88889 0. 0. 0. 0. 0. 0. 0. 0. 0. 0. 0. 0. 0. 0. 0. 0. 0. 0. 0.6814766666666666 0.88889 3.565024052062985 
0.81481 0.7555566666666667 0. 0. 0. 0. 0. 0. 0. 0. 0. 0. 0. 0. 0. 0. 0. 0. 0. 0. 0.81481 0.7555566666666667 3.065715097694125 
0.6814766666666666 0.7555566666666667 0. 0. 0. 0. 0. 0. 0. 0. 0. 0. 0. 0. 0. 0. 0. 0. 0. 0. 0.6814766666666666 0.7555566666666667 3.9066605270782566 
0.660734 0.68889 0. 0. 0. 0. 0. 0. 0. 0. 0. 0. 0. 0. 0. 0. 0. 0. 0. 0. 0.660734 0.68889 4.544065500036958 
0.2 0.6666666666666666 0. 0. 0. 0. 0. 0. 0. 0. 0. 0. 0. 0. 0. 0. 0. 0. 0. 0. 0.2 0.6666666666666666 4.943121916752411 
0.7511066666666667 0.8133300000000001 0. 0. 0. 0. 0. 0. 0. 0. 0. 0. 0. 0. 0. 0. 0. 0. 0. 0. 0.7511066666666667 0.8133300000000001 3.100021116579807 
0.8844400000000001 0.6799966666666667 0. 0. 0. 0. 0. 0. 0. 0. 0. 0. 0. 0. 0. 0. 0. 0. 0. 0. 0.8844400000000001 0.6799966666666667 3.5665472645155214 
0.768886 0.68889 0. 0. 0. 0. 0. 0. 0. 0. 0. 0. 0. 0. 0. 0. 0. 0. 0. 0. 0.768886 0.68889 3.7676302657483824 
0.7881454999999999 0.68889 0. 0. 0. 0. 0. 0. 0. 0. 0. 0. 0. 0. 0. 0. 0. 0. 0. 0. 0.7881454999999999 0.68889 3.661985866965383 
0.77851575 0.68889 0. 0. 0. 0. 0. 0. 0. 0. 0. 0. 0. 0. 0. 0. 0. 0. 0. 0. 0.77851575 0.68889 3.712453245442976 
0.8481433333333332 0.8555566666666667 0. 0. 0. 0. 0. 0. 0. 0. 0. 0. 0. 0. 0. 0. 0. 0. 0. 0. 0.8481433333333332 0.8555566666666667 2.6195466118961646 
0.7814766666666667 0.8555566666666667 0. 0. 0. 0. 0. 0. 0. 0. 0. 0. 0. 0. 0. 0. 0. 0. 0. 0. 0.7814766666666667 0.8555566666666667 2.8361215009294245 
0.83481 0.83889 0. 0. 0. 0. 0. 0. 0. 0. 0. 0. 0. 0. 0. 0. 0. 0. 0. 0. 0.83481 0.83889 2.6538309874728814 
0.76481 0.83889 0. 0. 0. 0. 0. 0. 0. 0. 0. 0. 0. 0. 0. 0. 0. 0. 0. 0. 0.76481 0.83889 2.9477765094979764 
0.80481 0.83889 0. 0. 0. 0. 0. 0. 0. 0. 0. 0. 0. 0. 0. 0. 0. 0. 0. 0. 0.80481 0.83889 2.742656170864716 
0.82981 0.83889 0. 0. 0. 0. 0. 0. 0. 0. 0. 0. 0. 0. 0. 0. 0. 0. 0. 0. 0.82981 0.83889 2.6642075987049854 
0.83231 0.83889 0. 0. 0. 0. 0. 0. 0. 0. 0. 0. 0. 0. 0. 0. 0. 0. 0. 0. 0.83231 0.83889 2.658788847760077 
0.8666666666666667 0.11110666666666667 0. 0. 0. 0. 0. 0. 0. 0. 0. 0. 0. 0. 0. 0. 0. 0. 0. 0. 0.8666666666666667 0.11110666666666667 4.1017588763665636 
0.8 0.24444 0. 0. 0. 0. 0. 0. 0. 0. 0. 0. 0. 0. 0. 0. 0. 0. 0. 0. 0.8 0.24444 4.013053573318843 
0.8000000000000003 0.04444 0. 0. 0. 0. 0. 0. 0. 0. 0. 0. 0. 0. 0. 0. 0. 0. 0. 0. 0.8000000000000003 0.04444 4.376641058782613 
0.06666666666666668 0.8 0. 0. 0. 0. 0. 0. 0. 0. 0. 0. 0. 0. 0. 0. 0. 0. 0. 0. 0.06666666666666668 0.8 4.333302383999003 
0.06666666666666668 0.6666666666666666 0. 0. 0. 0. 0. 0. 0. 0. 0. 0. 0. 0. 0. 0. 0. 0. 0. 0. 0.06666666666666668 0.6666666666666666 5.227480865673775 
0.24000000000000002 0.848 0. 0. 0. 0. 0. 0. 0. 0. 0. 0. 0. 0. 0. 0. 0. 0. 0. 0. 0.24000000000000002 0.848 3.887165568359419 
0.66667 0. 0. 0. 0. 0. 0. 0. 0. 0. 0. 0. 0. 0. 0. 0. 0. 0. 0. 0. 0.66667 0. 5.333308939379387 
0.8000033333333333 0. 0. 0. 0. 0. 0. 0. 0. 0. 0. 0. 0. 0. 0. 0. 0. 0. 0. 0. 0.8000033333333333 0. 4.439140465476666 
0.1333333333333333 0. 0. 0. 0. 0. 0. 0. 0. 0. 0. 0. 0. 0. 0. 0. 0. 0. 0. 0. 0.1333333333333333 0. 5.739859129719839 
0.66667 0.1333333333333333 0. 0. 0. 0. 0. 0. 0. 0. 0. 0. 0. 0. 0. 0. 0. 0. 0. 0. 0.66667 0.1333333333333333 5.073168069099228 
0.8000033333333333 0.1333333333333333 0. 0. 0. 0. 0. 0. 0. 0. 0. 0. 0. 0. 0. 0. 0. 0. 0. 0. 0.8000033333333333 0.1333333333333333 4.178999595196506 
0.86667 0. 0. 0. 0. 0. 0. 0. 0. 0. 0. 0. 0. 0. 0. 0. 0. 0. 0. 0. 0.86667 0. 4.309086323989881 
0.10666666666666667 0.8480000000000001 0. 0. 0. 0. 0. 0. 0. 0. 0. 0. 0. 0. 0. 0. 0. 0. 0. 0. 0.10666666666666667 0.8480000000000001 4.115360423343791 
0.24000000000000002 0.7466666666666667 0. 0. 0. 0. 0. 0. 0. 0. 0. 0. 0. 0. 0. 0. 0. 0. 0. 0. 0.24000000000000002 0.7466666666666667 4.317281552348431 
0.10666666666666667 0.7466666666666667 0. 0. 0. 0. 0. 0. 0. 0. 0. 0. 0. 0. 0. 0. 0. 0. 0. 0. 0.10666666666666667 0.7466666666666667 4.545476407332803 
0.10667000000000001 0.7466666666666667 0. 0. 0. 0. 0. 0. 0. 0. 0. 0. 0. 0. 0. 0. 0. 0. 0. 0. 0.10667000000000001 0.7466666666666667 4.5454684639885405 
0.24000333333333332 0.7466666666666667 0. 0. 0. 0. 0. 0. 0. 0. 0. 0. 0. 0. 0. 0. 0. 0. 0. 0. 0.24000333333333332 0.7466666666666667 4.317280456859919 
0.27333666666666667 0.6799999999999999 0. 0. 0. 0. 0. 0. 0. 0. 0. 0. 0. 0. 0. 0. 0. 0. 0. 0. 0.27333666666666667 0.6799999999999999 4.814982771108964 
0.14000333333333334 0.8466666666666667 0. 0. 0. 0. 0. 0. 0. 0. 0. 0. 0. 0. 0. 0. 0. 0. 0. 0. 0.14000333333333334 0.8466666666666667 4.037733610249241 
0.07333666666666666 0.8466666666666667 0. 0. 0. 0. 0. 0. 0. 0. 0. 0. 0. 0. 0. 0. 0. 0. 0. 0. 0.07333666666666666 0.8466666666666667 4.19325791617606 
0.10667 0.8466666666666667 0. 0. 0. 0. 0. 0. 0. 0. 0. 0. 0. 0. 0. 0. 0. 0. 0. 0. 0.10667 0.8466666666666667 4.116606652787045 
0.15667 0.83 0. 0. 0. 0. 0. 0. 0. 0. 0. 0. 0. 0. 0. 0. 0. 0. 0. 0. 0.15667 0.83 4.027764392503424 
0.14667 0.83 0. 0. 0. 0. 0. 0. 0. 0. 0. 0. 0. 0. 0. 0. 0. 0. 0. 0. 0.14667 0.83 4.049666613760233 
0.05667 0.83 0. 0. 0. 0. 0. 0. 0. 0. 0. 0. 0. 0. 0. 0. 0. 0. 0. 0. 0.05667 0.83 4.254890639066029 
0.13667 0.83 0. 0. 0. 0. 0. 0. 0. 0. 0. 0.010000000000000002 0. 0. 0. 0. 0. 0.010000000000000002 0. 0. 0.13667 0.83 4.1024950120176795 
0.66667 0.20444000000000004 0. 0. 0. 0. 0. 0. 0. 0. 0. 0. 0. 0. 0. 0. 0. 0. 0. 0. 0.66667 0.20444000000000004 4.937248028417701 
0.86667 0.64444 0. 0. 0. 0. 0. 0. 0. 0. 0. 0. 0. 0. 0. 0. 0. 0. 0. 0. 0.86667 0.64444 3.79865923171394 
0.82667 0.24444 0. 0. 0. 0. 0. 0. 0. 0. 0. 0. 0. 0. 0. 0. 0. 0. 0. 0. 0.82667 0.24444 3.9221884410853196 
0.7511066666666667 0.6799966666666667 0. 0. 0. 0. 0. 0. 0. 0. 0. 0. 0. 0. 0. 0. 0. 0. 0. 0. 0.7511066666666667 0.6799966666666667 3.9470682767457004 
0.73148 0.80556 0. 0. 0. 0. 0. 0. 0. 0. 0. 0. 0. 0. 0. 0. 0. 0.010000000000000002 0. 0. 0.73148 0.80556 3.2802885743706938 
0.8511066666666667 0.8466633333333333 0. 0. 0. 0. 0. 0. 0. 0. 0. 0. 0. 0. 0. 0. 0. 0. 0. 0. 0.8511066666666667 0.8466633333333333 2.6230458366744283 
0.8511066666666667 0.7799966666666667 0. 0. 0. 0. 0. 0. 0. 0. 0. 0. 0. 0. 0. 0. 0. 0. 0. 0. 0.8511066666666667 0.7799966666666667 2.846198392232169 
0.85111 0.84666 0. 0. 0. 0. 0. 0. 0. 0. 0. 0. 0. 0. 0. 0. 0. 0. 0. 0. 0.85111 0.84666 2.623046983054649 
0.7177766666666666 0.84666 0. 0. 0. 0. 0. 0. 0. 0. 0. 0. 0. 0. 0. 0. 0. 0. 0. 0. 0.7177766666666666 0.84666 3.2630363158371276 
0.85111 0.7133266666666667 0. 0. 0. 0. 0. 0. 0. 0. 0. 0. 0. 0. 0. 0. 0. 0. 0. 0. 0.85111 0.7133266666666667 3.292691502649936 
0.7177766666666666 0.7133266666666667 0. 0. 0. 0. 0. 0. 0. 0. 0. 0. 0. 0. 0. 0. 0. 0. 0. 0. 0.7177766666666666 0.7133266666666667 3.9326808354324148 
0.6511100000000001 0.64666 6.666700000032555E-7 0. 0. 0. 0. 0.006666700000000005 0. 0. 0. 0. 0. 0. 0. 0. 0.006666666666666667 0. 0. 0. 0.6511100000000001 0.64666 4.938565610079492 
0.7844433333333334 0.7799933333333333 6.666700000101944E-7 0. 0. 0. 0. 0.006666699999999998 0. 0. 0. 0. 0. 0. 0. 0. 0.04000000000000001 0. 0. 0. 0.7844433333333334 0.7799933333333333 3.1194430113117657 
0.6511100000000001 0.7799933333333333 6.666700000101944E-7 0. 0. 0. 0. 0.006666699999999998 0. 0. 0. 0. 0. 0. 0. 0. 0.04000000000000001 0. 0. 0. 0.6511100000000001 0.7799933333333333 4.050530638732899 
0.7844433333333334 0.64666 6.666700000101944E-7 0. 0. 0. 0. 0.006666699999999998 0. 0. 0. 0. 0. 0. 0. 0. 0.04000000000000001 0. 0. 0. 0.7844433333333334 0.64666 4.057477982658359 
0.8177766666666667 0.84666 0. 0. 0. 0. 0. 0. 0. 0. 0. 0. 0. 0. 0. 0. 0. 0. 0. 0. 0.8177766666666667 0.84666 2.686570252709656 
0.85111 0.8133266666666668 0. 0. 0. 0. 0. 0. 0. 0. 0. 0. 0. 0. 0. 0. 0. 0. 0. 0. 0.85111 0.8133266666666668 2.697459920999723 
0.8177766666666667 0.8133266666666668 0. 0. 0. 0. 0. 0. 0. 0. 0. 0. 0. 0. 0. 0. 0. 0. 0. 0. 0.8177766666666667 0.8133266666666668 2.76098319065473 
0.85111 0.8600000000000001 0. 0. 0. 0. 0. 0. 0. 0. 0. 0. 0. 0. 0. 0. 0. 0. 0. 0. 0.85111 0.8600000000000001 2.6167159879080937 
0.85111 0.79666 0. 0. 0. 0. 0. 0. 0. 0. 0. 0. 0. 0. 0. 0. 0. 0. 0. 0. 0.85111 0.79666 2.763492285668091 
0.80111 0.81666 0. 0. 0. 0. 0. 0. 0.010000000000000002 0. 0. 0. 0. 0. 0. 0. 0. 0.010000000000000002 0.010000000000000002 0.010000000000000002 0.80111 0.81666 2.8711834298371812 
0.80111 0.83 0. 0. 0. 0. 0. 0. 0. 0. 0. 0. 0. 0. 0. 0. 0. 0. 0. 0. 0.80111 0.83 2.774850538064246 
0.84111 0.79666 0. 0. 0. 0. 0. 0. 0. 0. 0. 0. 0. 0. 0. 0. 0. 0.010000000000000002 0.010000000000000002 0.010000000000000002 0.84111 0.79666 2.818833016035405 
0.7333366666666666 0.24444000000000002 0. 0. 0. 0. 0. 0. 0. 0. 0. 0. 0. 0. 0. 0. 0. 0. 0. 0. 0.7333366666666666 0.24444000000000002 4.409498941535922 
0.7333366666666666 0.11110666666666667 0. 0. 0. 0. 0. 0. 0. 0. 0. 0. 0. 0. 0. 0. 0. 0. 0. 0. 0.7333366666666666 0.11110666666666667 4.6282745662601945 
0.86667 0.20443999999999998 0. 0. 0. 0. 0. 0. 0. 0. 0. 0. 0. 0. 0. 0. 0. 0. 0. 0. 0.86667 0.20443999999999998 3.913025413028194 
0.733336 0.04444 0. 0. 0. 0. 0. 0. 0.04000000000000001 0. 0. 0.04000000000000001 0. 0. 0. 0. 0.04000000000000001 0. 0.04000000000000001 0.04000000000000001 0.733336 0.04444 5.073091213159511 
0.8000019999999999 0.20444000000000004 0. 0. 0. 0. 0. 0. 0. 0. 0. 0. 0. 0. 0. 0. 0. 0. 0. 0. 0.8000019999999999 0.20444000000000004 4.043085262279909 
0.6666699999999999 0.04444000000000001 0. 0. 0. 0. 0. 0. 0. 0. 0. 0. 0. 0. 0. 0. 0. 0. 0. 0. 0.6666699999999999 0.04444000000000001 5.270795263067148 
0.7333366666666666 0.20444 0. 0. 0. 0. 0. 0. 0. 0. 0. 0. 0. 0. 0. 0. 0. 0. 0. 0. 0.7333366666666666 0.20444 4.439539192350247 
0.86667 0.07110666666666668 0. 0. 0. 0. 0. 0. 0. 0. 0. 0. 0. 0. 0. 0. 0. 0. 0. 0. 0.86667 0.07110666666666668 4.19381424239779 
0.7333366666666666 0.07110666666666668 0. 0. 0. 0. 0. 0. 0. 0. 0. 0. 0. 0. 0. 0. 0. 0. 0. 0. 0.7333366666666666 0.07110666666666668 4.720328021719843 
0.8333366666666667 0.20444 0. 0. 0. 0. 0. 0. 0. 0. 0. 0. 0. 0. 0. 0. 0. 0. 0. 0. 0.8333366666666667 0.20444 3.9372657561219566 
0.86667 0.23777333333333334 0. 0. 0. 0. 0. 0. 0. 0. 0. 0. 0. 0. 0. 0. 0. 0. 0. 0. 0.86667 0.23777333333333334 3.8849654078459372 
0.86667 0.17110666666666666 0. 0. 0. 0. 0. 0. 0. 0. 0. 0. 0. 0. 0. 0. 0. 0. 0. 0. 0.86667 0.17110666666666666 3.9670227806102925 
0.8333366666666667 0.23777333333333334 0. 0. 0. 0. 0. 0. 0. 0. 0. 0. 0. 0. 0. 0. 0. 0. 0. 0. 0.8333366666666667 0.23777333333333334 3.9092057509397 
0.8333366666666667 0.17110666666666666 0. 0. 0. 0. 0. 0. 0. 0. 0. 0. 0. 0. 0. 0. 0. 0. 0. 0. 0.8333366666666667 0.17110666666666666 3.991263123704055 
0.85667 0.25444 0. 0. 0. 0. 0. 0. 0. 0. 0. 0. 0. 0. 0. 0. 0. 0. 0. 0. 0.85667 0.25444 3.880625146493501 
0.11999666666666668 0.2 0. 0. 0. 0. 0. 0. 0. 0. 0. 0. 0. 0. 0. 0. 0. 0. 0. 0. 0.11999666666666668 0.2 5.381217406661433 
0.25333 0.2 0. 0. 0. 0. 0. 0. 0. 0. 0. 0. 0. 0. 0. 0. 0. 0. 0. 0. 0.25333 0.2 5.183036592425327 
0.02666666666666667 0.2 0. 0. 0. 0. 0. 0.04000000000000001 0. 0. 0. 0.04000000000000001 0. 0. 0. 0. 0. 0. 0. 0. 0.02666666666666667 0.2 5.696490302811079 
0.11999666666666668 0.06666666666666668 0. 0. 0. 0. 0. 0. 0. 0. 0. 0. 0. 0. 0. 0. 0. 0. 0. 0. 0.11999666666666668 0.06666666666666668 5.665576355582797 
0.25333 0.06666666666666668 0. 0. 0. 0. 0. 0. 0. 0. 0. 0. 0. 0. 0. 0. 0. 0. 0. 0. 0.25333 0.06666666666666668 5.467395541346691 
0.02666666666666667 0.06666666666666668 0. 0. 0. 0. 0. 0.04000000000000001 0. 0. 0. 0.04000000000000001 0. 0. 0. 0. 0. 0. 0. 0. 0.02666666666666667 0.06666666666666668 5.980849251732443 
0.78148 0.8555600000000001 0. 0. 0. 0. 0. 0. 0. 0. 0. 0. 0. 0. 0. 0. 0. 0. 0. 0. 0.78148 0.8555600000000001 2.8361026930816617 
0.6481466666666666 0.8555600000000001 0. 0. 0. 0. 0. 0. 0. 0. 0. 0. 0. 0. 0. 0. 0. 0. 0. 0. 0.6481466666666666 0.8555600000000001 3.7719951551251247 
0.78148 0.7222266666666667 0. 0. 0. 0. 0. 0. 0. 0. 0. 0. 0. 0. 0. 0. 0. 0. 0. 0. 0.78148 0.7222266666666667 3.445152845010731 
0.6481466666666666 0.7222266666666667 0. 0. 0. 0. 0. 0. 0. 0. 0. 0. 0. 0. 0. 0. 0. 0. 0. 0. 0.6481466666666666 0.7222266666666667 4.381045307054194 
0.86148 0.85556 0. 0. 0. 0. 0. 0. 0. 0. 0. 0. 0. 0. 0. 0. 0. 0. 0. 0. 0.86148 0.85556 2.6147580181341374 
0.8148133333333333 0.8555600000000001 0. 0. 0. 0. 0. 0. 0. 0. 0. 0. 0. 0. 0. 0. 0. 0. 0. 0. 0.8148133333333333 0.8555600000000001 2.690337654597631 
0.7481466666666667 0.8555600000000001 0. 0. 0. 0. 0. 0. 0. 0. 0. 0. 0. 0. 0. 0. 0. 0. 0. 0. 0.7481466666666667 0.8555600000000001 3.039737928179351 
0.78148 0.8222266666666668 0. 0. 0. 0. 0. 0. 0. 0. 0. 0. 0. 0. 0. 0. 0. 0. 0. 0. 0.78148 0.8222266666666668 2.8885664551178554 
0.8148133333333333 0.8222266666666668 0. 0. 0. 0. 0. 0. 0. 0. 0. 0. 0. 0. 0. 0. 0. 0. 0. 0. 0.8148133333333333 0.8222266666666668 2.742801416633825 
0.7481466666666667 0.8222266666666668 0. 0. 0. 0. 0. 0. 0. 0. 0. 0. 0. 0. 0. 0. 0. 0. 0. 0. 0.7481466666666667 0.8222266666666668 3.0922016902155445 
0.83148 0.85556 0. 0. 0. 0. 0. 0. 0. 0. 0. 0. 0. 0. 0. 0. 0. 0. 0. 0. 0.83148 0.85556 2.6447503683928444 
0.83148 0.80556 0. 0. 0. 0. 0. 0. 0. 0. 0. 0. 0. 0. 0. 0. 0. 0. 0. 0. 0.83148 0.80556 2.753486852589115 
0.77148 0.80556 0. 0. 0. 0. 0. 0. 0. 0. 0. 0. 0. 0. 0. 0. 0. 0. 0. 0. 0.77148 0.80556 3.0007774289289473 
0.24000000000000002 0.7146666666666667 0. 0. 0. 0. 0. 0. 0. 0. 0. 0. 0. 0. 0. 0. 0. 0. 0. 0. 0.24000000000000002 0.7146666666666667 4.548017976318465 
0.10666666666666667 0.7146666666666667 0. 0. 0. 0. 0. 0. 0. 0. 0. 0. 0. 0. 0. 0. 0. 0. 0. 0. 0.10666666666666667 0.7146666666666667 4.7762128313028365 
0.18666666666666668 0.648 0. 0. 0. 0. 0. 0. 0. 0. 0. 0. 0. 0. 0. 0. 0. 0. 0. 0. 0.18666666666666668 0.648 5.095387882031391 
0.04 0.8592 0. 0. 0. 0. 0. 0.08000000000000002 0. 0. 0. 0. 0.04000000000000001 0. 0. 0. 0. 0. 0. 0. 0.04 0.8592 4.432281015721089 
0.20000000000000004 0.7183999999999999 0. 0. 0. 0. 0. 0.08000000000000002 0. 0. 0. 0. 0.04000000000000001 0. 0. 0. 0. 0. 0. 0. 0.20000000000000004 0.7183999999999999 4.734828950522415 
0.20666666666666667 0.8480000000000001 0. 0. 0. 0. 0. 0. 0. 0. 0. 0. 0. 0. 0. 0. 0. 0. 0. 0. 0.20666666666666667 0.8480000000000001 3.913268267369672 
0.24 0.8146666666666668 0. 0. 0. 0. 0. 0. 0. 0. 0. 0. 0. 0. 0. 0. 0. 0. 0. 0. 0.24 0.8146666666666668 3.9583183897017253 
0.20666666666666667 0.8146666666666668 0. 0. 0. 0. 0. 0. 0. 0. 0. 0. 0. 0. 0. 0. 0. 0. 0. 0. 0.20666666666666667 0.8146666666666668 3.9844210887119784 
0.25 0.868 0. 0. 0. 0. 0. 0. 0. 0. 0. 0. 0. 0. 0. 0. 0. 0. 0. 0. 0.25 0.868 3.8831420509769 
0.19 0.798 0. 0. 0. 0. 0. 0. 0. 0. 0. 0. 0. 0. 0. 0. 0. 0. 0. 0. 0.19 0.798 4.072415428708803 
0.24 0.798 0. 0. 0. 0. 0. 0. 0. 0. 0. 0. 0. 0. 0. 0. 0. 0. 0. 0. 0.24 0.798 4.0229164427749655 
0.24999999999999997 0.798 0. 0. 0. 0. 0. 0. 0. 0. 0. 0. 0. 0. 0. 0. 0. 0. 0. 0. 0.24999999999999997 0.798 4.021062927705905 
0.22999999999999995 0.798 0. 0. 0. 0. 0. 0. 0. 0. 0. 0. 0. 0. 0. 0. 0. 0. 0. 0. 0.22999999999999995 0.798 4.027611087127002 
0.85111 0.78 0. 0. 0. 0. 0. 0. 0. 0. 0. 0. 0. 0. 0. 0. 0. 0. 0. 0. 0.85111 0.78 2.8461781709346363 
0.7177766666666666 0.78 0. 0. 0. 0. 0. 0. 0. 0. 0. 0. 0. 0. 0. 0. 0. 0. 0. 0. 0.7177766666666666 0.78 3.486167503717115 
0.85111 0.6466666666666666 0. 0. 0. 0. 0. 0. 0. 0. 0. 0. 0. 0. 0. 0. 0. 0. 0. 0. 0.85111 0.6466666666666666 3.784203933939358 
0.7177766666666666 0.6466666666666666 0. 0. 0. 0. 0. 0. 0. 0. 0. 0. 0. 0. 0. 0. 0. 0. 0. 0. 0.7177766666666666 0.6466666666666666 4.424193266721836 
0.8177766666666667 0.78 0. 0. 0. 0. 0. 0. 0. 0. 0. 0. 0. 0. 0. 0. 0. 0. 0. 0. 0.8177766666666667 0.78 2.9097014405896435 
0.85111 0.8133333333333332 0. 0. 0. 0. 0. 0. 0. 0. 0. 0. 0. 0. 0. 0. 0. 0. 0. 0. 0.85111 0.8133333333333332 2.6974371284706664 
0.85111 0.7466666666666667 0. 0. 0. 0. 0. 0. 0. 0. 0. 0. 0. 0. 0. 0. 0. 0. 0. 0. 0.85111 0.7466666666666667 3.051902179224682 
0.8177766666666667 0.8133333333333332 0. 0. 0. 0. 0. 0. 0. 0. 0. 0. 0. 0. 0. 0. 0. 0. 0. 0. 0.8177766666666667 0.8133333333333332 2.7609603981256736 
0.8177766666666667 0.7466666666666667 0. 0. 0. 0. 0. 0. 0. 0. 0. 0. 0. 0. 0. 0. 0. 0. 0. 0. 0.8177766666666667 0.7466666666666667 3.115425448879689 
0.86111 0.83 0. 0. 0. 0. 0. 0. 0. 0. 0. 0. 0. 0. 0. 0. 0. 0. 0. 0. 0.86111 0.83 2.6475288774162626 
0.80111 0.73 0. 0. 0. 0. 0. 0.010000000000000002 0. 0. 0. 0.030000000000000006 0. 0. 0. 0. 0.012500000000000002 0. 0.010000000000000002 0.010000000000000002 0.80111 0.73 3.4028700074158307 
0.80111 0.77 0. 0. 0. 0. 0. 0. 0. 0. 0. 0.030000000000000006 0. 0. 0. 0. 0. 0. 0.010000000000000002 0.010000000000000002 0.80111 0.77 3.102588859248228 
0.81111 0.73 0. 0. 0. 0. 0. 0. 0. 0. 0. 0.030000000000000006 0. 0. 0. 0. 0. 0. 0.010000000000000002 0. 0.81111 0.73 3.3151854482951544 
0.86667 0.23777 0. 0. 0. 0. 0. 0. 0. 0. 0. 0. 0. 0. 0. 0. 0. 0. 0. 0. 0.86667 0.23777 3.8849667140862154 
0.8333366666666667 0.23777 0. 0. 0. 0. 0. 0. 0. 0. 0. 0. 0. 0. 0. 0. 0. 0. 0. 0. 0.8333366666666667 0.23777 3.909207057179978 
0.86667 0.20443666666666666 0. 0. 0. 0. 0. 0. 0. 0. 0. 0. 0. 0. 0. 0. 0. 0. 0. 0. 0.86667 0.20443666666666666 3.913029632302329 
0.8333366666666667 0.20443666666666666 0. 0. 0. 0. 0. 0. 0. 0. 0. 0. 0. 0. 0. 0. 0. 0. 0. 0. 0.8333366666666667 0.20443666666666666 3.9372699753960916 
0.81667 0.18777 0. 0. 0. 0. 0. 0. 0. 0. 0. 0. 0. 0. 0. 0. 0. 0. 0. 0. 0.81667 0.18777 4.004872285629842 
0.81667 0.28777 0. 0. 0. 0. 0. 0. 0. 0. 0. 0.010000000000000002 0. 0. 0. 0. 0. 0. 0. 0. 0.81667 0.28777 3.9841282388430663 
0.84667 0.22777 0. 0. 0. 0. 0. 0. 0. 0. 0. 0. 0. 0. 0. 0. 0. 0. 0. 0. 0.84667 0.22777 3.8945365226946658 
0.84667 0.23777 0. 0. 0. 0. 0. 0. 0. 0. 0. 0. 0. 0. 0. 0. 0. 0. 0. 0. 0.84667 0.23777 3.88921999364731 
0.6844433333333333 0.64666 6.666700000032555E-7 0. 0. 0. 0. 0.006666700000000005 0. 0. 0. 0. 0. 0. 0. 0. 0.006666666666666667 0. 0. 0. 0.6844433333333333 0.64666 4.695972709822223 
0.6511100000000001 0.6799933333333332 6.666700000032555E-7 0. 0. 0. 0. 0.006666700000000005 0. 0. 0. 0. 0. 0. 0. 0. 0.006666666666666667 0. 0. 0. 0.6511100000000001 0.6799933333333332 4.69883697758597 
0.6844433333333333 0.6799933333333332 6.666700000032555E-7 0. 0. 0. 0. 0.006666700000000005 0. 0. 0. 0. 0. 0. 0. 0. 0.006666666666666667 0. 0. 0. 0.6844433333333333 0.6799933333333332 4.456244077328701 
0.70111 0.69666 0. 0. 0. 0. 0. 0. 0. 0. 0. 0. 0. 0. 0. 0. 0. 0. 0. 0. 0.70111 0.69666 4.184291243616972 
0.6411100000000001 0.6966600000000001 0.016667 0. 0. 0. 0. 0. 0. 0. 0. 0.010000000000000002 0. 0. 0. 0. 0.006666666666666667 0. 0. 0. 0.6411100000000001 0.6966600000000001 4.670843068797216 
0.8 0. 0. 0. 0. 0. 0. 0. 0. 0. 0. 0. 0. 0. 0. 0. 0. 0. 0. 0. 0.8 0. 4.439154735094855 
0.8 0.1333333333333333 0. 0. 0. 0. 0. 0. 0. 0. 0. 0. 0. 0. 0. 0. 0. 0. 0. 0. 0.8 0.1333333333333333 4.179013864814694 
0.8800000000000001 0.2 0. 0. 0. 0. 0. 0. 0. 0. 0. 0. 0. 0. 0. 0. 0. 0. 0. 0. 0.8800000000000001 0.2 3.9335409802887393 
0.25333 0.24000000000000002 0. 0. 0. 0. 0. 0. 0. 0. 0. 0. 0. 0. 0. 0. 0. 0. 0. 0. 0.25333 0.24000000000000002 5.148324723805699 
0.033333333333333326 0.6666700000000001 0. 0. 0. 0. 0. 0. 0. 0. 0. 0. 0. 0. 0. 0. 0. 0. 0. 0. 0.033333333333333326 0.6666700000000001 5.289675039289742 
0. 0.7000033333333333 0. 0. 0. 0. 0. 0. 0. 0. 0. 0. 0. 0. 0. 0. 0. 0. 0. 0. 0. 0.7000033333333333 5.083662703507958 
0. 0.6333366666666668 0. 0. 0. 0. 0. 0. 0. 0. 0. 0. 0. 0. 0. 0. 0. 0. 0. 0. 0. 0.6333366666666668 5.56235610330887 
0.033333333333333326 0.7000033333333333 0. 0. 0. 0. 0. 0. 0. 0. 0. 0. 0. 0. 0. 0. 0. 0. 0. 0. 0.033333333333333326 0.7000033333333333 5.040028803418314 
0.033333333333333326 0.6333366666666668 0. 0. 0. 0. 0. 0. 0. 0. 0. 0. 0. 0. 0. 0. 0. 0. 0. 0. 0.033333333333333326 0.6333366666666668 5.518722203219225 
0.11999666666666668 0.24000000000000002 0. 0. 0. 0. 0. 0. 0. 0. 0. 0. 0. 0. 0. 0. 0. 0. 0. 0. 0.11999666666666668 0.24000000000000002 5.3465055380418045 
0.25333 0.10666666666666667 0. 0. 0. 0. 0. 0. 0. 0. 0. 0. 0. 0. 0. 0. 0. 0. 0. 0. 0.25333 0.10666666666666667 5.376519578790071 
0.11999666666666668 0.10666666666666667 0. 0. 0. 0. 0. 0. 0. 0. 0. 0. 0. 0. 0. 0. 0. 0. 0. 0. 0.11999666666666668 0.10666666666666667 5.574700393026176 
0.21999666666666667 0.24 0. 0. 0. 0. 0. 0. 0. 0. 0. 0. 0. 0. 0. 0. 0. 0. 0. 0. 0.21999666666666667 0.24 5.162292292727068 
0.25333 0.20666666666666667 0. 0. 0. 0. 0. 0. 0. 0. 0. 0. 0. 0. 0. 0. 0. 0. 0. 0. 0.25333 0.20666666666666667 5.174427422815952 
0.21999666666666667 0.20666666666666667 0. 0. 0. 0. 0. 0. 0. 0. 0. 0. 0. 0. 0. 0. 0. 0. 0. 0. 0.21999666666666667 0.20666666666666667 5.188394991737321 
0.25333 0.25 0. 0. 0. 0. 0. 0. 0. 0. 0. 0. 0. 0. 0. 0. 0. 0. 0. 0. 0.25333 0.25 5.146471208736639 
0.25333 0.19 0.04000000000000001 0. 0. 0. 0. 0. 0. 0. 0. 0. 0. 0. 0. 0. 0. 0. 0. 0. 0.25333 0.19 5.257823709739537 
0.20333 0.29 0.04000000000000001 0. 0. 0. 0. 0. 0.010000000000000002 0. 0. 0. 0. 0. 0. 0. 0. 0.010000000000000002 0.010000000000000002 0.010000000000000002 0.20333 0.29 5.320185685183966 
0.24333 0.19 0.020000000000000004 0. 0.020000000000000004 0. 0. 0.020000000000000004 0. 0. 0.020000000000000004 0.015 0.020000000000000004 0.020000000000000004 0. 0. 0. 0. 0.020000000000000004 0.020000000000000004 0.24333 0.19 5.461216245725725 
0.22332999999999997 0.19 0.020000000000000004 0. 0.020000000000000004 0. 0. 0.020000000000000004 0. 0. 0.020000000000000004 0.015 0.020000000000000004 0.020000000000000004 0. 0. 0. 0. 0.020000000000000004 0.020000000000000004 0.22332999999999997 0.19 5.471512735664383 
0.23332999999999998 0.19 0.010000000000000002 0.010000000000000002 0.020000000000000004 0. 0. 0.020000000000000004 0. 0. 0.020000000000000004 0.015 0.020000000000000004 0.020000000000000004 0. 0. 0. 0. 0.020000000000000004 0.020000000000000004 0.23332999999999998 0.19 5.464973581855671 
0.7166699999999999 0.26110666666666665 0. 0. 0. 0. 0. 0. 0. 0. 0. 0. 0. 0. 0. 0. 0. 0. 0. 0. 0.7166699999999999 0.26110666666666665 4.532513545802374 
0.8500033333333333 0.26110666666666665 0. 0. 0. 0. 0. 0. 0. 0. 0. 0. 0. 0. 0. 0. 0. 0. 0. 0. 0.8500033333333333 0.26110666666666665 3.885027590290854 
0.6511100000000001 0.6133266666666667 6.666700000032555E-7 0. 0. 0. 0. 0.006666700000000005 0. 0. 0. 0. 0. 0. 0. 0. 0.006666666666666667 0. 0. 0. 0.6511100000000001 0.6133266666666667 5.146193197134821 
0.67111 0.6666599999999999 0.0100002 0. 0. 0. 0. 0.012333400000000001 0.010000000000000002 0. 0. 0.005000000000000001 0. 0. 0. 0. 0.04 0.010000000000000002 0.010000000000000002 0.010000000000000002 0.67111 0.6666599999999999 4.795175904612857 
0.6511100000000001 0.6133299999999999 6.666700000101944E-7 0. 0. 0. 0. 0.006666699999999998 0. 0. 0. 0. 0. 0. 0. 0. 0.006666699999999998 0. 0. 0. 0.6511100000000001 0.6133299999999999 5.146174635299129 
0.76556 0.26111 0. 0. 0. 0. 0. 0. 0. 0. 0. 0. 0. 0. 0. 0. 0. 0. 0. 0. 0.76556 0.26111 4.194381884647773 
0.6511100000000001 0.7466633333333333 6.666700000101944E-7 0. 0. 0. 0. 0.006666699999999998 0. 0. 0. 0. 0. 0. 0. 0. 0.006666699999999998 0. 0. 0. 0.6511100000000001 0.7466633333333333 4.206241291892431 
0.7844433333333334 0.7466633333333333 6.666700000101944E-7 0. 0. 0. 0. 0.006666699999999998 0. 0. 0. 0. 0. 0. 0. 0. 0.006666699999999998 0. 0. 0. 0.7844433333333334 0.7466633333333333 3.2751536644712966 
0.6844433333333333 0.6133299999999999 6.666700000032555E-7 0. 0. 0. 0. 0.006666700000000005 0. 0. 0. 0. 0. 0. 0. 0. 0.006666700000000005 0. 0. 0. 0.6844433333333333 0.6133299999999999 4.90358173504186 
0.6511100000000001 0.6466633333333333 6.666700000032555E-7 0. 0. 0. 0. 0.006666700000000005 0. 0. 0. 0. 0. 0. 0. 0. 0.006666700000000005 0. 0. 0. 0.6511100000000001 0.6466633333333333 4.938542996050002 
0.6844433333333333 0.6466633333333333 6.666700000032555E-7 0. 0. 0. 0. 0.006666700000000005 0. 0. 0. 0. 0. 0. 0. 0. 0.006666700000000005 0. 0. 0. 0.6844433333333333 0.6466633333333333 4.695950095792733 
0.70111 0.66333 0. 0. 0. 0. 0. 0. 0. 0. 0. 0. 0. 0. 0. 0. 0. 0. 0. 0. 0.70111 0.66333 4.432797687316159 
0.75556 0.27777666666666667 0. 0. 0. 0. 0. 0. 0. 0. 0. 0. 0. 0. 0. 0. 0. 0. 0. 0. 0.75556 0.27777666666666667 4.266260717157324 
0.75556 0.17777666666666667 0. 0. 0. 0. 0. 0. 0. 0. 0. 0. 0. 0. 0. 0. 0. 0. 0. 0. 0.75556 0.17777666666666667 4.328348570906088 
0.6222266666666667 0.17777666666666667 0. 0. 0. 0. 0. 0. 0. 0. 0. 0. 0. 0. 0. 0. 0. 0. 0. 0. 0.6222266666666667 0.17777666666666667 5.276252167666731 
0.24000000000000002 0.74667 0. 0. 0. 0. 0. 0. 0. 0. 0. 0. 0. 0. 0. 0. 0. 0. 0. 0. 0.24000000000000002 0.74667 4.317258837788285 
0.10666666666666667 0.74667 0. 0. 0. 0. 0. 0. 0. 0. 0. 0. 0. 0. 0. 0. 0. 0. 0. 0. 0.10666666666666667 0.74667 4.545453692772656 
0.10666666666666667 0.6133366666666666 0. 0. 0. 0. 0. 0. 0. 0. 0. 0. 0. 0. 0. 0. 0. 0. 0. 0. 0.10666666666666667 0.6133366666666666 5.485395240554563 
0.8333333333333333 0. 0. 0. 0. 0. 0. 0. 0. 0. 0. 0. 0. 0. 0. 0. 0. 0. 0. 0. 0.8333333333333333 0. 4.3333333333333535 
0.7666666666666667 0. 0. 0. 0. 0. 0. 0. 0. 0. 0. 0. 0. 0. 0. 0. 0. 0. 0. 0. 0.7666666666666667 0. 4.613086880368888 
0.8 0.033333333333333326 0. 0. 0. 0. 0. 0. 0. 0. 0. 0. 0. 0. 0. 0. 0. 0. 0. 0. 0.8 0.033333333333333326 4.395520835005209 
0.8333333333333333 0.033333333333333326 0. 0. 0. 0. 0. 0. 0. 0. 0. 0. 0. 0. 0. 0. 0. 0. 0. 0. 0.8333333333333333 0.033333333333333326 4.289699433243708 
0.7666666666666667 0.033333333333333326 0. 0. 0. 0. 0. 0. 0. 0. 0. 0. 0. 0. 0. 0. 0. 0. 0. 0. 0.7666666666666667 0.033333333333333326 4.569452980279244 
0.85 0.05 0. 0. 0. 0. 0. 0. 0. 0. 0. 0. 0. 0. 0. 0. 0. 0. 0. 0. 0.85 0.05 4.23776541456556 
0.75 0. 0. 0. 0.010000000000000002 0. 0. 0.010000000000000002 0. 0.05 0. 0.020000000000000004 0.010000000000000002 0.010000000000000002 0. 0. 0. 0. 0. 0. 0.75 0. 4.884669809793506 
0.85111 0.74667 0. 0. 0. 0. 0. 0. 0. 0. 0. 0. 0. 0. 0. 0. 0. 0. 0. 0. 0.85111 0.74667 3.0518794646645353 
0.7177766666666666 0.74667 0. 0. 0. 0. 0. 0. 0. 0. 0. 0. 0. 0. 0. 0. 0. 0. 0. 0. 0.7177766666666666 0.74667 3.691868797447014 
0.8177766666666667 0.74667 0. 0. 0. 0. 0. 0. 0. 0. 0. 0. 0. 0. 0. 0. 0. 0. 0. 0. 0.8177766666666667 0.74667 3.1154027343195425 
0.85111 0.7800033333333333 0. 0. 0. 0. 0. 0. 0. 0. 0. 0. 0. 0. 0. 0. 0. 0. 0. 0. 0.85111 0.7800033333333333 2.846160111773963 
0.85111 0.7133366666666667 0. 0. 0. 0. 0. 0. 0. 0. 0. 0. 0. 0. 0. 0. 0. 0. 0. 0. 0.85111 0.7133366666666667 3.292616413095997 
0.8177766666666667 0.7800033333333333 0. 0. 0. 0. 0. 0. 0. 0. 0. 0. 0. 0. 0. 0. 0. 0. 0. 0. 0.8177766666666667 0.7800033333333333 2.9096833814289704 
0.8177766666666667 0.7133366666666667 0. 0. 0. 0. 0. 0. 0. 0. 0. 0. 0. 0. 0. 0. 0. 0. 0. 0. 0.8177766666666667 0.7133366666666667 3.3561396827510044 
0.86111 0.79667 0. 0. 0. 0. 0. 0. 0. 0. 0. 0. 0. 0. 0. 0. 0. 0. 0. 0. 0.86111 0.79667 2.7608693120062577 
0.80111 0.79667 0. 0. 0. 0. 0. 0.010000000000000002 0. 0. 0. 0.05 0. 0. 0. 0. 0. 0. 0. 0. 0.80111 0.79667 2.9781909726542413 
0.85111 0.77667 0. 0. 0. 0. 0. 0. 0. 0. 0. 0.05000000000000001 0. 0. 0. 0. 0. 0. 0. 0. 0.85111 0.77667 2.9395024474151485 
0.6411100000000001 0.8299933333333334 0.016667000000000015 0. 0. 0. 0. 0. 0. 0. 0. 0.010000000000000009 0. 0. 0. 0. 0.006666699999999998 0. 0. 0. 0.6411100000000001 0.8299933333333334 3.9022476691494354 
0.6744433333333333 0.6966600000000001 0.016667 0. 0. 0. 0. 0. 0. 0. 0. 0.010000000000000002 0. 0. 0. 0. 0.006666666666666667 0. 0. 0. 0.6744433333333333 0.6966600000000001 4.435189046290217 
0.6411100000000001 0.7299933333333333 0.016667 0. 0. 0. 0. 0. 0. 0. 0. 0.010000000000000002 0. 0. 0. 0. 0.006666666666666667 0. 0. 0. 0.6411100000000001 0.7299933333333333 4.421550469022883 
0.6411100000000001 0.6633266666666667 0.016667 0. 0. 0. 0. 0. 0. 0. 0. 0.010000000000000002 0. 0. 0. 0. 0.006666666666666667 0. 0. 0. 0.6411100000000001 0.6633266666666667 4.919373569731972 
0.6744433333333333 0.7299933333333333 0.016667 0. 0. 0. 0. 0. 0. 0. 0. 0.010000000000000002 0. 0. 0. 0. 0.006666666666666667 0. 0. 0. 0.6744433333333333 0.7299933333333333 4.185896446515884 
0.6744433333333333 0.6633266666666667 0.016667 0. 0. 0. 0. 0. 0. 0. 0. 0.010000000000000002 0. 0. 0. 0. 0.006666700000000005 0. 0. 0. 0.6744433333333333 0.6633266666666667 4.683719597224973 
0.69111 0.74666 0. 0. 0. 0. 0. 0. 0. 0. 0. 0.01 0. 0. 0. 0. 0.04 0. 0. 0. 0.69111 0.74666 3.9683315054387225 
0.69111 0.72666 0. 0. 0. 0. 0. 0. 0. 0. 0. 0.022 0. 0. 0. 0. 0. 0. 0. 0. 0.69111 0.72666 4.068095889087052 
0.65111 0.72666 0. 0. 0. 0. 0. 0. 0. 0. 0. 0.022 0. 0. 0. 0. 0. 0. 0. 0. 0.65111 0.72666 4.361027290799461 
0.7888933333333333 0.27777666666666667 0. 0. 0. 0. 0. 0. 0. 0. 0. 0. 0. 0. 0. 0. 0. 0. 0. 0. 0.7888933333333333 0.27777666666666667 4.073735737414637 
0.7222266666666667 0.27777666666666667 0. 0. 0. 0. 0. 0. 0. 0. 0. 0. 0. 0. 0. 0. 0. 0. 0. 0. 0.7222266666666667 0.27777666666666667 4.49996618073738 
0.74556 0.26111 0. 0. 0. 0. 0. 0.010000000000000002 0. 0. 0. 0. 0. 0. 0. 0. 0. 0. 0.010000000000000002 0.010000000000000002 0.74556 0.26111 4.369331298526491 
0.70556 0.26111 0. 0. 0. 0. 0. 0. 0. 0. 0. 0. 0. 0. 0. 0. 0. 0. 0. 0. 0.70556 0.26111 4.616128238036366 
0.80556 0.26111 0. 0. 0. 0. 0. 0. 0. 0. 0. 0. 0. 0. 0. 0. 0. 0. 0. 0. 0.80556 0.26111 3.990886056246061 
0.77056 0.26111 0. 0. 0. 0. 0. 0. 0. 0. 0. 0. 0. 0. 0. 0. 0. 0. 0. 0. 0.77056 0.26111 4.164413686509209 
0.20666666666666667 0.74667 0. 0. 0. 0. 0. 0. 0. 0. 0. 0. 0. 0. 0. 0. 0. 0. 0. 0. 0.20666666666666667 0.74667 4.343361536798538 
0.24 0.7800033333333333 0. 0. 0. 0. 0. 0. 0. 0. 0. 0. 0. 0. 0. 0. 0. 0. 0. 0. 0.24 0.7800033333333333 4.111539484897713 
0.24 0.7133366666666667 0. 0. 0. 0. 0. 0. 0. 0. 0. 0. 0. 0. 0. 0. 0. 0. 0. 0. 0.24 0.7133366666666667 4.557995786219746 
0.20666666666666667 0.7800033333333333 0. 0. 0. 0. 0. 0. 0. 0. 0. 0. 0. 0. 0. 0. 0. 0. 0. 0. 0.20666666666666667 0.7800033333333333 4.137642183907966 
0.20666666666666667 0.7133366666666667 0. 0. 0. 0. 0. 0. 0. 0. 0. 0. 0. 0. 0. 0. 0. 0. 0. 0. 0.20666666666666667 0.7133366666666667 4.584098485229999 
0.25 0.79667 0. 0. 0. 0. 0. 0. 0. 0. 0. 0. 0. 0. 0. 0. 0. 0. 0. 0. 0.25 0.79667 4.026973300105363 
0.22000000000000003 0.69667 0. 0. 0.010000000000000002 0. 0. 0.010000000000000002 0. 0. 0. 0. 0.010000000000000002 0. 0. 0. 0. 0. 0. 0. 0.22000000000000003 0.69667 4.741156663020942 
0.17333666666666667 0.6799999999999999 0. 0. 0. 0. 0. 0. 0. 0. 0. 0. 0. 0. 0. 0. 0. 0. 0. 0. 0.17333666666666667 0.6799999999999999 4.888442330351195 
0.1333333333333333 0.7666733333333333 0. 0. 0. 0. 0. 0. 0. 0. 0. 0. 0. 0. 0. 0. 0. 0. 0. 0. 0.1333333333333333 0.7666733333333333 4.352905636705095 
0.7744433333333334 0.6966600000000001 0.016667000000000015 0. 0. 0. 0. 0. 0. 0. 0. 0.010000000000000009 0. 0. 0. 0. 0.006666699999999998 0. 0. 0. 0.7744433333333334 0.6966600000000001 3.7263876458762732 
0.7744433333333334 0.8299933333333334 0.016667000000000015 0. 0. 0. 0. 0. 0. 0. 0. 0.010000000000000009 0. 0. 0. 0. 0.006666699999999998 0. 0. 0. 0.7744433333333334 0.8299933333333334 2.9577921962284925 
0.6222300000000001 0.17778000000000002 0. 0. 0. 0. 0. 0. 0. 0. 0. 0. 0. 0. 0. 0. 0. 0. 0. 0. 0.6222300000000001 0.17778000000000002 5.276226267033774 
0.7555633333333334 0.17778000000000002 0. 0. 0. 0. 0. 0. 0. 0. 0. 0. 0. 0. 0. 0. 0. 0. 0. 0. 0.7555633333333334 0.17778000000000002 4.328320813805005 
0.6222300000000001 0.044446666666666676 0. 0. 0. 0. 0. 0. 0. 0. 0. 0. 0. 0. 0. 0. 0. 0. 0. 0. 0.6222300000000001 0.044446666666666676 5.568286373942858 
0.7555633333333334 0.044446666666666676 0. 0. 0. 0. 0. 0. 0. 0. 0. 0. 0. 0. 0. 0. 0. 0. 0. 0. 0.7555633333333334 0.044446666666666676 4.620380920714089 
0.6222300000000001 0.044447000000000014 0. 0. 0. 0. 0. 0. 0. 0. 0. 0. 0. 0. 0. 0. 0. 0. 0. 0. 0.6222300000000001 0.044447000000000014 5.568285777463195 
0.7555633333333334 0.044447000000000014 0. 0. 0. 0. 0. 0. 0. 0. 0. 0. 0. 0. 0. 0. 0. 0. 0. 0. 0.7555633333333334 0.044447000000000014 4.620380324234426 
0.6222300000000001 0.17778033333333332 0. 0. 0. 0. 0. 0. 0. 0. 0. 0. 0. 0. 0. 0. 0. 0. 0. 0. 0.6222300000000001 0.17778033333333332 5.276225660586953 
0.7555633333333334 0.17778033333333332 0. 0. 0. 0. 0. 0. 0. 0. 0. 0. 0. 0. 0. 0. 0. 0. 0. 0. 0.7555633333333334 0.17778033333333332 4.328320207358185 
0.82223 0.24445 0. 0. 0. 0. 0. 0. 0. 0. 0. 0. 0. 0. 0. 0. 0. 0. 0. 0. 0.82223 0.24445 3.9339347680443257 
0.13333 0. 0. 0. 0. 0. 0. 0. 0. 0. 0. 0. 0. 0. 0. 0. 0. 0. 0. 0. 0.13333 0. 5.739866927679068 
0.2666633333333333 0. 0. 0. 0. 0. 0. 0. 0. 0. 0. 0. 0. 0. 0. 0. 0. 0. 0. 0. 0.2666633333333333 0. 5.57658912965093 
0.13333 0.1333333333333333 0. 0. 0. 0. 0. 0. 0. 0. 0. 0. 0. 0. 0. 0. 0. 0. 0. 0. 0.13333 0.1333333333333333 5.479726057398907 
0.2666633333333333 0.1333333333333333 0. 0. 0. 0. 0. 0. 0. 0. 0. 0. 0. 0. 0. 0. 0. 0. 0. 0. 0.2666633333333333 0.1333333333333333 5.31644825937077 
0.18666666666666668 0.7813333333333333 0. 0. 0. 0. 0. 0. 0. 0. 0. 0. 0. 0. 0. 0. 0. 0. 0. 0. 0.18666666666666668 0.7813333333333333 4.159276094624125 
0.26666999999999996 0.8066650000000001 0. 0. 0. 0. 0. 0. 0. 0. 0. 0. 0. 0. 0. 0. 0. 0. 0. 0. 0.26666999999999996 0.8066650000000001 3.9886080727732423 
0.17333666666666667 0.8133333333333334 0. 0. 0. 0. 0. 0. 0. 0. 0. 0. 0. 0. 0. 0. 0. 0. 0. 0. 0.17333666666666667 0.8133333333333334 4.041408719722787 
0.27333666666666667 0.7133333333333333 0. 0. 0. 0. 0. 0. 0. 0. 0. 0. 0. 0. 0. 0. 0. 0. 0. 0. 0.27333666666666667 0.7133333333333333 4.5631534748469536 
0.27333666666666667 0.6466666666666667 0. 0. 0. 0. 0. 0. 0. 0. 0. 0. 0. 0. 0. 0. 0. 0. 0. 0. 0.27333666666666667 0.6466666666666667 5.0547159659492475 
0.7177800000000001 0.6466700000000001 0. 0. 0. 0. 0. 0. 0. 0. 0. 0. 0. 0. 0. 0. 0. 0. 0. 0. 0.7177800000000001 0.6466700000000001 4.424145740828824 
0.8511133333333334 0.6466700000000001 0. 0. 0. 0. 0. 0. 0. 0. 0. 0. 0. 0. 0. 0. 0. 0. 0. 0. 0.8511133333333334 0.6466700000000001 3.7841791085592265 
0.7177800000000001 0.7800033333333334 0. 0. 0. 0. 0. 0. 0. 0. 0. 0. 0. 0. 0. 0. 0. 0. 0. 0. 0.7177800000000001 0.7800033333333334 3.4861245833435843 
0.8511133333333334 0.7800033333333334 0. 0. 0. 0. 0. 0. 0. 0. 0. 0. 0. 0. 0. 0. 0. 0. 0. 0. 0.8511133333333334 0.7800033333333334 2.846157951073987 
0.6814800000000001 0.8555566666666667 0. 0. 0. 0. 0. 0. 0. 0. 0. 0. 0. 0. 0. 0. 0. 0. 0. 0. 0.6814800000000001 0.8555566666666667 3.531270152465343 
0.6814800000000001 0.7555566666666667 0. 0. 0. 0. 0. 0. 0. 0. 0. 0. 0. 0. 0. 0. 0. 0. 0. 0. 0.6814800000000001 0.7555566666666667 3.9066355289238017 
0.8148133333333334 0.7555566666666667 0. 0. 0. 0. 0. 0. 0. 0. 0. 0. 0. 0. 0. 0. 0. 0. 0. 0. 0.8148133333333334 0.7555566666666667 3.065704035885557 
0.8222233333333333 0.24444000000000002 0. 0. 0. 0. 0. 0. 0. 0. 0. 0. 0. 0. 0. 0. 0. 0.04000000000000001 0. 0. 0.8222233333333333 0.24444000000000002 3.9939554784993607 
0.68889 0.11110666666666667 0. 0. 0. 0. 0. 0. 0. 0. 0. 0. 0. 0. 0. 0. 0. 0.04000000000000001 0. 0. 0.68889 0.11110666666666667 5.020549000129107 
0.8222233333333333 0.11110666666666667 0. 0. 0. 0. 0. 0. 0. 0. 0. 0. 0. 0. 0. 0. 0. 0.04000000000000001 0. 0. 0.8222233333333333 0.11110666666666667 4.212731103223633 
0.7222233333333333 0.24444 0. 0. 0. 0. 0. 0. 0. 0. 0. 0. 0. 0. 0. 0. 0. 0.006666666666666667 0. 0. 0.7222233333333333 0.24444 4.500557169930358 
0.6555566666666667 0.24444 0. 0. 0. 0. 0. 0. 0. 0. 0. 0. 0. 0. 0. 0. 0. 0.006666666666666667 0. 0. 0.6555566666666667 0.24444 4.996859563045087 
0.68889 0.21110666666666666 0. 0. 0. 0. 0. 0. 0. 0. 0. 0. 0. 0. 0. 0. 0. 0.006666666666666667 0. 0. 0.68889 0.21110666666666666 4.773908742328524 
0.7222233333333333 0.21110666666666666 0. 0. 0. 0. 0. 0. 0. 0. 0. 0. 0. 0. 0. 0. 0. 0.006666666666666667 0. 0. 0.7222233333333333 0.21110666666666666 4.522692536854047 
0.6555566666666667 0.21110666666666666 0. 0. 0. 0. 0. 0. 0. 0. 0. 0. 0. 0. 0. 0. 0. 0.006666666666666667 0. 0. 0.6555566666666667 0.21110666666666666 5.018994929968775 
0.65889 0.19444 0. 0. 0. 0. 0.010000000000000002 0. 0.020000000000000004 0. 0.010000000000000002 0.020000000000000004 0. 0. 0. 0. 0.010000000000000002 0. 0.030000000000000006 0.030000000000000006 0.65889 0.19444 5.202102197865975 
0.10667000000000001 0.61334 0. 0. 0. 0. 0. 0. 0. 0. 0. 0. 0. 0. 0. 0. 0. 0. 0. 0. 0.10667000000000001 0.61334 5.48536868394914 
0.10667000000000001 0.7466733333333333 0. 0. 0. 0. 0. 0. 0. 0. 0. 0. 0. 0. 0. 0. 0. 0. 0. 0. 0.10667000000000001 0.7466733333333333 4.545423035220059 
0.24000333333333332 0.7466733333333333 0. 0. 0. 0. 0. 0. 0. 0. 0. 0. 0. 0. 0. 0. 0. 0. 0. 0. 0.24000333333333332 0.7466733333333333 4.317235028091438 
0.229338 0.81334 0. 0. 0. 0. 0. 0. 0. 0. 0. 0. 0. 0. 0. 0. 0. 0. 0. 0. 0.229338 0.81334 3.9678973033356013 
0.27333999999999997 0.6466700000000001 0. 0. 0. 0. 0. 0. 0. 0. 0. 0. 0. 0. 0. 0. 0. 0. 0. 0. 0.27333999999999997 0.6466700000000001 5.054695432589966 
0.14000666666666667 0.6466700000000001 0. 0. 0. 0. 0. 0. 0. 0. 0. 0. 0. 0. 0. 0. 0. 0. 0. 0. 0.14000666666666667 0.6466700000000001 5.198866855868864 
0.14000666666666667 0.7800033333333334 0. 0. 0. 0. 0. 0. 0. 0. 0. 0. 0. 0. 0. 0. 0. 0. 0. 0. 0.14000666666666667 0.7800033333333334 4.2608456983836245 
0.23333970000000004 0.84667 0. 0. 0. 0. 0. 0. 0. 0. 0. 0. 0. 0. 0. 0. 0. 0. 0. 0. 0.23333970000000004 0.84667 3.8912323593468763 
0. 0.63334 0. 0. 0. 0. 0. 0. 0. 0. 0. 0. 0. 0. 0. 0. 0. 0. 0. 0. 0. 0.63334 5.562334876504565 
0.1333333333333333 0.63334 0. 0. 0. 0. 0. 0. 0. 0. 0. 0. 0. 0. 0. 0. 0. 0. 0. 0. 0.1333333333333333 0.63334 5.302194006224404 
0. 0.7666733333333333 0. 0. 0. 0. 0. 0. 0. 0. 0. 0. 0. 0. 0. 0. 0. 0. 0. 0. 0. 0.7666733333333333 4.613046506985255 
0.7148133333333333 0.8555566666666667 0. 0. 0. 0. 0. 0. 0. 0. 0. 0. 0. 0. 0. 0. 0. 0. 0. 0. 0.7148133333333333 0.8555566666666667 3.2794265114108327 
0.6481466666666668 0.8555566666666667 0. 0. 0. 0. 0. 0. 0. 0. 0. 0. 0. 0. 0. 0. 0. 0. 0. 0. 0.6481466666666668 0.8555566666666667 3.771996159954592 
0.73148 0.8488899999999999 0. 0. 0. 0. 0. 0. 0. 0. 0. 0. 0. 0. 0. 0. 0. 0. 0. 0. 0.73148 0.8488899999999999 3.1602964952844115 
0.72648 0.8388899999999999 0. 0. 0. 0. 0. 0. 0. 0. 0. 0. 0. 0. 0. 0. 0. 0. 0. 0. 0.72648 0.8388899999999999 3.2087023012886524 
0.63148 0.8388899999999999 0. 0. 0. 0. 0. 0. 0. 0. 0. 0. 0. 0. 0. 0. 0. 0. 0. 0. 0.63148 0.8388899999999999 3.8974881550855303 
0.73148 0.8388899999999999 0. 0. 0. 0. 0. 0. 0. 0. 0. 0. 0. 0. 0. 0. 0. 0. 0. 0. 0.73148 0.8388899999999999 3.1723386988032387 
0.8844400000000001 0.6799999999999999 0. 0. 0. 0. 0. 0. 0. 0. 0. 0. 0. 0. 0. 0. 0. 0. 0. 0. 0.8844400000000001 0.6799999999999999 3.566522319088133 
0.7511066666666667 0.6799999999999999 0. 0. 0. 0. 0. 0. 0. 0. 0. 0. 0. 0. 0. 0. 0. 0. 0. 0. 0.7511066666666667 0.6799999999999999 3.947043331318312 
0.7511066666666667 0.8133333333333334 0. 0. 0. 0. 0. 0. 0. 0. 0. 0. 0. 0. 0. 0. 0. 0. 0. 0. 0.7511066666666667 0.8133333333333334 3.1000097206899038 
0.17333666666666667 0.8133300000000001 0. 0. 0. 0. 0. 0. 0. 0. 0. 0. 0. 0. 0. 0. 0. 0. 0. 0. 0.17333666666666667 0.8133300000000001 4.04142011561269 
0.30667 0.6799966666666667 0. 0. 0. 0. 0. 0. 0. 0. 0. 0. 0. 0. 0. 0. 0. 0. 0. 0. 0.30667 0.6799966666666667 4.851871854160787 
0.17333666666666667 0.6799966666666667 0. 0. 0. 0. 0. 0. 0. 0. 0. 0. 0. 0. 0. 0. 0. 0. 0. 0. 0.17333666666666667 0.6799966666666667 4.888467275778583 
0.10667 0.61333 0. 0. 0. 0. 0. 0. 0. 0. 0. 0. 0. 0. 0. 0. 0. 0. 0. 0. 0.10667 0.61333 5.485424522307175 
0.10667 0.8066650000000001 0. 0. 0. 0. 0. 0. 0. 0. 0. 0. 0. 0. 0. 0. 0. 0. 0. 0. 0.10667 0.8066650000000001 4.215279716149303 
0.22667 0.8453320000000001 0. 0. 0. 0. 0. 0. 0. 0. 0. 0. 0. 0. 0. 0. 0. 0. 0. 0. 0.22667 0.8453320000000001 3.8966853981145158 
0.18667 0.7679980000000001 0. 0. 0. 0. 0. 0. 0. 0. 0. 0. 0. 0. 0. 0. 0. 0. 0.020000000000000004 0. 0.18667 0.7679980000000001 4.2650308996677175 
0.18667 0.8066650000000001 0. 0. 0. 0. 0. 0. 0. 0. 0. 0. 0. 0. 0. 0. 0. 0. 0. 0. 0.18667 0.8066650000000001 4.041983512736789 
0.10667 0.6906640000000001 0. 0. 0. 0. 0. 0. 0. 0. 0. 0. 0. 0. 0. 0. 0. 0. 0. 0. 0.10667 0.6906640000000001 4.957720796401518 
0.22666999999999995 0.8066650000000001 0. 0. 0. 0. 0. 0. 0. 0. 0. 0. 0. 0. 0. 0. 0. 0. 0. 0. 0.22666999999999995 0.8066650000000001 3.9939659852360134 
